351.00  0.00
330.00  0.00
292.00  0.00
273.00  0.00
267.00  0.00
288.00  0.00
330.00  0.00
330.00  0.00
292.00  0.00
271.00  0.00
267.00  0.00
288.00  0.00
330.00  0.00
329.00  0.00
292.00  0.00
272.00  0.00
268.00  0.00
289.00  0.00
330.00  0.00
330.00  0.00
294.00  0.00
266.00  0.00
305.00  0.00
310.00  0.00
266.00  0.00
305.00  0.00
310.00  0.00
268.00  0.00
306.00  0.00
310.00  0.00
266.00  0.00
302.00  0.00
307.00  0.00
266.00  0.00
291.00  0.00
332.00  0.00
330.00  0.00
297.00  0.00
300.00  0.00
332.00  0.00
329.00  0.00
292.00  0.00
272.00  0.00
268.00  0.00
289.00  0.00
330.00  0.00
329.00  0.00
294.00  0.00
266.00  0.00
289.00  0.00
332.00  0.00
332.00  0.00
296.00  0.00
298.00  0.00
319.00  0.00
298.00  0.00
298.00  0.00
317.00  0.00
297.00  0.00
300.00  0.00
319.00  0.00
300.00  0.00
302.00  0.00
319.00  0.00
297.00  0.00
300.00  0.00
319.00  0.00
296.00  0.00
298.00  0.00
319.00  0.00
297.00  0.00
298.00  0.00
330.00  0.00
329.00  0.00
292.00  0.00
264.00  0.00
289.00  0.00
330.00  0.00
330.00  0.00
292.00  0.00
271.00  0.00
268.00  0.00
289.00  0.00
330.00  0.00
327.00  0.00
290.00  0.00
272.00  0.00
267.00  0.00
287.00  0.00
329.00  0.00
327.00  0.00
290.00  0.00
269.00  0.00
265.00  0.00
285.00  0.00
325.00  0.00
325.00  0.00
288.00  0.00
268.00  0.00
263.00  0.00
285.00  0.00
327.00  0.00
325.00  0.00
290.00  0.00
269.00  0.00
265.00  0.00
287.00  0.00
327.00  0.00
325.00  0.00
288.00  0.00
268.00  0.00
263.00  0.00
286.00  0.00
327.00  0.00
327.00  0.00
292.00  0.00
271.00  0.00
268.00  0.00
289.00  0.00
330.00  0.00