150.00  0.00
141.00  0.00
131.00  0.00
131.00  0.00
141.00  0.00
160.00  0.00
160.00  0.00
140.00  0.00
128.00  0.00
128.00  0.00
139.00  0.00
157.00  0.00
156.00  0.00
136.00  0.00
126.00  0.00
126.00  0.00
138.00  0.00
156.00  0.00
155.00  0.00
136.00  0.00
127.00  0.00
127.00  0.00
138.00  0.00
156.00  0.00
155.00  0.00
136.00  0.00
126.00  0.00
127.00  0.00
138.00  0.00
155.00  0.00
153.00  0.00
135.00  0.00
125.00  0.00
125.00  0.00
135.00  0.00
151.00  0.00
152.00  0.00
136.00  0.00
125.00  0.00
125.00  0.00
135.00  0.00
155.00  0.00
155.00  0.00
136.00  0.00
125.00  0.00
125.00  0.00
136.00  0.00
155.00  0.00
155.00  0.00
135.00  0.00
126.00  0.00
127.00  0.00
137.00  0.00
156.00  0.00
155.00  0.00
136.00  0.00
126.00  0.00
125.00  0.00
136.00  0.00
156.00  0.00
155.00  0.00
137.00  0.00
127.00  0.00
127.00  0.00
139.00  0.00
157.00  0.00
156.00  0.00
138.00  0.00
128.00  0.00
127.00  0.00
138.00  0.00
157.00  0.00
157.00  0.00
138.00  0.00
127.00  0.00
125.00  0.00
136.00  0.00
155.00  0.00
167.00  0.00
147.00  0.00
124.00  0.00
124.00  0.00
134.00  0.00
153.00  0.00
152.00  0.00
133.00  0.00
124.00  0.00
134.00  0.00
152.00  0.00
152.00  0.00
134.00  0.00
125.00  0.00
125.00  0.00
135.00  0.00
154.00  0.00
154.00  0.00
135.00  0.00
125.00  0.00
125.00  0.00
136.00  0.00
155.00  0.00
155.00  0.00
136.00  0.00
126.00  0.00
126.00  0.00
137.00  0.00
156.00  0.00
156.00  0.00
137.00  0.00
127.00  0.00
126.00  0.00
137.00  0.00
154.00  0.00
153.00  0.00
136.00  0.00
126.00  0.00
126.00  0.00
137.00  0.00