175.00  0.00
171.00  0.00
159.00  0.00
159.00  0.00
171.00  0.00
163.00  0.00
163.00  0.00
143.00  0.00
157.00  0.00
158.00  0.00
170.00  0.00
158.00  0.00
159.00  0.00
170.00  0.00
158.00  0.00
159.00  0.00
184.00  0.00
173.00  0.00
161.00  0.00
173.00  0.00
160.00  0.00
160.00  0.00
171.00  0.00
159.00  0.00
159.00  0.00
171.00  0.00
158.00  0.00
159.00  0.00
170.00  0.00
157.00  0.00
158.00  0.00
169.00  0.00
157.00  0.00
158.00  0.00
169.00  0.00
157.00  0.00
157.00  0.00
175.00  0.00
174.00  0.00
153.00  0.00
141.00  0.00
141.00  0.00
153.00  0.00
173.00  0.00
172.00  0.00
152.00  0.00
141.00  0.00
141.00  0.00
153.00  0.00
172.00  0.00
159.00  0.00
141.00  0.00
160.00  0.00
187.00  0.00
167.00  0.00
141.00  0.00
159.00  0.00
159.00  0.00
140.00  0.00
154.00  0.00
175.00  0.00
175.00  0.00
156.00  0.00
158.00  0.00
169.00  0.00
157.00  0.00
159.00  0.00
171.00  0.00
159.00  0.00
159.00  0.00
170.00  0.00
158.00  0.00
159.00  0.00
170.00  0.00
157.00  0.00
158.00  0.00
170.00  0.00
158.00  0.00
157.00  0.00
173.00  0.00
159.00  0.00
141.00  0.00
160.00  0.00
174.00  0.00
156.00  0.00
158.00  0.00
170.00  0.00
157.00  0.00
159.00  0.00
184.00  0.00
172.00  0.00
159.00  0.00
170.00  0.00
159.00  0.00
160.00  0.00
172.00  0.00
160.00  0.00
160.00  0.00
172.00  0.00
159.00  0.00
160.00  0.00
172.00  0.00
166.00  0.00
166.00  0.00
145.00  0.00
168.00  0.00
168.00  0.00
146.00  0.00
169.00  0.00
169.00  0.00
146.00  0.00
170.00  0.00
170.00  0.00
147.00  0.00