211.00  0.00
195.00  0.00
194.00  0.00
193.00  0.00
194.00  0.00
195.00  0.00
195.00  0.00
195.00  0.00
194.00  0.00
193.00  0.00
194.00  0.00
194.00  0.00
193.00  0.00
193.00  0.00
192.00  0.00
192.00  0.00
192.00  0.00
192.00  0.00
193.00  0.00
193.00  0.00
193.00  0.00
193.00  0.00
193.00  0.00
193.00  0.00
192.00  0.00
192.00  0.00
193.00  0.00
194.00  0.00
195.00  0.00
195.00  0.00
195.00  0.00
196.00  0.00
196.00  0.00
196.00  0.00
196.00  0.00
196.00  0.00
197.00  0.00
197.00  0.00
196.00  0.00
195.00  0.15
195.00  0.00
194.00  0.00
194.00  0.00
194.00  0.00
193.00  0.00
193.00  0.00
193.00  0.00
193.00  0.00
192.00  0.00
192.00  0.00
209.00  0.00
209.00  0.00
191.00  0.00
191.00  0.00
192.00  0.00
192.00  0.00
192.00  0.00
192.00  0.00
192.00  0.00
192.00  0.00
193.00  0.00
193.00  0.00
193.00  0.00
193.00  0.00
194.00  0.00
194.00  0.00
193.00  0.00
193.00  0.00
193.00  0.00
193.00  0.00
192.00  0.00
192.00  0.00
192.00  0.00
192.00  0.00
193.00  0.00
193.00  0.00
193.00  0.00
194.00  0.00
194.00  0.00
193.00  0.00
193.00  0.00
193.00  0.00
193.00  0.00
194.00  0.00
195.00  0.00
195.00  0.00
195.00  0.00
196.00  0.00
196.00  0.00
196.00  0.00
197.00  0.00
198.00  0.00
199.00  0.00
199.00  0.00
198.00  0.00
198.00  0.00
199.00  0.00
199.00  0.00
198.00  0.00
198.00  0.00
198.00  0.00
198.00  0.00
198.00  0.00
197.00  0.00
197.00  0.00
197.00  0.00
212.00  0.00
212.00  0.00
197.00  0.00
197.00  0.00
196.00  0.00
196.00  0.00
196.00  0.00
196.00  0.00
197.00  0.00
198.00  0.00
198.00  0.00
197.00  0.00
197.00  0.00
197.00  0.00