317.00  0.00
337.00  0.00
334.00  0.00
337.00  0.00
337.00  0.00
334.00  0.00
336.00  0.00
336.00  0.00
336.00  0.00
336.00  0.00
336.00  0.00
336.00  0.00
336.00  0.00
337.00  0.00
337.00  0.00
336.00  0.00
336.00  0.00
340.00  0.00
340.00  0.00
340.00  0.00
340.00  0.00
340.00  0.00
340.00  0.00
340.00  0.00
340.00  0.00
340.00  0.00
340.00  0.00
339.00  0.00
339.00  0.00
339.00  0.00
339.00  0.00
339.00  0.00
341.00  0.00
341.00  0.00
341.00  0.00
342.00  0.00
340.00  0.00
336.00  0.00
336.00  0.00
336.00  0.00
336.00  0.00
337.00  0.00
337.00  0.00
337.00  0.00
337.00  0.00
340.00  0.00
340.00  0.00
337.00  0.00
337.00  0.00
337.00  0.00
334.00  0.00
334.00  0.00
337.00  0.00
336.00  0.00
336.00  0.00
336.00  0.00
336.00  0.00
340.00  0.03
340.00  0.00
336.00  0.00
334.00  0.00
337.00  0.00
337.00  0.00
334.00  0.00
337.00  0.00
340.00  0.00
337.00  0.00
334.00  0.00
334.00  0.00
334.00  0.00
334.00  0.00
331.00  0.00
331.00  0.00
331.00  0.00
331.00  0.00
331.00  0.00
331.00  0.00
331.00  0.00
330.00  0.00
334.00  0.00
334.00  0.00
334.00  0.00
334.00  0.00
334.00  0.00
334.00  0.00
334.00  0.00
332.00  0.00
329.00  0.00
331.00  0.00
334.00  0.00
334.00  0.00
331.00  0.00
331.00  0.00
334.00  0.00
334.00  0.00
331.00  0.00
331.00  0.00
334.00  0.00
336.00  0.00
340.00  0.00
337.00  0.00
334.00  0.00
334.00  0.00
331.00  0.00
333.00  0.00
336.00  0.00
334.00  0.00
334.00  0.00
334.00  0.00
334.00  0.00
334.00  0.00
334.00  0.00
334.00  0.00
331.00  0.00
331.00  0.00
334.00  0.00
334.00  0.00
334.00  0.00
334.00  0.00
331.00  0.00