219.00  0.00
201.00  0.00
227.00  0.00
226.00  0.00
202.00  0.00
233.00  0.00
230.00  0.00
201.00  0.00
232.00  0.00
230.00  0.00
201.00  0.00
233.00  0.00
231.00  0.00
200.00  0.00
232.00  0.00
230.00  0.00
199.00  0.00
229.00  0.00
229.00  0.00
200.00  0.00
231.00  0.00
230.00  0.00
201.00  0.00
232.00  0.00
231.00  0.00
202.00  0.00
234.00  0.03
254.00  0.00
222.00  0.00
206.00  0.00
208.00  0.00
224.00  0.00
244.00  0.00
227.00  0.00
225.00  0.00
242.00  0.00
225.00  0.00
223.00  0.00
240.00  0.00
223.00  0.00
223.00  0.00
240.00  0.00
222.00  0.00
221.00  0.00
239.00  0.00
224.00  0.00
224.00  0.00
242.00  0.00
226.00  0.00
224.00  0.00
243.00  0.00
227.00  0.00
224.00  0.00
243.00  0.00
227.00  0.00
224.00  0.00
242.00  0.00
226.00  0.00
225.00  0.00
252.00  0.00
232.00  0.00
201.00  0.00
232.00  0.00
230.00  0.00
201.00  0.00
233.00  0.00
252.00  0.00
224.00  0.00
222.00  0.00
239.00  0.00
224.00  0.00
224.00  0.00
239.00  0.00
221.00  0.00
221.00  0.00
239.00  0.00
223.00  0.00
222.00  0.00
239.00  0.00
223.00  0.00
241.00  0.00
259.00  0.00
226.00  0.00
225.00  0.00
242.00  0.00
225.00  0.00
222.00  0.00
239.00  0.00
224.00  0.00
222.00  0.00
239.00  0.00
223.00  0.00
222.00  0.00
239.00  0.00
223.00  0.00
222.00  0.00
238.00  0.00
221.00  0.00
221.00  0.00
239.00  0.00
223.00  0.00
223.00  0.00
240.00  0.00
223.00  0.00
223.00  0.00
240.00  0.00
224.00  0.00
222.00  0.00
239.00  0.00
223.00  0.00
222.00  0.00
239.00  0.00
223.00  0.00
223.00  0.00
242.00  0.00
226.00  0.00
225.00  0.00
251.00  0.00
252.00  0.00
226.00  0.00