290.00  0.00
237.00  0.00
236.00  0.00
234.00  0.00
234.00  0.00
234.00  0.00
236.00  0.00
236.00  0.00
234.00  0.00
234.00  0.00
233.00  0.00
233.00  0.00
234.00  0.00
234.00  0.00
236.00  0.00
236.00  0.00
234.00  0.00
235.00  0.00
234.00  0.00
233.00  0.00
234.00  0.00
234.00  0.00
236.00  0.00
236.00  0.00
234.00  0.00
234.00  0.00
234.00  0.00
234.00  0.00
234.00  0.00
236.00  0.00
237.00  0.00
237.00  0.00
236.00  0.00
236.00  0.00
237.00  0.00
236.00  0.00
234.00  0.30
234.00  0.00
234.00  0.00
234.00  0.00
234.00  0.00
236.00  0.00
237.00  0.00
236.00  0.00
236.00  0.00
237.00  0.00
237.00  0.00
236.00  0.00
236.00  0.00
239.00  0.00
239.00  0.00
237.00  0.00
237.00  0.00
237.00  0.00
237.00  0.00
237.00  0.00
237.00  0.00
237.00  0.00
239.00  0.00
240.00  0.00
239.00  0.00
239.00  0.00
240.00  0.00
240.00  0.00
240.00  0.00
240.00  0.00
240.00  0.00
240.00  0.00
240.00  0.01
240.00  0.00
240.00  0.00
240.00  0.00
239.00  0.00
239.00  0.00
240.00  0.00
241.00  0.18
241.00  0.00
240.00  0.00
240.00  0.00
240.00  0.00
240.00  0.00
240.00  0.00
240.00  0.00
239.00  0.00
239.00  0.00
240.00  0.00
239.00  0.00
237.00  0.00
237.00  0.00
238.00  0.00
238.00  0.00
236.00  0.00
236.00  0.00
237.00  0.01
237.00  0.00
237.00  0.00
237.00  0.00
237.00  0.00
238.00  0.00
239.00  0.00
238.00  0.00
237.00  0.00
237.00  0.00
237.00  0.00
237.00  0.00
237.00  0.00
237.00  0.00
237.00  0.00
237.00  0.00
237.00  0.00
237.00  0.00
237.00  0.00
237.00  0.00
236.00  0.00
234.00  0.00
236.00  0.00
237.00  0.00
237.00  0.00
236.00  0.00
236.00  0.00