174.00  0.00
356.00  0.00
351.00  0.00
312.00  0.00
356.00  0.00
349.00  0.00
310.00  0.00
356.00  0.00
349.00  0.00
310.00  0.00
352.00  0.00
348.00  0.00
312.00  0.00
356.00  0.00
361.00  0.00
361.00  0.00
358.00  0.00
358.00  0.00
358.00  0.00
355.00  0.00
355.00  0.00
354.00  0.00
354.00  0.00
355.00  0.00
355.00  0.00
358.00  0.00
359.00  0.00
358.00  0.00
349.00  0.00
310.00  0.00
359.00  0.00
353.00  0.00
310.00  0.00
359.00  0.00
355.00  0.00
310.00  0.00
354.00  0.00
350.00  0.00
310.00  0.00
357.00  0.00
352.00  0.00
312.00  0.00
359.00  0.00
353.00  0.00
310.00  0.00
359.00  0.00
353.00  0.00
310.00  0.00
360.00  0.00
353.00  0.00
310.00  0.00
356.00  0.00
349.00  0.00
310.00  0.00
359.00  0.00
353.00  0.00
310.00  0.00
359.00  0.00
355.00  0.00
312.00  0.00
356.00  0.00
351.00  0.00
312.00  0.00
356.00  0.00
351.00  0.00
314.00  0.00
362.00  0.00
355.00  0.00
314.00  0.00
362.00  0.00
355.00  0.00
314.00  0.00
362.00  0.00
356.00  0.00
315.00  0.00
366.00  0.00
359.00  0.00
314.00  0.00
362.00  0.00
355.00  0.00
314.00  0.00
362.00  0.00
355.00  0.00
314.00  0.00
362.00  0.00
355.00  0.00
314.00  0.00
358.00  0.00
351.00  0.00
312.00  0.00
360.00  0.00
355.00  0.00
312.00  0.00
349.00  0.00
344.00  0.00
314.00  0.00
362.00  0.00
355.00  0.00
312.00  0.00
360.00  0.00
355.00  0.00
312.00  0.00
360.00  0.00
355.00  0.00
312.00  0.00
359.00  0.00
355.00  0.00
312.00  0.00
356.00  0.00
352.00  0.00
314.00  0.00
358.00  0.00
349.00  0.00
310.00  0.00
359.00  0.00
355.00  0.00
312.00  0.00
356.00  0.00
351.00  0.00
314.00  0.00