123.00  0.00
105.00  0.00
118.00  0.00
119.00  0.00
105.00  0.00
96.00  0.00
95.00  0.00
102.00  0.00
115.00  0.00
116.00  0.00
102.00  0.00
94.00  0.00
94.00  0.00
109.00  0.00
121.00  0.00
114.00  0.00
101.00  0.00
93.00  0.00
93.00  0.00
101.00  0.00
113.00  0.00
113.00  0.00
102.00  0.00
94.00  0.00
94.00  0.00
102.00  0.00
116.00  0.00
116.00  0.00
102.00  0.00
94.00  0.00
94.00  0.00
101.00  0.00
115.00  0.00
115.00  0.00
102.00  0.00
94.00  0.00
93.00  0.00
99.00  0.00
112.00  0.00
112.00  0.00
99.00  0.00
92.00  0.00
92.00  0.00
100.00  0.00
113.00  0.00
113.00  0.00
99.00  0.00
91.00  0.00
91.00  0.00
98.00  0.00
112.00  0.00
112.00  0.00
99.00  0.00
92.00  0.00
92.00  0.00
100.00  0.00
114.00  0.00
115.00  0.00
101.00  0.00
93.00  0.00
93.00  0.00
100.00  0.00
112.00  0.00
112.00  0.00
99.00  0.00
91.00  0.00
91.00  0.00
99.00  0.00
113.00  0.00
112.00  0.00
98.00  0.00
91.00  0.00
91.00  0.00
99.00  0.00
111.00  0.00
112.00  0.00
100.00  0.00
93.00  0.00
93.00  0.00
101.00  0.00
116.00  0.00
116.00  0.00
102.00  0.07
94.00  0.00
94.00  0.00
101.00  0.00
113.00  0.00
114.00  0.00
101.00  0.00
94.00  0.00
94.00  0.00
102.00  0.00
116.00  0.00
116.00  0.00
102.00  0.00
95.00  0.00
95.00  0.00
112.00  0.00
126.00  0.00
118.00  0.00
104.00  0.00
95.00  0.06
95.00  0.00
103.00  0.00
118.00  0.00
118.00  0.00
104.00  0.00
96.00  0.00
95.00  0.00
102.00  0.00
116.00  0.00
116.00  0.00
102.00  0.00
95.00  0.00
95.00  0.00
101.00  0.00
111.00  0.00
112.00  0.00
101.00  0.00
92.00  0.00