       3.60           
       3.59           
       3.54           
       3.60           
       3.56           
       3.59           
       3.66           
       3.61           
       3.54           
       3.60           
       3.59           
       3.55           
       3.42           
       3.48           
       3.50           
       3.54           
       3.49           
       3.50           
       3.46           
       3.50           
       3.46           
       3.53           
       3.58           
       3.54           
       3.55           
       3.51           
       3.50           
       3.59           
       3.56           
       3.50           
       3.51           
       3.61           
       3.68           
       3.63           
       3.60           
       3.51           
       3.54           
       3.50           
       3.57           
       3.57           
       3.61           
       3.56           
       3.58           
       3.57           
       3.64           
       3.57           
       3.60           
       3.56           
       3.58           
       3.64           
       3.61           
       3.63           
       3.62           
       3.67           
       3.63           
       3.62           
       3.61           
       3.60           
       3.60           
       3.54           
       3.54           
       3.51           
       3.43           
       3.54           
       3.61           
       3.40           
       3.34           
       3.39           
       3.56           
       3.57           
       3.60           
       3.63           
       3.56           
       3.56           
       3.52           
       3.63           
       3.61           
       3.53           
       3.53           
       3.51           
       3.50           
       3.57           
       3.55           
       3.52           
       3.58           
       3.51           
       3.59           
       3.50           
       3.58           
       3.71           
       3.56           
       3.53           
       3.54           
       3.49           
       3.57           
       3.52           
       3.58           
       3.63           
       3.55           
       3.53           
       3.62           
       3.53           
       3.55           
       3.48           
       3.59           
       3.61           
       3.52           
       3.52           
       3.49           
       3.50           
       3.38           
       3.45           
       3.51           
       3.44           
       3.50           
       3.46           
       3.45           
       3.49           
       3.63           
       3.61           
       3.55           
       3.59           
       3.51           
       3.59           
       3.68           
       3.60           
       3.55           
       3.64           
       3.57           
       3.55           
       3.57           
       3.45           
       3.39           
       3.46           
       3.56           
       3.48           
       3.54           
       3.51           
       3.51           
       3.44           
       3.36           
       3.45           
       3.39           
       3.55           
       3.53           
       3.49           
       3.41           
       3.49           
       3.49           
       3.50           
       3.51           
       3.50           
       3.61           
       3.52           
       3.56           
       3.55           
       3.56           
       3.55           
       3.64           
       3.53           
       3.58           
       3.53           
       3.55           
       3.53           
       3.54           
       3.56           
       3.53           
       3.46           
       3.51           
       3.56           
       3.62           
       3.54           
       3.57           
       3.62           
       3.63           
       3.60           
       3.53           
       3.57           
       3.66           
       3.64           
       3.54           
       3.51           
       3.55           
       3.64           
       3.63           
       3.54           
       3.49           
       3.62           
       3.51           
       3.51           
       3.63           
       3.63           
       3.64           
       3.59           
       3.55           
       3.56           
       3.58           
       3.50           
       3.46           
       3.43           
       3.47           
       3.42           
       3.46           
       3.44           
       3.50           
       3.55           
       3.54           
       3.57           
       3.51           
       3.52           
       3.48           
       3.49           
       3.61           
       3.59           
       3.57           
       3.53           
       3.59           
       3.62           
       3.57           
       3.53           
       3.56           
       3.46           
       3.57           
       3.74           
       3.67           
       3.67           
       3.66           
       3.64           
       3.74           
       3.59           
       3.59           
       3.57           
       3.62           
       3.63           
       3.53           
       3.60           
       3.58           
       3.59           
       3.57           
       3.59           
       3.45           
       3.56           
       3.66           
       3.55           
       3.23           
       3.60           
       3.60           
       3.57           
       3.57           
       3.63           
       3.63           
       3.70           
       3.58           
       3.68           
       3.57           
       3.56           
       3.52           
       3.60           
       3.51           
       3.54           
       3.56           
       3.61           
       3.59           
       3.54           
       3.59           
       3.63           
       3.56           
       3.61           
       3.58           
       3.53           
       3.46           
       3.53           
       3.59           
       3.65           
       3.57           
       3.53           
       3.52           
       3.54           
       3.64           
       3.62           
       3.55           
       3.56           
       3.58           
       3.54           
       3.63           
       3.62           
       3.70           
       3.61           
       3.62           
       3.56           
       3.61           
       3.56           
       3.51           
       3.52           
       3.48           
       3.57           
       3.62           
       3.55           
       3.64           
       3.65           
       3.52           
       3.61           
       3.61           
       3.62           
       3.59           
       3.54           
       3.54           
       3.55           
       3.60           
       3.65           
       3.54           
       3.49           
       3.52           
       3.60           
       3.57           
       3.57           
       3.57           
       3.59           
       3.58           
       3.69           
       3.70           
       3.65           
       3.71           
       3.61           
       3.58           
       3.58           
       3.61           
       3.68           
       3.63           
       3.54           
       3.63           
       3.64           
       3.64           
       3.64           
       3.62           
       3.49           
       3.53           
       3.55           
       3.60           
       3.61           
       3.57           
       3.66           
       3.61           
       3.61           
       3.66           
       3.62           
       3.65           
       3.69           
       3.55           
       3.63           
       3.65           
       3.64           
       3.58           
       3.67           
       3.62           
       3.55           
       3.71           
       3.66           
       3.66           
       3.67           
       3.57           
       3.59           
       3.64           
       3.60           
       3.68           
       3.59           
       3.64           
       3.63           
       3.58           
       3.69           
       3.56           
       3.51           
       3.55           
       3.68           
       3.61           
       3.53           
       3.41           
       3.40           
       3.36           
       3.42           
       3.45           
       3.54           
       3.67           
       3.64           
       3.63           
       3.58           
       3.50           
       3.61           
       3.65           
       3.67           
       3.63           
       3.63           
       3.64           
       3.63           
       3.57           
       3.57           
       3.52           
       3.62           
       3.66           
       3.71           
       3.65           
       3.61           
       3.59           
       3.59           
       3.63           
       3.77           
       3.65           
       3.65           
       3.63           
       3.59           
       3.62           
       3.70           
       3.56           
       3.49           
       3.59           
       3.54           
       3.56           
       3.61           
       3.61           
       3.63           
       3.56           
       3.60           
       3.66           
       3.58           
       3.59           
       3.59           
       3.60           
       3.57           
       3.55           
       3.51           
       3.50           
       3.53           
       3.51           
       3.55           
       3.47           
       3.48           
       3.61           
       3.55           
       3.49           
       3.51           
       3.48           
       3.56           
       3.47           
       3.49           
       3.56           
       3.60           
       3.63           
       3.66           
       3.60           
       3.57           
       3.63           
       3.62           
       3.59           
       3.61           
       3.61           
       3.55           
       3.56           
       3.42           
       3.53           
       3.56           
       3.48           
       3.56           
       3.57           
       3.51           
       3.58           
       3.59           
       3.51           
       3.42           
       3.41           
       3.28           
       3.47           
       3.57           
       3.47           
       3.44           
       3.45           
       3.43           
       3.59           
       3.64           
       3.48           
       3.60           
       3.66           
       3.69           
       3.67           
       3.55           
       3.57           
       3.52           
       3.58           
       3.63           
       3.57           
       3.58           
       3.54           
       3.58           
       3.64           
       3.61           
       3.63           
       3.59           
       3.49           
       3.46           
       3.52           
       3.50           
       3.62           
       3.53           
       3.56           
       3.56           
       3.56           
       3.64           
       3.52           
       3.53           
       3.50           
       3.37           
       3.29           
       3.34           
       3.53           
       3.53           
       3.59           
       3.64           
       3.54           
       3.57           
       3.41           
       3.31           
       3.39           
       3.46           
       3.49           
       3.45           
       3.56           
       3.67           
       3.61           
       3.57           
       3.58           
       3.58           
       3.58           
       3.56           
       3.58           
       3.58           
       3.66           
       3.61           
       3.59           
       3.62           
       3.63           
       3.61           
       3.66           
       3.64           
       3.61           
       3.58           
       3.61           
       3.58           
       3.57           
       3.59           
       3.58           
       3.58           
       3.64           
       3.64           
       3.57           
       3.63           
       3.64           
       3.61           
       3.57           
       3.68           
       3.65           
       3.60           
       3.61           
       3.66           
       3.59           
       3.62           
       3.64           
       3.60           
       3.58           
       3.54           
       3.55           
       3.57           
       3.63           
       3.58           
       3.61           
       3.54           
       3.63           
       3.57           
       3.66           
       3.61           
       3.66           
       3.63           
       3.60           
       3.65           
       3.71           
       3.63           
       3.56           
       3.57           
       3.62           
       3.60           
       3.61           
       3.66           
       3.66           
       3.63           
       3.64           
       3.60           
       3.58           
       3.62           
       3.56           
       3.61           
       3.65           
       3.61           
       3.56           
       3.65           
       3.58           
       3.57           
       3.57           
       3.64           
       3.66           
       3.66           
       3.70           
       3.59           
       3.61           
       3.63           
       3.65           
       3.65           
       3.65           
       3.61           
       3.60           
       3.62           
       3.59           
       3.69           
       3.62           
       3.65           
       3.72           
       3.58           
       3.57           
       3.62           
       3.57           
       3.49           
       3.48           
       3.53           
       3.57           
       3.70           
       3.64           
       3.57           
       3.60           
       3.59           
       3.60           
       3.64           
       3.68           
       3.61           
       3.66           
       3.67           
       3.62           
       3.62           
       3.61           
       3.59           
       3.58           
       3.64           
       3.66           
       3.61           
       3.62           
       3.61           
       3.59           
       3.53           
       3.61           
       3.66           
       3.60           
       3.54           
       3.62           
       3.62           
       3.62           
       3.76           
       3.61           
       3.57           
       3.67           
       3.60           
       3.65           
       3.61           
       3.67           
       3.70           
       3.65           
       3.65           
       3.68           
       3.75           
       3.59           
       3.67           
       3.54           
       3.59           
       3.68           
       3.58           
       3.62           
       3.59           
       3.57           
       3.59           
       3.62           
       3.46           
       3.56           
       3.50           
       3.40           
       3.34           
       3.51           
       3.42           
       3.62           
       3.61           
       3.62           
       3.55           
       3.51           
       3.54           
       3.54           
       3.42           
       3.45           
       3.59           
       3.56           
       3.59           
       3.62           
       3.58           
       3.56           
       3.51           
       3.56           
       3.33           
       3.30           
       3.44           
       3.52           
       3.53           
       3.55           
       3.58           
       3.55           
       3.61           
       3.67           
       3.63           
       3.67           
       3.69           
       3.61           
       3.69           
       3.54           
       3.57           
       3.56           
       3.67           
       3.58           
       3.62           
       3.63           
       3.63           
       3.60           
       3.71           
       3.75           
       3.69           
       3.61           
       3.66           
       3.24           
       3.37           
       3.33           
       3.56           
       3.68           
       3.68           
       3.65           
       3.60           
       3.73           
       3.75           
       3.71           
       3.66           
       3.71           
       3.74           
       3.79           
       3.61           
       3.67           
       3.61           
       3.59           
       3.57           
       3.65           
       3.70           
       3.65           
       3.72           
       3.68           
       3.64           
       3.59           
       3.56           
       3.55           
       3.70           
       3.58           
       3.52           
       3.68           
       3.60           
       3.74           
       3.67           
       3.64           
       3.58           
       3.64           
       3.66           
       3.57           
       3.60           
       3.58           
       3.58           
       3.45           
       3.58           
       3.65           
       3.66           
       3.63           
       3.59           
       3.70           
       3.63           
       3.55           
       3.63           
       3.71           
       3.60           
       3.50           
       3.50           
       3.60           
       3.60           
       3.54           
       3.57           
       3.47           
       3.49           
       3.60           
       3.66           
       3.75           
       3.86           
       3.82           
       3.67           
       3.74           
       3.70           
       3.58           
       3.63           
       3.67           
       3.73           
       3.66           
       3.63           
       3.61           
       3.65           
       3.68           
       3.84           
       3.78           
       3.68           
       3.74           
       3.64           
       3.66           
       3.70           
       3.55           
       3.62           
       3.70           
       3.54           
       3.57           
       3.67           
       3.75           
       3.63           
       3.61           
       3.59           
       3.55           
       3.63           
       3.58           
       3.69           
       3.62           
       3.68           
       3.65           
       3.69           
       3.69           
       3.69           
       3.71           
       3.70           
       3.65           
       3.64           
       3.67           
       3.58           
       3.64           
       3.56           
       3.59           
       3.63           
       3.65           
       3.61           
       3.65           
       3.54           
       3.65           
       3.66           
       3.62           
       3.61           
       3.67           
       3.66           
       3.61           
       3.58           
       3.67           
       3.66           
       3.55           
       3.55           
       3.55           
       3.38           
       3.56           
       3.62           
       3.64           
       3.65           
       3.66           
       3.72           
       3.71           
       3.68           
       3.71           
       3.74           
       3.65           
       3.69           
       3.69           
       3.64           
       3.68           
       3.58           
       3.71           
       3.62           
       3.57           
       3.64           
       3.58           
       3.56           
       3.55           
       3.60           
       3.53           
       3.57           
       3.62           
       3.57           
       3.56           
       3.62           
       3.59           
       3.61           
       3.62           
       3.60           
       3.55           
       3.64           
       3.82           
       3.87           
       3.67           
       3.52           
       3.67           
       3.61           
       3.56           
       3.50           
       3.64           
       3.62           
       3.61           
       3.67           
       3.78           
       3.72           
       3.76           
       3.71           
       3.46           
       3.61           
       3.51           
       3.62           
       3.58           
       3.40           
       3.53           
       3.62           
       3.56           
       3.58           
       3.52           
       3.52           
       3.54           
       3.55           
       3.50           
       3.56           
       3.59           
       3.59           
       3.66           
       3.65           
       3.65           
       3.59           
       3.59           
       3.59           
       3.58           
       3.52           
       3.67           
       3.63           
       3.60           
       3.58           
       3.67           
       3.60           
       3.55           
       3.56           
       3.59           
       3.61           
       3.78           
       3.62           
       3.62           
       3.56           
       3.53           
       3.48           
       3.48           
       3.45           
       3.86           
       3.72           
       3.77           
       3.66           
       3.64           
       3.66           
       3.63           
       3.58           
       3.66           
       3.70           
       3.59           
       3.47           
       3.45           
       3.41           
       3.61           
       3.61           
       3.61           
       3.59           
       3.61           
       3.63           
       3.62           
       3.57           
       3.63           
       3.61           
       3.62           
       3.58           
       3.65           
       3.59           
       3.63           
       3.56           
       3.53           
       3.56           
       3.59           
       3.52           
       3.53           
       3.57           
       3.56           
       3.68           
       3.63           
       3.66           
       3.62           
       3.61           
       3.43           
       3.76           
       3.67           
       3.54           
       3.59           
       3.51           
       3.63           
       3.55           
       3.53           
       3.57           
       3.67           
       3.59           
       3.58           
       3.59           
       3.56           
       3.66           
       3.64           
       3.68           
       3.64           
       3.59           
       3.51           
       3.46           
       3.67           
       3.69           
       3.68           
       3.55           
       3.64           
       3.64           
       3.57           
       3.55           
       3.68           
       3.62           
       3.60           
       3.57           
       3.57           
       3.61           
       3.55           
       3.57           
       3.50           
       3.56           
       3.59           
       3.56           
       3.50           
       3.61           
       3.48           
       3.54           
       3.56           
       3.54           
       3.57           
       3.59           
       3.67           
       3.60           
       3.49           
       3.56           
       3.63           
       3.59           
       3.60           
       3.60           
       3.59           
       3.57           
       3.58           
       3.61           
       3.58           
       3.56           
       3.66           
       3.74           
       3.73           
       3.66           
       3.70           
       3.61           
       3.62           
       3.58           
       3.59           
       3.73           
       3.71           
       3.66           
       3.56           
       3.68           
       3.65           
       3.60           
       3.61           
       3.61           
       3.62           
       3.51           
       3.49           
       3.68           
       3.65           
       3.71           
       3.64           
       3.61           
       3.59           
       3.62           
       3.60           
       3.59           
       3.63           
       3.55           
       3.64           
       3.64           
       3.61           
       3.67           
       3.74           
       3.77           
       3.72           
       3.63           
       3.62           
       3.63           
       3.54           
       3.62           
       3.63           
       3.63           
       3.58           
       3.57           
       3.60           
       3.60           
       3.57           
       3.57           
       3.58           
       3.55           
       3.59           
       3.61           
       3.64           
       3.59           
       3.56           
       3.60           
       3.59           
       3.64           
       3.65           
       3.61           
       3.57           
       3.41           
       3.44           
       3.56           
       3.54           
       3.44           
       3.33           
       3.53           
       3.69           
       3.65           
       3.59           
       3.61           
       3.59           
       3.60           
       3.65           
       3.62           
       3.62           
       3.63           
       3.58           
       3.53           
       3.46           
       3.42           
       3.54           
       3.58           
       3.53           
       3.58           
       3.61           
       3.66           
       3.72           
       3.66           
       3.64           
       3.65           
       3.56           
       3.61           
       3.61           
       3.45           
       3.52           
       3.56           
       3.55           
       3.60           
       3.72           
       3.74           
       3.66           
       3.71           
       3.64           
       3.78           
       3.76           
       3.53           
       3.66           
       3.65           
       3.64           
       3.64           
       3.60           
       3.59           
       3.54           
       3.62           
       3.68           
       3.61           
       3.58           
       3.66           
       3.66           
       3.66           
       3.64           
       3.63           
       3.59           
       3.74           
       3.69           
       3.61           
       3.57           
       3.60           
       3.49           
       3.59           
       3.63           
       3.57           
       3.55           
       3.59           
       3.56           
       3.55           
       3.62           
       3.52           
       3.52           
       3.52           
       3.42           
       3.30           
       3.43           
       3.60           
       3.62           
       3.53           
       3.57           
       3.58           
       3.55           
       3.52           
       3.64           
       3.63           
       3.54           
       3.55           
       3.62           
       3.61           
       3.59           
       3.60           
       3.55           
       3.56           
       3.38           
       3.55           
       3.53           
       3.58           
       3.45           
       3.57           
       3.56           
       3.62           
       3.67           
       3.62           
       3.53           
       3.59           
       3.62           
       3.65           
       3.56           
       3.56           
       3.58           
       3.61           
       3.54           
       3.66           
       3.64           
       3.65           
       3.68           
       3.63           
       3.71           
       3.65           
       3.62           
       3.64           
       3.68           
       3.58           
       3.62           
       3.58           
       3.62           
       3.66           
       3.64           
       3.65           
       3.57           
       3.58           
       3.58           
       3.60           
       3.57           
       3.58           
       3.59           
       3.64           
       3.61           
       3.59           
       3.55           
       3.55           
       3.60           
       3.52           
       3.57           
       3.62           
       3.62           
       3.56           
       3.55           
       3.55           
       3.58           
       3.69           
       3.67           
       3.58           
       3.65           
       3.59           
       3.68           
       3.59           
       3.56           
       3.54           
       3.55           
       3.62           
       3.58           
       3.64           
       3.53           
       3.52           
       3.61           
       3.62           
       3.62           
       3.64           
       3.60           
       3.64           
       3.57           
       3.61           
       3.61           
       3.60           
       3.57           
       3.63           
       3.60           
       3.56           
       3.65           
       3.67           
       3.68           
       3.59           
       3.61           
       3.72           
       3.64           
       3.61           
       3.64           
       3.70           
       3.73           
       3.72           
       3.68           
       3.63           
       3.58           
       3.63           
       3.51           
       3.56           
       3.54           
       3.59           
       3.59           
       3.65           
       3.58           
       3.60           
       3.64           
       3.63           
       3.65           
       3.52           
       3.59           
       3.56           
       3.61           
       3.64           
       3.64           
       3.65           
       3.55           
       3.58           
       3.65           
       3.62           
       3.68           
       3.67           
       3.61           
       3.67           
       3.73           
       3.72           
       3.77           
       3.64           
       3.61           
       3.58           
       3.63           
       3.62           
       3.65           
       3.58           
       3.64           
       3.62           
       3.58           
       3.45           
       3.36           
       3.39           
       3.55           
       3.51           
       3.49           
       3.60           
       3.65           
       3.64           
       3.54           
       3.63           
       3.62           
       3.70           
       3.62           
       3.66           
       3.58           
       3.62           
       3.66           
       3.62           
       3.66           
       3.75           
       3.50           
       3.50           
       3.62           
       3.62           
       3.64           
       3.61           
       3.61           
       3.70           
       3.60           
       3.69           
       3.59           
       3.66           
       3.65           
       3.52           
       3.61           
       3.72           
       3.75           
       3.40           
       3.44           
       3.56           
       3.53           
       3.76           
       3.86           
       3.83           
       3.86           
       4.05           
       4.03           
       3.75           
       3.72           
       3.87           
       3.62           
       3.63           
       3.60           
       3.59           
       3.53           
       3.44           
       3.60           
       3.57           
       3.58           
       3.56           
       3.60           
       3.63           
       3.58           
       3.55           
       3.62           
       3.58           
       3.62           
       3.57           
       3.61           
       3.63           
       3.59           
       3.67           
       3.61           
       3.68           
       3.71           
       3.64           
       3.65           
       3.66           
       3.58           
       3.66           
       3.71           
       3.64           
       3.56           
       3.62           
       3.66           
       3.66           
       3.73           
       3.69           
       3.71           
       3.64           
       3.50           
       3.62           
       3.63           
       3.63           
       3.71           
       3.66           
       3.77           
       3.77           
       3.81           
       3.75           
       3.77           
       3.79           
       3.80           
       4.00           
       3.91           
       3.45           
       3.32           
       3.59           
       3.46           
       3.67           
       3.65           
       3.56           
       3.62           
       3.44           
       3.68           
       3.49           
       3.58           
       3.65           
       3.63           
       3.61           
       3.64           
       3.66           
       3.75           
       3.59           
       3.56           
       3.60           
       3.66           
       3.50           
       3.45           
       3.58           
       3.65           
       3.50           
       3.59           
       3.60           
       3.66           
       3.64           
       3.61           
       3.63           
       3.63           
       3.58           
       3.68           
       3.71           
       3.63           
       3.69           
       3.75           
       3.72           
       3.62           
       3.62           
       3.43           
       3.54           
       3.63           
       3.58           
       3.55           
       3.57           
       3.62           
       3.59           
       3.63           
       3.59           
       3.58           
       3.58           
       3.67           
       3.54           
       3.57           
       3.58           
       3.64           
       3.57           
       3.64           
       3.59           
       3.65           
       3.66           
       3.67           
       3.60           
       3.62           
       3.61           
       3.64           
       3.64           
       3.66           
       3.61           
       3.41           
       3.44           
       3.74           
       3.64           
       3.64           
       3.68           
       3.59           
       3.63           
       3.62           
       3.62           
       3.65           
       3.62           
       3.59           
       3.66           
       3.50           
       3.61           
       3.67           
       3.67           
       3.64           
       3.57           
       3.62           
       3.67           
       3.69           
       3.65           
       3.65           
       3.63           
       3.64           
       3.56           
       3.62           
       3.65           
       3.67           
       3.61           
       3.68           
       3.69           
       3.73           
       3.68           
       3.61           
       3.67           
       3.68           
       3.69           
       3.73           
       3.69           
       3.77           
       3.76           
       3.81           
       3.68           
       3.64           
       3.60           
       3.57           
       3.60           
       3.54           
       3.57           
       3.70           
       3.77           
       3.67           
       3.78           
       3.80           
       3.66           
       3.65           
       3.78           
       3.74           
       3.78           
       3.90           
       3.81           
       3.84           
       3.58           
       3.70           
       3.64           
       3.65           
       3.65           
       3.50           
       3.48           
       3.61           
       3.57           
       3.59           
       3.61           
       3.59           
       3.58           
       3.52           
       3.59           
       3.62           
       3.65           
       3.61           
       3.58           
       3.53           
       3.47           
       3.52           
       3.57           
       3.59           
       3.56           
       3.57           
       3.58           
       3.64           
       3.64           
       3.61           
       3.61           
       3.57           
       3.56           
       3.54           
       3.55           
       3.58           
       3.56           
       3.62           
       3.61           
       3.49           
       3.53           
       3.66           
       3.55           
       3.55           
       3.60           
       3.55           
       3.60           
       3.61           
       3.55           
       3.55           
       3.65           
       3.65           
       3.60           
       3.59           
       3.50           
       3.60           
       3.64           
       3.59           
       3.56           
       3.60           
       3.57           
       3.61           
       3.64           
       3.60           
       3.58           
       3.45           
       3.45           
       3.44           
       3.46           
       3.38           
       3.58           
       3.58           
       3.56           
       3.51           
       3.59           
       3.61           
       3.61           
       3.59           
       3.61           
       3.60           
       3.50           
       3.52           
       3.56           
       3.52           
       3.45           
       3.44           
       3.50           
       3.61           
       3.60           
       3.61           
       3.62           
       3.57           
       3.60           
       3.59           
       3.65           
       3.55           
       3.51           
       3.57           
       3.58           
       3.55           
       3.60           
       3.50           
       3.51           
       3.68           
       3.66           
       3.69           
       3.57           
       3.68           
       3.66           
       3.60           
       3.60           
       3.61           
       3.58           
       3.51           
       3.60           
       3.60           
       3.66           
       3.66           
       3.65           
       3.60           
       3.60           
       3.61           
       3.62           
       3.62           
       3.69           
       3.54           
       3.54           
       3.59           
       3.55           
       3.59           
       3.43           
       3.54           
       3.53           
       3.57           
       3.59           
       3.67           
       3.65           
       3.70           
       3.67           
       3.58           
       3.54           
       3.61           
       3.60           
       3.59           
       3.59           
       3.53           
       3.56           
       3.60           
       3.62           
       3.53           
       3.54           
       3.62           
       3.70           
       3.65           
       3.65           
       3.65           
       3.57           
       3.70           
       3.71           
       3.68           
       3.63           
       3.62           
       3.60           
       3.57           
       3.55           
       3.65           
       3.49           
       3.61           
       3.66           
       3.65           
       3.61           
       3.67           
       3.59           
       3.58           
       3.66           
       3.65           
       3.78           
       3.68           
       3.68           
       3.63           
       3.56           
       3.51           
       3.63           
       3.68           
       3.69           
       3.76           
       3.82           
       3.75           
       3.77           
       3.68           
       3.56           
       3.62           
       3.69           
       3.59           
       3.72           
       3.71           
       3.78           
       3.67           
       3.68           
       3.68           
       3.74           
       3.79           
       3.68           
       3.73           
       3.78           
       3.63           
