365.00  0.00
352.00  0.00
349.00  0.00
353.00  0.00
355.00  0.00
358.00  0.00
358.00  0.00
349.00  0.00
349.00  0.00
352.00  0.00
352.00  0.00
358.00  0.00
361.00  0.00
355.00  0.00
352.00  0.00
355.00  0.00
355.00  0.00
358.00  0.00
358.00  0.00
352.00  0.00
352.00  0.00
355.00  0.00
355.00  0.00
358.00  0.00
358.00  0.00
349.00  0.00
349.00  0.00
352.00  0.00
355.00  0.00
361.00  0.00
358.00  0.00
352.00  0.00
352.00  0.00
355.00  0.00
358.00  0.00
358.00  0.00
355.00  0.00
352.00  0.00
352.00  0.00
355.00  0.00
355.00  0.00
359.00  0.00
362.00  0.00
355.00  0.00
352.00  0.00
355.00  0.00
358.00  0.00
364.00  0.00
361.00  0.00
352.00  0.00
352.00  0.00
355.00  0.00
358.00  0.00
364.00  0.00
362.00  0.00
353.00  0.00
352.00  0.00
355.00  0.00
358.00  0.00
364.00  0.00
361.00  0.00
349.00  0.00
349.00  0.00
352.00  0.00
352.00  0.00
358.00  0.00
355.00  0.00
346.00  0.00
349.00  0.00
352.00  0.00
352.00  0.00
355.00  0.00
352.00  0.00
346.00  0.00
346.00  0.00
349.00  0.00
352.00  0.00
355.00  0.00
352.00  0.00
346.00  0.00
346.00  0.00
349.00  0.00
349.00  0.00
352.00  0.00
355.00  0.04
347.00  0.00
341.00  0.00
346.00  0.00
349.00  0.00
352.00  0.00
355.00  0.00
349.00  0.00
343.00  0.00
343.00  0.00
346.00  0.00
352.00  0.00
352.00  0.00
346.00  0.00
346.00  0.00
349.00  0.00
352.00  0.00
358.00  0.00
355.00  0.00
346.00  0.00
346.00  0.00
346.00  0.00
349.00  0.00
355.00  0.00
352.00  0.00
346.00  0.00
346.00  0.00
346.00  0.00
349.00  0.00
358.00  0.00
358.00  0.00
349.00  0.00
349.00  0.00
352.00  0.00
352.00  0.00
358.00  0.00