216.00  0.00
194.00  0.00
191.00  0.00
190.00  0.00
194.00  0.00
191.00  0.00
190.00  0.00
193.00  0.00
191.00  0.00
190.00  0.00
194.00  0.00
192.00  0.00
191.00  0.00
195.00  0.00
192.00  0.00
191.00  0.00
195.00  0.00
191.00  0.00
190.00  0.00
193.00  0.00
191.00  0.00
191.00  0.00
195.00  0.00
192.00  0.00
191.00  0.00
195.00  0.00
192.00  0.00
191.00  0.00
196.00  0.00
194.00  0.00
193.00  0.00
195.00  0.00
192.00  0.00
191.00  0.00
195.00  0.00
192.00  0.00
191.00  0.00
195.00  0.00
193.00  0.00
193.00  0.00
195.00  0.00
191.00  0.00
191.00  0.00
195.00  0.00
194.00  0.00
193.00  0.00
195.00  0.00
192.00  0.00
191.00  0.00
195.00  0.00
193.00  0.00
192.00  0.00
195.00  0.00
194.00  0.00
194.00  0.00
196.00  0.00
193.00  0.00
192.00  0.00
195.00  0.00
192.00  0.00
191.00  0.00
195.00  0.00
192.00  0.00
191.00  0.00
195.00  0.00
192.00  0.00
191.00  0.00
196.00  0.00
193.00  0.00
191.00  0.00
195.00  0.00
192.00  0.00
192.00  0.00
195.00  0.00
193.00  0.00
192.00  0.00
195.00  0.00
193.00  0.00
193.00  0.00
195.00  0.13
192.00  0.00
191.00  0.00
194.00  0.00
191.00  0.00
191.00  0.00
194.00  0.00
191.00  0.00
190.00  0.00
194.00  0.00
191.00  0.00
190.00  0.00
194.00  0.00
191.00  0.00
191.00  0.00
193.00  0.00
190.00  0.00
190.00  0.00
193.00  0.00
190.00  0.00
190.00  0.00
192.00  0.00
190.00  0.00
190.00  0.00
192.00  0.00
190.00  0.00
190.00  0.00
193.00  0.00
191.00  0.00
190.00  0.00
194.00  0.00
191.00  0.00
190.00  0.00
194.00  0.00
192.00  0.00
192.00  0.00
196.00  0.00
194.00  0.00
192.00  0.00
195.00  0.00
193.00  0.00