385.00  0.00
377.00  0.00
377.00  0.00
377.00  0.00
377.00  0.00
377.00  0.00
377.00  0.00
374.00  0.00
377.00  0.00
377.00  0.00
378.00  0.00
378.00  0.00
377.00  0.00
380.00  0.00
377.00  0.00
374.00  0.00
374.00  0.00
374.00  0.00
374.00  0.00
374.00  0.00
374.00  0.00
374.00  0.00
374.00  0.00
374.00  0.00
374.00  0.00
377.00  0.00
377.00  0.00
377.00  0.00
380.00  0.00
377.00  0.00
374.00  0.00
374.00  0.00
374.00  0.00
374.00  0.00
374.00  0.00
377.00  0.00
377.00  0.00
377.00  0.00
377.00  0.00
374.00  0.04
375.00  0.00
375.00  0.00
375.00  0.00
374.00  0.00
374.00  0.00
374.00  0.00
374.00  0.00
374.00  0.00
374.00  0.00
374.00  0.00
374.00  0.00
374.00  0.00
374.00  0.00
374.00  0.00
374.00  0.00
374.00  0.00
374.00  0.00
374.00  0.00
371.00  0.00
371.00  0.00
374.00  0.00
374.00  0.00
374.00  0.00
374.00  0.00
371.00  0.00
371.00  0.00
374.00  0.00
371.00  0.00
371.00  0.00
371.00  0.00
371.00  0.00
374.00  0.00
374.00  0.00
374.00  0.00
374.00  0.00
374.00  0.00
374.00  0.00
374.00  0.00
377.00  0.00
377.00  0.00
377.00  0.00
377.00  0.00
374.00  0.00
374.00  0.00
374.00  0.00
374.00  0.00
374.00  0.00
374.00  0.00
374.00  0.00
374.00  0.00
377.00  0.00
377.00  0.00
374.00  0.00
374.00  0.00
374.00  0.00
374.00  0.00
374.00  0.00
374.00  0.00
374.00  0.00
374.00  0.00
374.00  0.00
374.00  0.00
374.00  0.00
377.00  0.00
377.00  0.00
374.00  0.00
374.00  0.00
374.00  0.00
377.00  0.00
377.00  0.00
378.00  0.00
378.00  0.00
377.00  0.00
380.00  0.00
377.00  0.00
377.00  0.00
377.00  0.00
374.00  0.00
374.00  0.00
374.00  0.00