250.00  0.00
238.00  0.00
238.00  0.00
238.00  0.00
237.00  0.00
236.00  0.00
238.00  0.00
238.00  0.00
237.00  0.00
235.00  0.00
235.00  0.00
237.00  0.00
238.00  0.00
238.00  0.00
239.00  0.00
239.00  0.00
238.00  0.00
237.00  0.00
237.00  0.00
238.00  0.00
238.00  0.00
238.00  0.00
238.00  0.00
239.00  0.00
239.00  0.00
238.00  0.00
238.00  0.00
238.00  0.00
238.00  0.00
238.00  0.00
239.00  0.00
239.00  0.00
238.00  0.00
239.00  0.00
239.00  0.00
238.00  0.00
238.00  0.00
238.00  0.00
237.00  0.00
237.00  0.00
237.00  0.00
237.00  0.00
238.00  0.00
238.00  0.00
238.00  0.00
238.00  0.00
239.00  0.00
239.00  0.00
238.00  0.00
238.00  0.00
238.00  0.00
238.00  0.00
238.00  0.00
238.00  0.00
238.00  0.00
238.00  0.00
238.00  0.00
239.00  0.00
240.00  0.00
240.00  0.00
240.00  0.00
239.00  0.00
238.00  0.00
238.00  0.00
238.00  0.00
238.00  0.00
238.00  0.00
239.00  0.00
240.00  0.00
240.00  0.00
240.00  0.00
240.00  0.00
239.00  0.00
238.00  0.00
238.00  0.00
238.00  0.00
238.00  0.00
238.00  0.00
238.00  0.00
239.00  0.00
239.00  0.00
238.00  0.00
239.00  0.00
239.00  0.00
238.00  0.00
239.00  0.00
239.00  0.00
238.00  0.00
238.00  0.00
238.00  0.00
239.00  0.00
239.00  0.00
238.00  0.00
238.00  0.00
238.00  0.00
238.00  0.00
238.00  0.00
238.00  0.00
238.00  0.00
238.00  0.00
238.00  0.00
238.00  0.00
238.00  0.00
237.00  0.00
238.00  0.00
240.00  0.00
239.00  0.00
238.00  0.00
239.00  0.00
240.00  0.00
239.00  0.00
239.00  0.00
239.00  0.00
238.00  0.00
239.00  0.00
239.00  0.00
238.00  0.00
238.00  0.00
238.00  0.00
238.00  0.00