289.00  0.00
276.00  0.00
280.00  0.09
278.00  0.00
272.00  0.00
270.00  0.00
270.00  0.00
272.00  0.00
276.00  0.00
278.00  0.00
274.00  0.00
270.00  0.00
270.00  0.00
274.00  0.00
278.00  0.00
276.00  0.00
272.00  0.00
272.00  0.00
272.00  0.00
274.00  0.00
280.00  0.00
280.00  0.00
274.00  0.00
270.00  0.00
270.00  0.00
272.00  0.00
276.00  0.00
276.00  0.00
272.00  0.00
270.00  0.00
270.00  0.00
272.00  0.00
278.00  0.00
280.00  0.00
274.00  0.00
270.00  0.00
270.00  0.04
274.00  0.00
278.00  0.00
278.00  0.00
274.00  0.00
270.00  0.00
270.00  0.00
272.00  0.00
276.00  0.00
276.00  0.00
270.00  0.00
267.00  0.00
267.00  0.00
270.00  0.00
276.00  0.00
278.00  0.00
274.00  0.00
269.00  0.00
269.00  0.00
272.00  0.00
276.00  0.00
278.00  0.00
274.00  0.00
270.00  0.00
269.00  0.00
270.00  0.00
276.00  0.00
276.00  0.00
272.00  0.00
270.00  0.00
270.00  0.00
272.00  0.00
276.00  0.00
278.00  0.00
274.00  0.00
269.00  0.00
269.00  0.00
274.00  0.00
280.00  0.00
280.00  0.00
274.00  0.00
270.00  0.00
270.00  0.00
272.00  0.00
276.00  0.00
278.00  0.00
274.00  0.00
270.00  0.00
269.00  0.00
269.00  0.00
274.00  0.00
276.00  0.00
272.00  0.00
268.00  0.00
267.00  0.00
269.00  0.00
272.00  0.00
272.00  0.00
267.00  0.00
263.00  0.00
263.00  0.00
267.00  0.00
272.00  0.00
272.00  0.00
269.00  0.00
265.00  0.00
263.00  0.00
265.00  0.00
271.00  0.00
274.00  0.00
270.00  0.00
267.00  0.00
267.00  0.00
270.00  0.00
276.00  0.00
276.00  0.00
270.00  0.00
269.00  0.00
269.00  0.00
269.00  0.00
274.00  0.00
274.00  0.00
270.00  0.15
269.00  0.00