45.00  0.00
43.00  0.00
43.00  0.00
44.00  0.00
43.00  0.00
42.00  0.00
42.00  0.00
43.00  0.00
44.00  0.00
44.00  0.00
44.00  0.00
44.00  0.00
43.00  0.00
43.00  0.00
44.00  0.00
44.00  0.00
44.00  0.00
44.00  0.00
43.00  0.00
44.00  0.00
43.00  0.00
42.00  0.00
42.00  0.00
43.00  0.00
44.00  0.00
45.00  0.00
44.00  0.00
43.00  0.00
43.00  0.00
44.00  0.00
44.00  0.00
44.00  0.00
45.00  0.00
45.00  0.00
44.00  0.00
43.00  0.00
43.00  0.00
44.00  0.00
44.00  0.00
43.00  0.00
43.00  0.00
44.00  0.00
45.00  0.00
45.00  0.00
44.00  0.00
44.00  0.00
44.00  0.00
44.00  0.00
44.00  0.00
43.00  0.00
43.00  0.00
44.00  0.00
43.00  0.00
43.00  0.00
43.00  0.00
42.00  0.00
42.00  0.00
43.00  0.00
45.00  0.00
44.00  0.00
44.00  0.00
45.00  0.00
45.00  0.00
45.00  0.00
44.00  0.00
44.00  0.00
43.00  0.00
43.00  0.00
43.00  0.00
43.00  0.00
44.00  0.00
44.00  0.00
43.00  0.00
43.00  0.00
44.00  0.00
44.00  0.00
44.00  0.00
44.00  0.00
44.00  0.00
43.00  0.00
43.00  0.00
43.00  0.00
44.00  0.00
44.00  0.00
44.00  0.00
43.00  0.00
43.00  0.00
43.00  0.00
44.00  0.00
43.00  0.00
44.00  0.00
44.00  0.00
44.00  0.00
43.00  0.00
43.00  0.00
44.00  0.00
46.00  0.00
45.00  0.00
44.00  0.00
44.00  0.00
44.00  0.00
43.00  0.00
42.00  0.00
43.00  0.00
44.00  0.00
45.00  0.00
45.00  0.00
44.00  0.00
45.00  0.00
45.00  0.00
44.00  0.00
44.00  0.00
45.00  0.00
44.00  0.00
43.00  0.00
44.00  0.00
44.00  0.00
44.00  0.00
44.00  0.00
43.00  0.00