316.00  0.00
306.00  0.00
306.00  0.00
306.00  0.00
306.00  0.00
304.00  0.00
302.00  0.00
302.00  0.00
302.00  0.00
302.00  0.00
302.00  0.00
302.00  0.00
302.00  0.00
302.00  0.00
302.00  0.00
302.00  0.00
301.00  0.00
301.00  0.00
302.00  0.00
297.00  0.00
301.00  0.00
297.00  0.00
300.00  0.00
302.00  0.00
302.00  0.00
302.00  0.00
302.00  0.00
300.00  0.00
302.00  0.00
304.00  0.00
302.00  0.00
302.00  0.00
304.00  0.00
304.00  0.00
302.00  0.00
304.00  0.00
306.00  0.00
306.00  0.00
306.00  0.00
306.00  0.00
304.00  0.00
302.00  0.00
304.00  0.00
306.00  0.00
306.00  0.00
306.00  0.00
304.00  0.00
304.00  0.00
304.00  0.00
304.00  0.00
304.00  0.00
302.00  0.00
304.00  0.00
306.00  0.00
304.00  0.00
302.00  0.00
304.00  0.00
304.00  0.00
302.00  0.00
302.00  0.00
304.00  0.00
304.00  0.00
302.00  0.00
302.00  0.00
302.00  0.00
302.00  0.00
302.00  0.00
300.00  0.00
302.00  0.00
304.00  0.00
302.00  0.00
302.00  0.00
302.00  0.00
304.00  0.00
304.00  0.00
302.00  0.00
304.00  0.00
306.00  0.00
306.00  0.00
304.00  0.00
302.00  0.00
302.00  0.00
304.00  0.00
304.00  0.00
302.00  0.00
302.00  0.00
304.00  0.00
304.00  0.00
302.00  0.00
302.00  0.00
304.00  0.00
304.00  0.00
304.00  0.00
304.00  0.00
302.00  0.00
304.00  0.00
306.00  0.00
306.00  0.00
306.00  0.00
308.00  0.00
308.00  0.16
308.00  0.00
308.00  0.00
306.00  0.00
306.00  0.00
306.00  0.00
304.00  0.00
304.00  0.00
306.00  0.00
306.00  0.00
306.00  0.00
306.00  0.00
306.00  0.00
308.00  0.00
310.00  0.00
308.00  0.00
306.00  0.00
306.00  0.00
306.00  0.00
306.00  0.00