344.00  0.00
325.00  0.00
325.00  0.00
327.00  0.00
327.00  0.00
330.00  0.00
330.00  0.00
327.00  0.00
327.00  0.00
327.00  0.00
325.00  0.00
325.00  0.00
327.00  0.00
327.00  0.00
330.00  0.00
332.00  0.00
329.00  0.00
330.00  0.00
332.00  0.00
330.00  0.00
330.00  0.00
330.00  0.00
327.00  0.00
330.00  0.00
330.00  0.00
325.00  0.00
322.00  0.00
322.00  0.00
322.00  0.00
325.00  0.00
325.00  0.00
322.00  0.00
325.00  0.00
327.00  0.00
325.00  0.00
325.00  0.00
325.00  0.00
322.00  0.00
322.00  0.00
322.00  0.00
322.00  0.00
325.00  0.00
327.00  0.00
325.00  0.00
322.00  0.00
320.00  0.00
320.00  0.00
325.00  0.00
327.00  0.00
325.00  0.00
325.00  0.00
327.00  0.00
325.00  0.00
325.00  0.00
325.00  0.00
322.00  0.00
322.00  0.00
322.00  0.00
322.00  0.00
325.00  0.00
325.00  0.00
322.00  0.00
325.00  0.00
327.00  0.00
327.00  0.00
327.00  0.00
327.00  0.00
325.00  0.00
325.00  0.00
327.00  0.00
327.00  0.00
327.00  0.00
330.00  0.00
330.00  0.00
330.00  0.00
330.00  0.00
330.00  0.00
335.00  0.00
335.00  0.00
330.00  0.00
332.00  0.00
335.00  0.00
330.00  0.00
333.00  0.00
333.00  0.00
327.00  0.00
330.00  0.00
332.00  0.00
330.00  0.00
330.00  0.00
332.00  0.00
330.00  0.00
330.00  0.00
332.00  0.00
330.00  0.00
330.00  0.00
330.00  0.00
327.00  0.00
330.00  0.00
332.00  0.00
330.00  0.00
333.00  0.00
333.00  0.00
330.00  0.00
332.00  0.00
330.00  0.00
328.00  0.00
330.00  0.00
332.00  0.00
330.00  0.00
330.00  0.00
330.00  0.00
327.00  0.00
330.00  0.00
332.00  0.00
330.00  0.00
330.00  0.00
332.00  0.00
332.00  0.00
332.00  0.00