220.00  0.00
407.00  0.00
411.00  0.00
407.00  0.00
411.00  0.00
415.00  0.00
411.00  0.00
415.00  0.00
415.00  0.00
410.00  0.00
411.00  0.00
407.00  0.00
407.00  0.00
411.00  0.00
410.00  0.00
406.00  0.00
407.00  0.00
403.00  0.00
399.00  0.00
411.00  0.00
414.00  0.00
407.00  0.00
407.00  0.00
403.00  0.00
403.00  0.00
410.00  0.00
407.00  0.00
399.00  0.00
403.00  0.00
403.00  0.00
403.00  0.00
410.00  0.00
407.00  0.00
403.00  0.00
406.00  0.00
403.00  0.00
399.00  0.00
407.00  0.00
407.00  0.00
403.00  0.00
399.00  0.00
392.00  0.00
396.00  0.00
403.00  0.00
403.00  0.00
399.00  0.00
399.00  0.00
399.00  0.00
399.00  0.00
403.00  0.00
403.00  0.00
399.00  0.00
399.00  0.00
396.00  0.00
395.00  0.00
403.00  0.00
403.00  0.00
399.00  0.00
399.00  0.00
399.00  0.00
399.00  0.00
403.00  0.00
402.00  0.00
399.00  0.00
399.00  0.00
399.00  0.00
403.00  0.00
407.00  0.00
403.00  0.00
399.00  0.00
399.00  0.00
399.00  0.00
399.00  0.00
403.00  0.00
399.00  0.00
395.00  0.00
399.00  0.00
399.00  0.00
399.00  0.00
407.00  0.00
406.00  0.00
399.00  0.00
399.00  0.00
399.00  0.00
399.00  0.00
403.00  0.00
403.00  0.00
399.00  0.00
399.00  0.00
396.00  0.00
392.00  0.00
399.00  0.00
402.00  0.00
399.00  0.00
396.00  0.00
396.00  0.00
399.00  0.00
403.00  0.00
399.00  0.00
395.00  0.00
395.00  0.00
395.00  0.00
399.00  0.00
403.00  0.00
403.00  0.00
396.00  0.00
395.00  0.00
398.00  0.00
399.00  0.00
403.00  0.00
403.00  0.00
399.00  0.00
399.00  0.00
399.00  0.00
399.00  0.00
403.00  0.00
403.00  0.00
399.00  0.00
396.00  0.00
392.00  0.00