	 4.42           
       4.40           
       4.41           
       4.47           
       4.49           
       4.43           
       4.39           
       4.47           
       4.47           
       4.51           
       4.52           
       4.49           
       4.44           
       4.34           
       4.38           
       4.30           
       4.33           
       4.36           
       4.42           
       4.42           
       4.35           
       4.44           
       4.44           
       4.49           
       4.51           
       4.60           
       4.63           
       4.61           
       4.56           
       4.61           
       4.54           
       4.50           
       4.48           
       4.48           
       4.47           
       4.46           
       4.54           
       4.42           
       4.45           
       4.48           
       4.44           
       4.47           
       4.45           
       4.40           
       4.42           
       4.41           
       4.37           
       4.43           
       4.33           
       4.48           
       4.38           
       4.47           
       4.36           
       4.40           
       4.47           
       4.46           
       4.37           
       4.43           
       4.35           
       4.41           
       4.48           
       4.35           
       4.40           
       4.51           
       4.49           
       4.41           
       4.44           
       4.37           
       4.40           
       4.48           
       4.41           
       4.48           
       4.46           
       4.45           
       4.39           
       4.39           
       4.44           
       4.48           
       4.42           
       4.39           
       4.45           
       4.42           
       4.53           
       4.39           
       4.38           
       4.42           
       4.35           
       4.39           
       4.34           
       4.39           
       4.44           
       4.36           
       4.33           
       4.45           
       4.51           
       4.40           
       4.36           
       4.49           
       4.44           
       4.37           
       4.52           
       4.43           
       4.55           
       4.57           
       4.58           
       4.47           
       4.43           
       4.44           
       4.38           
       4.33           
       4.22           
       4.30           
       4.29           
       4.41           
       4.34           
       4.43           
       4.50           
       4.27           
       4.29           
       4.43           
       4.41           
       4.45           
       4.40           
       4.44           
       4.43           
       4.45           
       4.40           
       4.40           
       4.45           
       4.43           
       4.46           
       4.52           
       4.48           
       4.54           
       4.45           
       4.56           
       4.51           
       4.37           
       4.47           
       4.38           
       4.36           
       4.42           
       4.38           
       4.39           
       4.44           
       4.41           
       4.39           
       4.49           
       4.40           
       4.53           
       4.44           
       4.41           
       4.47           
       4.48           
       4.43           
       4.40           
       4.47           
       4.49           
       4.46           
       4.45           
       4.45           
       4.48           
       4.46           
       4.39           
       4.38           
       4.32           
       4.38           
       4.40           
       4.48           
       4.43           
       4.42           
       4.40           
       4.47           
       4.38           
       4.32           
       4.36           
       4.35           
       4.33           
       4.43           
       4.46           
       4.41           
       4.43           
       4.37           
       4.43           
       4.33           
       4.32           
       4.40           
       4.49           
       4.54           
       4.40           
       4.50           
       4.42           
       4.42           
       4.36           
       4.35           
       4.45           
       4.47           
       4.46           
       4.46           
       4.55           
       4.44           
       4.46           
       4.47           
       4.40           
       4.46           
       4.40           
       4.41           
       4.38           
       4.44           
       4.34           
       4.51           
       4.42           
       4.40           
       4.41           
       4.47           
       4.41           
       4.47           
       4.48           
       4.51           
       4.45           
       4.51           
       4.52           
       4.52           
       4.51           
       4.67           
       4.74           
       4.58           
       4.59           
       4.46           
       4.36           
       4.44           
       4.44           
       4.41           
       4.41           
       4.49           
       4.44           
       4.44           
       4.46           
       4.45           
       4.40           
       4.37           
       4.41           
       4.53           
       4.47           
       4.40           
       4.54           
       4.53           
       4.60           
       4.52           
       4.51           
       4.55           
       4.49           
       4.48           
       4.45           
       4.46           
       4.55           
       4.53           
       4.51           
       4.63           
       4.49           
       4.54           
       4.50           
       4.53           
       4.48           
       4.52           
       4.51           
       4.47           
       4.46           
       4.46           
       4.45           
       4.39           
       4.48           
       4.36           
       4.35           
       4.37           
       4.38           
       4.46           
       4.36           
       4.46           
       4.48           
       4.53           
       4.49           
       4.41           
       4.31           
       4.42           
       4.49           
       4.43           
       4.44           
       4.52           
       4.50           
       4.46           
       4.41           
       4.37           
       4.36           
       4.42           
       4.40           
       4.50           
       4.42           
       4.50           
       4.48           
       4.48           
       4.46           
       4.40           
       4.53           
       4.52           
       4.48           
       4.56           
       4.47           
       4.54           
       4.50           
       4.50           
       4.49           
       4.51           
       4.54           
       4.51           
       4.47           
       4.48           
       4.57           
       4.53           
       4.52           
       4.40           
       4.36           
       4.39           
       4.45           
       4.41           
       4.37           
       4.41           
       4.47           
       4.42           
       4.40           
       4.40           
       4.46           
       4.42           
       4.34           
       4.38           
       4.39           
       4.34           
       4.37           
       4.40           
       4.44           
       4.38           
       4.51           
       4.41           
       4.39           
       4.40           
       4.39           
       4.46           
       4.46           
       4.40           
       4.44           
       4.45           
       4.38           
       4.50           
       4.51           
       4.54           
       4.39           
       4.45           
       4.49           
       4.42           
       4.35           
       4.40           
       4.53           
       4.50           
       4.42           
       4.45           
       4.50           
       4.41           
       4.40           
       4.37           
       4.40           
       4.41           
       4.47           
       4.42           
       4.48           
       4.48           
       4.39           
       4.51           
       4.52           
       4.41           
       4.49           
       4.43           
       4.44           
       4.48           
       4.52           
       4.53           
       4.52           
       4.47           
       4.48           
       4.55           
       4.57           
       4.62           
       4.50           
       4.63           
       4.53           
       4.52           
       4.38           
       4.43           
       4.47           
       4.47           
       4.44           
       4.41           
       4.37           
       4.45           
       4.46           
       4.48           
       4.64           
       4.41           
       4.50           
       4.48           
       4.53           
       4.62           
       4.48           
       4.42           
       4.39           
       4.36           
       4.40           
       4.38           
       4.49           
       4.48           
       4.45           
       4.45           
       4.48           
       4.56           
       4.39           
       4.47           
       4.45           
       4.50           
       4.42           
       4.44           
       4.55           
       4.35           
       4.40           
       4.50           
       4.46           
       4.47           
       4.65           
       4.59           
       4.50           
       4.46           
       4.37           
       4.46           
       4.37           
       4.49           
       4.38           
       4.36           
       4.36           
       4.37           
       4.44           
       4.48           
       4.43           
       4.46           
       4.38           
       4.45           
       4.52           
       4.57           
       4.43           
       4.57           
       4.43           
       4.53           
       4.50           
       4.47           
       4.49           
       4.42           
       4.52           
       4.53           
       4.46           
       4.50           
       4.45           
       4.51           
       4.50           
       4.44           
       4.54           
       4.46           
       4.41           
       4.44           
       4.50           
       4.56           
       4.52           
       4.46           
       4.44           
       4.45           
       4.41           
       4.46           
       4.43           
       4.49           
       4.47           
       4.36           
       4.44           
       4.39           
       4.42           
       4.47           
       4.41           
       4.46           
       4.54           
       4.47           
       4.54           
       4.46           
       4.41           
       4.41           
       4.41           
       4.42           
       4.42           
       4.49           
       4.42           
       4.45           
       4.45           
       4.45           
       4.43           
       4.43           
       4.39           
       4.41           
       4.43           
       4.38           
       4.36           
       4.30           
       4.35           
       4.31           
       4.46           
       4.41           
       4.40           
       4.48           
       4.50           
       4.44           
       4.42           
       4.56           
       4.44           
       4.43           
       4.39           
       4.49           
       4.49           
       4.48           
       4.44           
       4.41           
       4.43           
       4.48           
       4.44           
       4.41           
       4.49           
       4.55           
       4.41           
       4.46           
       4.41           
       4.56           
       4.41           
       4.48           
       4.43           
       4.40           
       4.56           
       4.51           
       4.41           
       4.52           
       4.46           
       4.53           
       4.45           
       4.48           
       4.52           
       4.39           
       4.36           
       4.45           
       4.46           
       4.50           
       4.57           
       4.47           
       4.42           
       4.37           
       4.45           
       4.60           
       4.67           
       4.51           
       4.49           
       4.48           
       4.42           
       4.41           
       4.45           
       4.47           
       4.47           
       4.50           
       4.45           
       4.53           
       4.55           
       4.47           
       4.46           
       4.41           
       4.59           
       4.52           
       4.56           
       4.45           
       4.42           
       4.46           
       4.36           
       4.47           
       4.44           
       4.37           
       4.48           
       4.41           
       4.46           
       4.48           
       4.55           
       4.51           
       4.44           
       4.57           
       4.54           
       4.55           
       4.46           
       4.46           
       4.41           
       4.46           
       4.40           
       4.59           
       4.47           
       4.51           
       4.48           
       4.37           
       4.38           
       4.37           
       4.55           
       4.46           
       4.42           
       4.48           
       4.46           
       4.42           
       4.50           
       4.53           
       4.47           
       4.46           
       4.40           
       4.46           
       4.49           
       4.51           
       4.50           
       4.55           
       4.46           
       4.39           
       4.49           
       4.34           
       4.40           
       4.49           
       4.46           
       4.47           
       4.49           
       4.40           
       4.50           
       4.51           
       4.52           
       4.44           
       4.44           
       4.48           
       4.40           
       4.46           
       4.45           
       4.44           
       4.49           
       4.52           
       4.58           
       4.44           
       4.50           
       4.53           
       4.47           
       4.58           
       4.62           
       4.63           
       4.55           
       4.50           
       4.54           
       4.62           
       4.52           
       4.43           
       4.49           
       4.47           
       4.46           
       4.59           
       4.52           
       4.46           
       4.50           
       4.50           
       4.52           
       4.42           
       4.54           
       4.46           
       4.51           
       4.41           
       4.40           
       4.41           
       4.46           
       4.39           
       4.35           
       4.33           
       4.30           
       4.26           
       4.36           
       4.31           
       4.35           
       4.34           
       4.42           
       4.51           
       4.44           
       4.38           
       4.40           
       4.46           
       4.42           
       4.45           
       4.47           
       4.43           
       4.49           
       4.49           
       4.52           
       4.50           
       4.48           
       4.48           
       4.55           
       4.49           
       4.49           
       4.46           
       4.46           
       4.52           
       4.46           
       4.50           
       4.50           
       4.49           
       4.41           
       4.49           
       4.52           
       4.51           
       4.52           
       4.58           
       4.64           
       4.67           
       4.64           
       4.61           
       4.71           
       4.55           
       4.56           
       4.47           
       4.53           
       4.59           
       4.53           
       4.51           
       4.51           
       4.42           
       4.55           
       4.46           
       4.34           
       4.47           
       4.56           
       4.50           
       4.55           
       4.50           
       4.56           
       4.46           
       4.58           
       4.49           
       4.44           
       4.48           
       4.56           
       4.54           
       4.49           
       4.48           
       4.51           
       4.51           
       4.50           
       4.47           
       4.49           
       4.52           
       4.53           
       4.41           
       4.42           
       4.50           
       4.42           
       4.32           
       4.44           
       4.51           
       4.53           
       4.49           
       4.40           
       4.49           
       4.46           
       4.50           
       4.45           
       4.48           
       4.47           
       4.60           
       4.46           
       4.39           
       4.50           
       4.52           
       4.55           
       4.50           
       4.53           
       4.48           
       4.46           
       4.53           
       4.46           
       4.49           
       4.55           
       4.50           
       4.47           
       4.50           
       4.46           
       4.54           
       4.42           
       4.51           
       4.50           
       4.46           
       4.52           
       4.51           
       4.44           
       4.50           
       4.47           
       4.53           
       4.56           
       4.45           
       4.47           
       4.51           
       4.53           
       4.44           
       4.42           
       4.47           
       4.45           
       4.44           
       4.53           
       4.51           
       4.54           
       4.51           
       4.47           
       4.50           
       4.52           
       4.52           
       4.56           
       4.59           
       4.45           
       4.57           
       4.53           
       4.53           
       4.48           
       4.54           
       4.55           
       4.50           
       4.44           
       4.47           
       4.42           
       4.40           
       4.57           
       4.56           
       4.54           
       4.47           
       4.51           
       4.43           
       4.52           
       4.53           
       4.61           
       4.55           
       4.43           
       4.50           
       4.51           
       4.56           
       4.46           
       4.58           
       4.57           
       4.60           
       4.57           
       4.67           
       4.54           
       4.50           
       4.59           
       4.48           
       4.52           
       4.54           
       4.63           
       4.54           
       4.51           
       4.50           
       4.52           
       4.47           
       4.48           
       4.52           
       4.47           
       4.48           
       4.51           
       4.51           
       4.49           
       4.53           
       4.44           
       4.45           
       4.54           
       4.47           
       4.52           
       4.55           
       4.53           
       4.46           
       4.50           
       4.50           
       4.49           
       4.48           
       4.60           
       4.57           
       4.56           
       4.63           
       4.65           
       4.62           
       4.51           
       4.60           
       4.48           
       4.47           
       4.51           
       4.53           
       4.52           
       4.48           
       4.52           
       4.52           
       4.49           
       4.50           
       4.55           
       4.50           
       4.49           
       4.50           
       4.47           
       4.63           
       4.68           
       4.62           
       4.58           
       4.57           
       4.49           
       4.53           
       4.47           
       4.50           
       4.47           
       4.55           
       4.53           
       4.50           
       4.49           
       4.52           
       4.57           
       4.44           
       4.49           
       4.47           
       4.43           
       4.48           
       4.44           
       4.52           
       4.47           
       4.40           
       4.48           
       4.40           
       4.40           
       4.41           
       4.42           
       4.41           
       4.23           
       4.41           
       4.36           
       4.46           
       4.51           
       4.58           
       4.49           
       4.50           
       4.41           
       4.39           
       4.41           
       4.45           
       4.48           
       4.49           
       4.59           
       4.54           
       4.50           
       4.51           
       4.53           
       4.42           
       4.41           
       4.50           
       4.49           
       4.56           
       4.55           
       4.68           
       4.66           
       4.65           
       4.60           
       4.44           
       4.53           
       4.53           
       4.51           
       4.44           
       4.40           
       4.43           
       4.48           
       4.45           
       4.50           
       4.53           
       4.46           
       4.54           
       4.46           
       4.50           
       4.54           
       4.48           
       4.48           
       4.50           
       4.46           
       4.48           
       4.45           
       4.41           
       4.46           
       4.49           
       4.29           
       4.42           
       4.44           
       4.52           
       4.51           
       4.53           
       4.50           
       4.48           
       4.47           
       4.52           
       4.48           
       4.43           
       4.52           
       4.60           
       4.58           
       4.55           
       4.48           
       4.46           
       4.43           
       4.47           
       4.42           
       4.45           
       4.32           
       4.30           
       4.38           
       4.55           
       4.48           
       4.43           
       4.34           
       4.45           
       4.37           
       4.52           
       4.45           
       4.43           
       4.41           
       4.40           
       4.37           
       4.47           
       4.52           
       4.47           
       4.51           
       4.32           
       4.45           
       4.50           
       4.44           
       4.49           
       4.51           
       4.49           
       4.48           
       4.47           
       4.52           
       4.45           
       4.48           
       4.54           
       4.49           
       4.49           
       4.52           
       4.45           
       4.47           
       4.48           
       4.48           
       4.50           
       4.45           
       4.45           
       4.48           
       4.50           
       4.56           
       4.52           
       4.47           
       4.49           
       4.49           
       4.38           
       4.40           
       4.37           
       4.41           
       4.32           
       4.40           
       4.39           
       4.36           
       4.48           
       4.45           
       4.34           
       4.42           
       4.46           
       4.46           
       4.52           
       4.44           
       4.44           
       4.49           
       4.49           
       4.55           
       4.49           
       4.47           
       4.52           
       4.49           
       4.45           
       4.46           
       4.48           
       4.51           
       4.50           
       4.49           
       4.52           
       4.53           
       4.47           
       4.40           
       4.47           
       4.43           
       4.40           
       4.41           
       4.48           
       4.45           
       4.46           
       4.48           
       4.41           
       4.42           
       4.45           
       4.40           
       4.43           
       4.49           
       4.44           
       4.51           
       4.50           
       4.54           
       4.51           
       4.54           
       4.47           
       4.41           
       4.41           
       4.49           
       4.44           
       4.48           
       4.50           
       4.48           
       4.49           
       4.62           
       4.51           
       4.54           
       4.47           
       4.48           
       4.48           
       4.46           
       4.39           
       4.41           
       4.48           
       4.49           
       4.47           
       4.43           
       4.49           
       4.47           
       4.45           
       4.48           
       4.54           
       4.52           
       4.48           
       4.53           
       4.51           
       4.51           
       4.52           
       4.54           
       4.51           
       4.44           
       4.40           
       4.52           
       4.47           
       4.49           
       4.61           
       4.55           
       4.43           
       4.41           
       4.45           
       4.55           
       4.55           
       4.45           
       4.51           
       4.56           
       4.47           
       4.47           
       4.51           
       4.54           
       4.49           
       4.47           
       4.43           
       4.43           
       4.32           
       4.25           
       4.42           
       4.43           
       4.41           
       4.28           
       4.38           
       4.58           
       4.55           
       4.46           
       4.44           
       4.43           
       4.32           
       4.38           
       4.37           
       4.37           
       4.46           
       4.50           
       4.50           
       4.46           
       4.47           
       4.43           
       4.38           
       4.43           
       4.41           
       4.50           
       4.42           
       4.43           
       4.47           
       4.39           
       4.39           
       4.40           
       4.41           
       4.42           
       4.46           
       4.40           
       4.43           
       4.52           
       4.56           
       4.49           
       4.63           
       4.62           
       4.56           
       4.53           
       4.35           
       4.44           
       4.43           
       4.49           
       4.53           
       4.54           
       4.45           
       4.43           
       4.39           
       4.43           
       4.51           
       4.49           
       4.51           
       4.49           
       4.47           
       4.46           
       4.49           
       4.42           
       4.53           
       4.41           
       4.42           
       4.51           
       4.43           
       4.45           
       4.40           
       4.42           
       4.38           
       4.48           
       4.48           
       4.48           
       4.56           
       4.38           
       4.42           
       4.49           
       4.51           
       4.41           
       4.49           
       4.44           
       4.45           
       4.44           
       4.46           
       4.44           
       4.41           
       4.44           
       4.49           
       4.54           
       4.47           
       4.45           
       4.55           
       4.46           
       4.53           
       4.49           
       4.47           
       4.58           
       4.53           
       4.46           
       4.46           
       4.46           
       4.53           
       4.45           
       4.48           
       4.46           
       4.50           
       4.32           
       4.26           
       4.31           
       4.41           
       4.45           
       4.53           
       4.49           
       4.43           
       4.44           
       4.46           
       4.55           
       4.63           
       4.47           
       4.40           
       4.32           
       4.41           
       4.46           
       4.51           
       4.43           
       4.49           
       4.41           
       4.43           
       4.47           
       4.51           
       4.41           
       4.49           
       4.49           
       4.47           
       4.52           
       4.43           
       4.38           
       4.52           
       4.43           
       4.48           
       4.56           
       4.46           
       4.38           
       4.53           
       4.42           
       4.51           
       4.56           
       4.47           
       4.44           
       4.33           
       4.37           
       4.40           
       4.47           
       4.48           
       4.36           
       4.44           
       4.35           
       4.45           
       4.46           
       4.44           
       4.52           
       4.45           
       4.43           
       4.56           
       4.51           
       4.40           
       4.49           
       4.52           
       4.52           
       4.49           
       4.69           
       4.68           
       4.55           
       4.47           
       4.49           
       4.58           
       4.53           
       4.57           
       4.48           
       4.42           
       4.45           
       4.53           
       4.56           
       4.51           
       4.41           
       4.45           
       4.48           
       4.45           
       4.49           
       4.48           
       4.44           
       4.55           
       4.50           
       4.53           
       4.50           
       4.34           
       4.42           
       4.51           
       4.37           
       4.48           
       4.46           
       4.47           
       4.51           
       4.48           
       4.47           
       4.63           
       4.52           
       4.47           
       4.45           
       4.43           
       4.46           
       4.43           
       4.44           
       4.45           
       4.42           
       4.50           
       4.44           
       4.44           
       4.39           
       4.41           
       4.53           
       4.44           
       4.43           
       4.45           
       4.40           
       4.50           
       4.49           
       4.52           
       4.41           
       4.47           
       4.55           
       4.61           
       4.56           
       4.48           
       4.43           
       4.40           
       4.48           
       4.49           
       4.59           
       4.52           
       4.55           
       4.49           
       4.51           
       4.51           
       4.48           
       4.43           
       4.55           
       4.56           
       4.52           
       4.50           
       4.52           
       4.56           
       4.47           
       4.49           
       4.48           
       4.46           
       4.41           
       4.50           
       4.49           
       4.43           
       4.39           
       4.54           
       4.49           
       4.45           
       4.45           
       4.40           
       4.48           
       4.44           
       4.44           
       4.46           
       4.44           
       4.47           
       4.44           
       4.47           
       4.39           
       4.29           
       4.25           
       4.31           
       4.39           
       4.54           
       4.42           
       4.46           
       4.59           
       4.53           
       4.65           
       4.58           
       4.58           
       4.54           
       4.49           
       4.60           
       4.48           
       4.47           
       4.58           
       4.51           
       4.65           
       4.56           
       4.50           
       4.57           
       4.54           
       4.45           
       4.57           
       4.53           
       4.55           
       4.50           
       4.41           
       4.46           
       4.41           
       4.37           
       4.44           
       4.50           
       4.41           
       4.53           
       4.43           
       4.51           
       4.51           
       4.39           
       4.37           
       4.44           
       4.47           
       4.44           
       4.44           
       4.48           
       4.52           
       4.49           
       4.40           
       4.39           
       4.38           
       4.33           
       4.35           
       4.48           
       4.48           
       4.47           
       4.48           
       4.41           
       4.36           
       4.50           
       4.44           
       4.45           
       4.42           
       4.42           
       4.48           
       4.45           
       4.41           
       4.47           
       4.51           
       4.36           
       4.28           
       4.32           
       4.45           
       4.32           
       4.45           
       4.61           
       4.58           
       4.59           
       4.49           
       4.39           
       4.36           
       4.41           
       4.41           
       4.46           
       4.37           
       4.46           
       4.45           
       4.48           
       4.49           
       4.51           
       4.51           
       4.50           
       4.53           
       4.51           
       4.50           
       4.47           
       4.38           
       4.45           
       4.43           
       4.42           
       4.48           
       4.41           
       4.41           
       4.34           
       4.34           
       4.32           
       4.29           
       4.41           
       4.41           
       4.35           
       4.37           
       4.41           
       4.46           
       4.44           
       4.47           
       4.40           
       4.45           
       4.47           
       4.45           
       4.55           
       4.40           
       4.46           
       4.48           
       4.51           
       4.43           
       4.52           
       4.56           
       4.55           
       4.53           
       4.52           
       4.53           
       4.54           
       4.50           
       4.63           
       4.59           
       4.61           
       4.57           
       4.59           
       4.55           
       4.57           
       4.59           
       4.61           
       4.58           
       4.44           
       4.47           
       4.44           
       4.35           
       4.32           
       4.30           
       4.40           
       4.52           
       4.42           
       4.50           
       4.47           
       4.52           
       4.58           
       4.56           
       4.56           
       4.55           
       4.49           
       4.48           
       4.58           
       4.48           
       4.61           
       4.59           
       4.62           
       4.62           
       4.74           
       4.68           
       4.52           
       4.58           
       4.50           
       4.53           
       4.45           
       4.43           
       4.19           
       4.31           
       4.36           
       4.38           
       4.50           
       4.57           
       4.56           
       4.52           
       4.57           
       4.55           
       4.48           
       4.47           
       4.42           
       4.49           
       4.44           
       4.44           
       4.45           
       4.42           
       4.54           
       4.52           
       4.55           
       4.55           
       4.50           
       4.58           
       4.56           
       4.63           
       4.69           
       4.64           
       4.66           
       4.52           
       4.53           
       4.50           
       4.57           
       4.58           
       4.63           
       4.49           
       4.41           
       4.55           
       4.49           
       4.52           
       4.50           
       4.47           
       4.48           
       4.50           
       4.54           
       4.55           
       4.62           
       4.65           
       4.61           
       4.51           
       4.48           
       4.54           
       4.47           
       4.31           
       4.49           
       4.51           
       4.49           
       4.45           
       4.50           
       4.54           
       4.54           
       4.51           
       4.44           
       4.45           
       4.47           
       4.41           
       4.62           
       4.68           
       4.45           
       4.44           
       4.47           
       4.41           
       4.38           
       4.45           
       4.44           
       4.46           
       4.47           
       4.36           
       4.38           
       4.44           
       4.40           
       4.45           
       4.40           
       4.43           
       4.39           
       4.44           
       4.32           
       4.35           
       4.42           
       4.42           
       4.43           
       4.29           
       4.39           
       4.45           
       4.48           
       4.43           
       4.39           
       4.38           
       4.39           
       4.44           
       4.53           
       4.50           
       4.51           
       4.46           
       4.55           
       4.61           
       4.48           
       4.54           
       4.54           
       4.46           
       4.51           
       4.49           
       4.44           
       4.56           
       4.61           
       4.57           
       4.56           
       4.44           
       4.49           
       4.55           
       4.57           
       4.58           
       4.59           
       4.49           
       4.48           
       4.43           
       4.46           
       4.53           
       4.41           
       4.50           
       4.50           
       4.53           
       4.51           
       4.54           
       4.57           
       4.63           
       4.56           
       4.54           
       4.49           
       4.47           
       4.43           
       4.45           
       4.42           
       4.44           
       4.50           
       4.49           
       4.40           
       4.45           
       4.39           
       4.45           
       4.48           
       4.45           
       4.53           
       4.39           
       4.43           
       4.39           
       4.42           
       4.46           
       4.50           
       4.26           
       4.20           
       4.31           
       4.37           
       4.33           
       4.37           
       4.47           
       4.38           
       4.46           
       4.39           
       4.39           
       4.45           
       4.47           
       4.43           
       4.45           
       4.43           
       4.48           
       4.42           
       4.40           
       4.49           
       4.44           
       4.41           
       4.43           
       4.41           
       4.38           
       4.47           
       4.40           
       4.47           
       4.45           
       4.44           
       4.42           
       4.44           
       4.48           
       4.42           
       4.41           
       4.49           
       4.37           
       4.45           
       4.48           
       4.52           
       4.50           
       4.51           
       4.47           
       4.56           
       4.54           
       4.44           
       4.46           
       4.41           
       4.50           
       4.52           
       4.54           
       4.48           
       4.39           
       4.34           
       4.41           
       4.33           
       4.28           
       4.41           
       4.44           
       4.38           
       4.40           
       4.45           
       4.47           
       4.50           
       4.50           
       4.52           
       4.47           
       4.44           
       4.51           
       4.49           
       4.46           
       4.57           
       4.49           
       4.50           
       4.50           
       4.64           
       4.56           
       4.48           
       4.54           
       4.49           
       4.40           
       4.44           
       4.48           
       4.43           
       4.36           
       4.36           
       4.39           
       4.50           
       4.49           
       4.55           
       4.40           
       4.46           
       4.43           
       4.42           
       4.44           
       4.49           
       4.59           
       4.42           
       4.53           
       4.52           
       4.49           
       4.49           
       4.48           
       4.46           
       4.54           
       4.56           
       4.43           
       4.44           
       4.48           
       4.40           
       4.46           
       4.48           
       4.41           
       4.38           
       4.47           
       4.46           
       4.40           
       4.37           
       4.42           
       4.49           
       4.43           
       4.52           
       4.47           
       4.44           
       4.45           
       4.44           
       4.40           
       4.34           
       4.41           
       4.52           
       4.44           
       4.46           
       4.44           
       4.46           
       4.46           
       4.44           
       4.56           
       4.55           
       4.49           
       4.51           
       4.52           
       4.46           
       4.50           
       4.54           
       4.41           
       4.47           
       4.41           
       4.44           
       4.51           
       4.41           
       4.48           
       4.43           
       4.42           
       4.41           
       4.47           
       4.41           
       4.43           
       4.45           
       4.49           
       4.43           
       4.45           
       4.44           
       4.43           
       4.55           
       4.61           
       4.53           
       4.62           
       4.54           
       4.43           
       4.41           
       4.39           
       4.49           
       4.37           
       4.32           
       4.49           
       4.48           
       4.40           
       4.46           
       4.39           
       4.45           
       4.44           
       4.50           
       4.49           
       4.50           
       4.48           
       4.43           
       4.44           
       4.54           
       4.47           
       4.52           
       4.54           
       4.60           
       4.53           
       4.44           
       4.40           
       4.40           
       4.43           
       4.43           
       4.46           
       4.44           
       4.42           
       4.40           
       4.45           
       4.49           
       4.52           
       4.56           
       4.61           
       4.60           
       4.63           
       4.52           
       4.54           
       4.54           
       4.46           
       4.55           
       4.51           
       4.44           
       4.44           
       4.40           
       4.50           
       4.47           
       4.53           
       4.46           
       4.48           
       4.40           
       4.54           
       4.54           
       4.56           
       4.50           
       4.48           
       4.55           
       4.50           
       4.61           
       4.43           
       4.53           
       4.46           
       4.52           
       4.53           
       4.40           
       4.47           
       4.49           
       4.52           
       4.52           
       4.59           
       4.48           
       4.43           
       4.51           
       4.46           
       4.37           
       4.31           
       4.36           
       4.33           
       4.41           
       4.43           
       4.44           
       4.42           
       4.44           
       4.40           
       4.36           
       4.37           
       4.42           
       4.48           
       4.42           
       4.49           
       4.51           
       4.47           
       4.48           
       4.44           
       4.52           
       4.48           
       4.47           
       4.52           
       4.47           
       4.43           
       4.44           
       4.39           
       4.45           
       4.52           
       4.38           
       4.36           
       4.47           
       4.42           
       4.45           
       4.46           
       4.43           
       4.47           
       4.48           
       4.47           
       4.41           
       4.40           
       4.50           
       4.49           
       4.47           
       4.45           
       4.41           
       4.54           
       4.42           
       4.47           
       4.42           
       4.54           
       4.49           
       4.52           
       4.48           
       4.44           
       4.45           
       4.48           
       4.44           
       4.46           
       4.48           
       4.38           
       4.43           
       4.37           
       4.37           
       4.43           
       4.46           
       4.44           
       4.37           
       4.38           
       4.35           
       4.40           
       4.47           
       4.40           
       4.40           
       4.48           
       4.40           
       4.40           
       4.35           
       4.42           
       4.38           
       4.40           
       4.37           
       4.37           
       4.41           
       4.35           
       4.41           
       4.54           
       4.55           
       4.52           
       4.48           
       4.50           
       4.46           
       4.48           
       4.47           
       4.47           
       4.42           
       4.50           
       4.43           
       4.40           
       4.49           
       4.48           
       4.48           
       4.49           
       4.48           
       4.51           
       4.41           
       4.48           
       4.55           
       4.44           
       4.42           
       4.41           
       4.44           
       4.35           
       4.38           
       4.40           
       4.38           
       4.40           
       4.41           
       4.41           
       4.43           
       4.44           
       4.44           
       4.41           
       4.49           
       4.47           
       4.52           
       4.57           
       4.50           
       4.43           
       4.39           
       4.48           
       4.37           
       4.42           
       4.37           
       4.38           
       4.41           
       4.47           
       4.40           
       4.42           
       4.43           
       4.48           
       4.45           
       4.51           
       4.44           
       4.51           
       4.48           
       4.43           
       4.37           
       4.40           
       4.38           
       4.50           
       4.55           
       4.43           
       4.40           
       4.37           
       4.38           
       4.37           
       4.37           
       4.37           
       4.43           
       4.51           
       4.49           
       4.42           
       4.45           
       4.50           
       4.43           
       4.53           
       4.48           
       4.41           
       4.49           
       4.46           
       4.41           
       4.38           
       4.35           
       4.33           
       4.37           
       4.45           
       4.51           
       4.52           
       4.44           
       4.48           
       4.41           
       4.33           
       4.37           
       4.32           
       4.28           
       4.25           
       4.34           
       4.31           
       4.39           
       4.32           
       4.42           
       4.40           
       4.39           
       4.45           
       4.42           
       4.40           
       4.35           
       4.32           
       4.38           
       4.36           
       4.42           
       4.45           
       4.36           
       4.48           
       4.44           
       4.46           
       4.40           
       4.47           
       4.48           
       4.50           
       4.44           
       4.49           
       4.51           
       4.47           
       4.46           
       4.44           
       4.46           
       4.43           
       4.41           
       4.41           
       4.49           
       4.58           
       4.52           
       4.54           
       4.56           
       4.45           
       4.45           
       4.44           
       4.45           
       4.45           
       4.39           
       4.42           
       4.51           
       4.54           
       4.55           
       4.56           
       4.55           
       4.62           
       4.58           
       4.61           
       4.53           
       4.39           
       4.37           
       4.36           
       4.38           
       4.52           
       4.46           
       4.57           
       4.58           
       4.45           
       4.58           
       4.47           
       4.45           
       4.40           
       4.34           
       4.44           
       4.40           
       4.35           
       4.38           
       4.44           
       4.41           
       4.41           
       4.36           
       4.33           
       4.38           
       4.36           
       4.51           
       4.40           
       4.44           
       4.53           
       4.46           
       4.48           
       4.55           
       4.46           
       4.50           
       4.50           
       4.43           
       4.47           
       4.43           
       4.41           
       4.44           
       4.46           
       4.49           
       4.48           
       4.46           
       4.52           
       4.50           
       4.50           
       4.48           
       4.49           
       4.49           
       4.44           
       4.45           
       4.45           
       4.52           
       4.59           
       4.62           
       4.62           
       4.50           
       4.49           
       4.45           
       4.48           
       4.46           
       4.40           
       4.44           
       4.42           
       4.47           
       4.36           
       4.37           
       4.37           
       4.37           
       4.36           
       4.44           
       4.29           
       4.36           
       4.33           
       4.38           
       4.32           
       4.41           
       4.43           
       4.45           
       4.40           
       4.35           
       4.36           
       4.38           
       4.36           
       4.42           
       4.37           
       4.39           
       4.34           
       4.42           
       4.35           
       4.36           
       4.36           
       4.34           
       4.29           
       4.34           
       4.33           
       4.33           
       4.42           
       4.33           
       4.33           
       4.28           
       4.37           
       4.36           
       4.36           
       4.30           
       4.33           
       4.35           
       4.41           
       4.36           
       4.42           
       4.41           
       4.36           
       4.38           
       4.48           
       4.31           
       4.34           
       4.42           
       4.50           
       4.42           
       4.49           
       4.37           
       4.41           
       4.40           
       4.40           
       4.31           
       4.36           
       4.41           
       4.46           
       4.44           
       4.41           
       4.37           
       4.36           
       4.29           
       4.35           
       4.38           
       4.41           
       4.36           
       4.40           
       4.37           
       4.34           
       4.40           
       4.36           
       4.40           
       4.43           
       4.38           
       4.34           
       4.41           
       4.38           
       4.38           
       4.34           
       4.27           
       4.31           
       4.33           
       4.31           
       4.34           
       4.29           
       4.31           
       4.29           
       4.31           
       4.30           
       4.41           
       4.38           
       4.41           
       4.29           
       4.33           
       4.36           
       4.40           
       4.42           
       4.44           
       4.30           
       4.40           
       4.41           
       4.40           
       4.40           
       4.35           
       4.44           
       4.48           
       4.45           
       4.39           
       4.39           
       4.36           
       4.39           
       4.45           
       4.38           
       4.32           
       4.41           
       4.36           
       4.42           
       4.21           
       4.43           
       4.38           
       4.49           
       4.45           
       4.42           
       4.50           
       4.50           
       4.38           
       4.38           
       4.41           
       4.45           
       4.49           
       4.42           
       4.42           
       4.39           
       4.37           
       4.46           
       4.50           
       4.44           
       4.40           
       4.38           
       4.36           
       4.45           
       4.51           
       4.40           
       4.58           
       4.49           
       4.44           
       4.37           
       4.47           
       4.42           
       4.36           
       4.40           
       4.38           
       4.40           
       4.44           
       4.37           
       4.50           
       4.50           
       4.51           
       4.61           
       4.53           
       4.49           
       4.49           
       4.58           
       4.43           
       4.48           
       4.51           
       4.46           
       4.44           
       4.45           
       4.46           
       4.49           
       4.38           
       4.27           
       4.35           
       4.32           
       4.30           
       4.42           
       4.39           
       4.39           
       4.38           
       4.36           
       4.37           
       4.46           
       4.44           
       4.38           
