221.00  0.00
234.00  0.00
189.00  0.00
205.00  0.00
220.00  0.00
174.00  0.00
176.00  0.00
206.00  0.00
189.00  0.00
249.00  0.00
281.00  0.00
193.00  0.00
248.00  0.00
262.00  0.00
176.00  0.00
208.00  0.00
237.00  0.00
190.00  0.00
207.00  0.00
221.00  0.00
175.00  0.00
206.00  0.00
221.00  0.00
175.00  0.00
247.00  0.00
261.00  0.00
173.00  0.00
202.00  0.00
217.00  0.00
171.00  0.00
201.00  0.00
231.00  0.00
185.00  0.00
201.00  0.00
216.00  0.00
170.00  0.00
239.00  0.00
268.00  0.00
185.00  0.00
200.00  0.00
229.00  0.00
185.00  0.00
202.00  0.00
230.00  0.00
184.00  0.00
203.00  0.00
232.00  0.00
186.00  0.00
203.00  0.00
235.00  0.00
189.00  0.00
203.00  0.00
217.00  0.00
171.00  0.00
205.00  0.00
220.00  0.00
173.00  0.00
206.00  0.00
221.00  0.00
174.00  0.00
246.00  0.00
276.00  0.00
188.00  0.00
175.00  0.00
204.00  0.00
187.00  0.00
243.00  0.00
257.00  0.00
170.00  0.00
200.00  0.00
215.00  0.00
171.00  0.00
240.00  0.00
267.00  0.00
183.00  0.00
201.00  0.00
231.00  0.00
185.00  0.00
203.00  0.00
233.00  0.00
186.00  0.00
201.00  0.00
231.00  0.00
187.00  0.00
204.00  0.00
230.00  0.00
182.00  0.00
201.00  0.00
216.00  0.00
171.00  0.00
240.00  0.00
267.00  0.00
184.00  0.00
205.00  0.00
221.00  0.00
175.00  0.00
244.00  0.00
259.00  0.00
176.00  0.00
208.00  0.00
223.00  0.00
176.00  0.00
207.00  0.00
221.00  0.00
175.00  0.00
247.00  0.00
275.00  0.00
187.00  0.00
205.00  0.00
235.00  0.00
189.00  0.00
205.00  0.00
219.00  0.00
173.00  0.00
243.00  0.00
272.00  0.00
187.00  0.00
176.00  0.00
205.00  0.00
186.00  0.00