206.00  0.00
214.00  0.00
213.00  0.00
191.00  0.00
214.00  0.00
213.00  0.00
191.00  0.00
214.00  0.00
213.00  0.00
191.00  0.00
215.00  0.00
214.00  0.00
192.00  0.00
216.00  0.00
214.00  0.00
192.00  0.00
216.00  0.00
214.00  0.00
191.00  0.00
215.00  0.00
215.00  0.00
192.00  0.00
215.00  0.00
214.00  0.00
191.00  0.00
215.00  0.00
214.00  0.00
191.00  0.00
215.00  0.00
215.00  0.00
193.00  0.00
218.00  0.00
218.00  0.00
195.00  0.00
220.00  0.00
219.00  0.00
195.00  0.00
218.00  0.00
217.00  0.00
193.00  0.00
216.00  0.00
215.00  0.00
193.00  0.00
216.00  0.00
214.00  0.00
191.00  0.00
226.00  0.00
225.00  0.00
192.00  0.00
216.00  0.00
214.00  0.00
192.00  0.00
218.00  0.00
218.00  0.00
195.00  0.00
229.00  0.00
228.00  0.00
196.00  0.00
219.00  0.00
219.00  0.00
197.00  0.00
218.00  0.00
217.00  0.00
196.00  0.00
219.00  0.00
218.00  0.00
195.00  0.00
217.00  0.00
214.00  0.00
192.00  0.00
227.00  0.00
226.00  0.00
194.00  0.00
217.00  0.00
215.00  0.00
193.00  0.03
218.00  0.00
218.00  0.00
196.00  0.00
219.00  0.00
219.00  0.00
197.00  0.00
221.00  0.00
220.00  0.00
197.00  0.00
221.00  0.00
219.00  0.00
194.00  0.00
216.00  0.00
214.00  0.00
191.00  0.00
215.00  0.00
214.00  0.00
190.00  0.00
213.00  0.00
213.00  0.00
191.00  0.00
215.00  0.00
214.00  0.00
193.00  0.00
217.00  0.00
216.00  0.00
195.00  0.00
219.00  0.00
218.00  0.00
195.00  0.00
217.00  0.00
216.00  0.00
195.00  0.00
218.00  0.00
217.00  0.00
193.00  0.00
218.00  0.00
218.00  0.00
195.00  0.00
218.00  0.00
217.00  0.00
194.00  0.00
217.00  0.00
215.00  0.00