396.00  0.00
396.00  0.00
393.00  0.00
393.00  0.00
396.00  0.00
396.00  0.00
396.00  0.00
396.00  0.00
396.00  0.00
396.00  0.00
396.00  0.00
396.00  0.00
396.00  0.00
396.00  0.00
396.00  0.04
396.00  0.00
396.00  0.00
396.00  0.00
396.00  0.00
396.00  0.00
396.00  0.00
395.00  0.00
396.00  0.00
396.00  0.00
393.00  0.00
392.00  0.00
392.00  0.00
392.00  0.00
396.00  0.00
396.00  0.00
396.00  0.00
395.00  0.00
396.00  0.00
393.00  0.00
389.00  0.00
389.00  0.00
393.00  0.00
396.00  0.00
396.00  0.00
396.00  0.00
396.00  0.00