88.00  0.00
77.00  0.00
94.00  0.00
82.00  0.00
76.00  0.00
84.00  0.00
74.00  0.00
79.00  0.00
98.00  0.00
85.00  0.00
80.00  0.00
87.00  0.00
74.00  0.00
79.00  0.00
96.00  0.00
85.00  0.00
79.00  0.00
86.00  0.00
74.00  0.00
77.00  0.00
84.00  0.00
73.00  0.00
78.00  0.00
97.00  0.00
86.00  0.00
80.00  0.00
87.00  0.00
75.00  0.00
79.00  0.00
86.00  0.00
74.00  0.00
78.00  0.06
86.00  0.00
74.00  0.00
78.00  0.00
96.00  0.00
84.00  0.00
79.00  0.00
86.00  0.00
73.00  0.00
78.00  0.00
87.00  0.00
76.00  0.00
80.00  0.00
99.00  0.00
88.00  0.00
80.00  0.00
98.00  0.00
86.00  0.00
78.00  0.00
84.00  0.00
72.00  0.00
78.00  0.00
97.00  0.00
85.00  0.00
80.00  0.00
98.00  0.00
85.00  0.00
79.00  0.00
86.00  0.00
73.00  0.00
78.00  0.21
96.00  0.00
83.00  0.00
77.00  0.00
85.00  0.00
74.00  0.00
79.00  0.00
86.00  0.09
75.00  0.00
79.00  0.00
85.00  0.00
73.00  0.00
79.00  0.00
98.00  0.00
86.00  0.00
79.00  0.00
97.00  0.00
85.00  0.00
78.00  0.00
86.00  0.00
75.00  0.00
80.00  0.00
99.00  0.00
87.00  0.00
81.00  0.00
102.00  0.00
90.00  0.00
83.00  0.00
89.00  0.00
76.00  0.00
82.00  0.00
89.00  0.00
77.00  0.00
82.00  0.00
101.00  0.00
88.00  0.00
82.00  0.00
101.00  0.00
87.00  0.00
81.00  0.00
89.00  0.00
78.00  0.00
84.00  0.00
92.00  0.00
79.00  0.00
82.00  0.00
101.00  0.00
90.00  0.00
81.00  0.00
99.00  0.00
87.00  0.00
80.00  0.00
99.00  0.00
87.00  0.00
83.00  0.00
103.00  0.00
88.00  0.00
80.00  0.15
89.00  0.00