253.00  0.00
233.00  0.00
230.00  0.00
250.00  0.00
272.00  0.00
375.00  0.00
349.00  0.00
225.00  0.00
227.00  0.00
248.00  0.00
272.00  0.00
375.00  0.00
349.00  0.00
224.00  0.00
226.00  0.00
246.00  0.00
273.00  0.00
372.00  0.00
344.00  0.00
225.00  0.00
228.00  0.00
247.00  0.00
271.00  0.00
370.00  0.00
344.00  0.00
225.00  0.00
225.00  0.00
245.00  0.00
273.00  0.00
377.00  0.00
349.00  0.00
225.00  0.00
228.00  0.00
247.00  0.00
271.00  0.00
375.00  0.00
349.00  0.00
226.00  0.00
228.00  0.00
249.00  0.00
274.00  0.00
372.00  0.00
344.00  0.00
225.00  0.00
227.00  0.00
268.00  0.00
295.00  0.00
372.00  0.00
344.00  0.00
227.00  0.00
229.00  0.00
226.00  0.06
226.00  0.00
225.00  0.00
247.00  0.00
273.00  0.00
377.00  0.00
350.00  0.00
227.00  0.00
228.00  0.00
249.00  0.00
274.00  0.00
377.00  0.00
349.00  0.00
224.00  0.00
227.00  0.00
249.00  0.00
274.00  0.00
377.00  0.00
348.00  0.00
223.00  0.00
226.00  0.00
246.00  0.00
270.00  0.00
370.00  0.00
343.00  0.00
223.00  0.00
226.00  0.00
246.00  0.00
282.00  0.00
386.00  0.00
349.00  0.00
224.00  0.00
227.00  0.00
247.00  0.00
273.00  0.00
372.00  0.00
343.00  0.00
224.00  0.00
227.00  0.00
246.00  0.00
271.00  0.01
370.00  0.00
344.00  0.00
225.00  0.00
228.00  0.00
247.00  0.00
280.00  0.00
379.00  0.00
343.00  0.00
223.00  0.00
224.00  0.00
245.00  0.00
273.00  0.00
377.00  0.00
348.00  0.00
223.00  0.00
225.00  0.00
246.00  0.00
271.00  0.00
370.00  0.00
343.00  0.00
222.00  0.00
223.00  0.00
243.00  0.00
269.00  0.00
370.00  0.00
342.00  0.00
221.00  0.00
223.00  0.00