332.00  0.00
340.00  0.00
382.00  0.00
331.00  0.00
292.00  0.00
267.00  0.00
264.00  0.00
406.00  0.00
452.00  0.00
334.00  0.00
292.00  0.00
269.00  0.01
266.00  0.00
340.00  0.00
385.00  0.00
334.00  0.00
292.00  0.00
267.00  0.00
264.00  0.00
294.00  0.00
336.00  0.07
329.00  0.00
288.00  0.00
266.00  0.00
262.00  0.00
404.00  0.00
452.00  0.00
332.00  0.00
289.00  0.00
269.00  0.00
264.00  0.00
404.00  0.00
448.00  0.00
329.00  0.00
289.00  0.00
267.00  0.00
264.00  0.00
340.00  0.00
383.00  0.00
331.00  0.00
293.00  0.00
270.00  0.00
266.00  0.00
291.00  0.00
336.00  0.00
334.00  0.00
293.00  0.00
270.00  0.00
267.00  0.00
408.00  0.00
455.00  0.00
340.00  0.00
298.00  0.00
272.00  0.00
269.00  0.00
416.00  0.00
448.00  0.00
326.00  0.00
296.00  0.00
270.00  0.00
267.00  0.00
408.00  0.00
452.00  0.00
332.00  0.00
291.00  0.00
272.00  0.00
269.00  0.00
345.00  0.00
389.00  0.00
334.00  0.00
293.00  0.00
270.00  0.00
266.00  0.00
340.00  0.00
382.00  0.00
356.00  0.00
317.00  0.00
269.00  0.00
266.00  0.00
406.00  0.00
438.00  0.00
321.00  0.00
293.00  0.00
270.00  0.00
266.00  0.00
340.00  0.00
385.00  0.00
334.00  0.00
293.00  0.00
270.00  0.00
266.00  0.00
406.00  0.00
452.00  0.00
332.00  0.00
291.00  0.00
270.00  0.00
266.00  0.00
406.00  0.00
451.00  0.00
334.00  0.00
293.00  0.00
270.00  0.00
267.00  0.00
409.00  0.00
453.00  0.00
334.00  0.00
293.00  0.00
272.00  0.00
268.00  0.00
406.00  0.00
451.00  0.00
331.00  0.00
291.00  0.00
270.00  0.00
266.00  0.00
344.00  0.00
389.00  0.00
331.00  0.00
289.00  0.00
269.00  0.00