132.00  0.00
109.00  0.00
111.00  0.00
112.00  0.00
112.00  0.00
111.00  0.00
110.00  0.00
110.00  0.00
110.00  0.00
109.00  0.00
108.00  0.00
108.00  0.00
108.00  0.00
107.00  0.00
108.00  0.00
109.00  0.00
110.00  0.00
110.00  0.00
110.00  0.21
110.00  0.00
109.00  0.00
109.00  0.00
110.00  0.00
110.00  0.00
110.00  0.00
111.00  0.00
112.00  0.00
112.00  0.00
112.00  0.00
111.00  0.00
110.00  0.00
110.00  0.00
110.00  0.00
110.00  0.00
109.00  0.00
108.00  0.00
107.00  0.00
108.00  0.00
109.00  0.00
110.00  0.00
110.00  0.00
110.00  0.00
110.00  0.00
110.00  0.00
111.00  0.00
110.00  0.00
110.00  0.00
109.00  0.00
109.00  0.00
109.00  0.00
109.00  0.00
109.00  0.00
108.00  0.00
108.00  0.00
108.00  0.00
108.00  0.00
109.00  0.00
109.00  0.00
109.00  0.00
108.00  0.00
108.00  0.00
108.00  0.00
107.00  0.00
107.00  0.00
107.00  0.00
108.00  0.00
108.00  0.00
108.00  0.00
108.00  0.00
108.00  0.21
109.00  0.00
108.00  0.00
108.00  0.00
108.00  0.00
108.00  0.00
108.00  0.00
110.00  0.00
111.00  0.00
111.00  0.00
111.00  0.00
111.00  0.00
111.00  0.00
111.00  0.00
111.00  0.00
110.00  0.00
110.00  0.00
111.00  0.00
111.00  0.00
110.00  0.00
109.00  0.00
108.00  0.00
108.00  0.00
108.00  0.00
107.00  0.00
107.00  0.00
107.00  0.00
108.00  0.00
108.00  0.00
107.00  0.00
108.00  0.00
108.00  0.00
109.00  0.00
110.00  0.00
110.00  0.00
110.00  0.00
111.00  0.00
111.00  0.00
112.00  0.00
112.00  0.00
111.00  0.00
111.00  0.00
111.00  0.00
110.00  0.00
111.00  0.00
112.00  0.00
111.00  0.00
111.00  0.00
111.00  0.00
111.00  0.00
110.00  0.00