356.00  0.00
334.00  0.00
334.00  0.00
334.00  0.00
334.00  0.00
336.00  0.00
336.00  0.00
334.00  0.00
331.00  0.00
331.00  0.00
334.00  0.00
334.00  0.00
334.00  0.00
335.00  0.00
334.00  0.00
334.00  0.00
337.00  0.00
339.00  0.00
340.00  0.00
340.00  0.00
337.00  0.00
337.00  0.00
336.00  0.00
336.00  0.00
340.00  0.00
340.00  0.00
340.00  0.01
342.00  0.00
342.00  0.00
340.00  0.00
367.00  0.00
534.00  0.00
478.00  0.00
487.00  0.00
487.00  0.00
477.00  0.00
475.00  0.00
475.00  0.00
477.00  0.00
487.00  0.00
487.00  0.00
478.00  0.00
476.00  0.00
476.00  0.00
479.00  0.00
478.00  0.00
476.00  0.00
401.00  0.00
401.00  0.00
475.00  0.00
475.00  0.00
485.00  0.00
485.00  0.00
475.00  0.00
475.00  0.00
475.00  0.00
475.00  0.00
475.00  0.00
475.00  0.00
476.00  0.00
476.00  0.00
475.00  0.00
475.00  0.00
476.00  0.00
478.00  0.00
477.00  0.00
475.00  0.00
475.00  0.00
473.00  0.00
473.00  0.00
476.00  0.00
475.00  0.00
475.00  0.00
475.00  0.00
475.00  0.00
485.00  0.07
485.00  0.00
476.00  0.00
478.00  0.00
477.00  0.00
475.00  0.00
476.00  0.00
476.00  0.00
485.00  0.00
485.00  0.00
476.00  0.00
478.00  0.00
487.00  0.00
487.00  0.00
478.00  0.00
481.00  0.00
368.00  0.00
368.00  0.00
367.00  0.00
367.00  0.00
364.00  0.00
364.00  0.00
353.00  0.00
353.00  0.00
368.00  0.00
368.00  0.00
368.00  0.00
368.00  0.40
367.00  0.00
367.00  0.00
364.00  0.00
364.00  0.00
364.00  0.00
364.00  0.00
368.00  0.00
368.00  0.00
363.00  0.00
363.00  0.00
353.00  0.00
350.00  0.00
361.00  0.00
363.00  0.00
364.00  0.00
364.00  0.00
363.00  0.00