444.00  0.00
665.00  0.00
459.00  0.00
619.00  0.00
649.00  0.00
458.00  0.00
620.00  0.00
650.00  0.00
458.00  0.00
636.00  0.00
666.00  0.00
459.00  0.00
635.00  0.00
665.00  0.00
458.00  0.00
636.00  0.00
666.00  0.00
463.00  0.00
639.00  0.00
665.00  0.00
458.00  0.00
619.00  0.00
649.00  0.00
458.00  0.00
636.00  0.00
660.00  0.00
457.00  0.00
639.00  0.00
665.00  0.00
459.00  0.00
635.00  0.00
665.00  0.00
458.00  0.00
635.00  0.00
671.00  0.00
469.00  0.00
639.00  0.00
665.00  0.00
463.00  0.00
639.00  0.00
670.00  0.00
468.00  0.00
641.00  0.00
666.00  0.00
463.00  0.00
641.00  0.00
667.00  0.00
464.00  0.00
640.00  0.00
671.00  0.00
469.00  0.00
640.00  0.00
666.00  0.00
463.00  0.00
641.00  0.00
666.00  0.00
463.00  0.00
641.00  0.00
672.00  0.00
469.00  0.00
639.00  0.00
671.00  0.00
469.00  0.00
639.00  0.00
665.00  0.00
463.00  0.00
640.00  0.00
666.00  0.00
458.00  0.00
635.00  0.00
665.00  0.00
458.00  0.00
636.00  0.00
661.00  0.00
454.00  0.00
635.00  0.00
665.00  0.00
459.00  0.00
635.00  0.00
665.00  0.00
458.00  0.00
635.00  0.00
660.00  0.00
458.00  0.00
639.00  0.00
665.00  0.00
462.00  0.00
638.00  0.00
665.00  0.00
463.00  0.00
639.00  0.00
664.00  0.00
458.00  0.00
636.00  0.00
666.00  0.00
463.00  0.00
640.00  0.00
666.00  0.00
462.00  0.00
640.00  0.00
671.00  0.00
468.00  0.00
641.00  0.00
666.00  0.00
463.00  0.00
640.00  0.00
671.00  0.00
469.00  0.00
641.00  0.00
672.00  0.00
473.00  0.00
644.00  0.00
672.00  0.00
474.00  0.00
644.00  0.00
671.00  0.00
474.00  0.00
662.00  0.00
688.00  0.00
473.00  0.00