595.00  0.00
430.00  0.00
575.00  0.00
520.00  0.00
350.00  0.00
355.00  0.00
408.00  0.00
457.00  0.00
587.00  0.00
532.00  0.00
347.00  0.00
356.00  0.00
384.00  0.00
434.00  0.00
579.00  0.00
520.00  0.00
350.00  0.00
356.00  0.00
381.00  0.00
434.00  0.00
591.00  0.00
532.00  0.00
353.00  0.00
362.00  0.00
380.00  0.00
426.00  0.00
587.00  0.00
532.00  0.00
350.00  0.00
356.00  0.00
381.00  0.00
429.00  0.00
575.00  0.00
520.00  0.00
347.00  0.00
352.00  0.00
381.00  0.00
430.00  0.00
575.00  0.00
517.00  0.00
344.00  0.00
350.00  0.00
378.00  0.00
425.00  0.00
570.00  0.00
518.00  0.00
342.00  0.00
347.00  0.00
374.00  0.00
425.00  0.00
574.00  0.00
518.00  0.00
344.00  0.00
352.00  0.00
381.00  0.00
430.00  0.00
575.00  0.00
518.00  0.00
344.00  0.00
352.00  0.00
376.00  0.00
425.00  0.00
574.00  0.00
518.00  0.00
342.00  0.00
347.00  0.00
374.00  0.00
425.00  0.00
574.00  0.00
518.00  0.00
342.00  0.00
347.00  0.00
374.00  0.00
425.00  0.00
574.00  0.00
518.00  0.00
344.00  0.00
350.00  0.00
378.00  0.00
429.00  0.00
574.00  0.00
518.00  0.00
345.00  0.00
350.00  0.00
378.00  0.00
425.00  0.00
582.00  0.00
529.00  0.31
347.00  0.00
355.00  0.00
381.00  0.00
434.00  0.00
579.00  0.00
520.00  0.00
350.00  0.00
355.00  0.00
381.00  0.00
430.00  0.09
575.00  0.00
520.00  0.00
347.00  0.00
353.00  0.00
381.00  0.00
425.00  0.00
582.00  0.00
530.00  0.00
344.00  0.00
349.00  0.00
373.00  0.00
425.00  0.00
574.00  0.00
517.00  0.00
344.00  0.00
350.00  0.00
374.00  0.00
417.00  0.00
565.00  0.00
517.00  0.00
341.00  0.00
346.00  0.00