176.00  0.00
160.00  0.00
162.00  0.00
174.00  0.00
159.00  0.00
160.00  0.00
171.00  0.00
157.00  0.00
158.00  0.00
172.00  0.00
157.00  0.00
141.00  0.00
157.00  0.00
157.00  0.00
141.00  0.00
157.00  0.00
157.00  0.00
141.00  0.00
157.00  0.00
157.00  0.00
141.00  0.00
157.00  0.00
157.00  0.00
141.00  0.00
157.00  0.00
158.00  0.00
142.00  0.00
158.00  0.00
159.00  0.00
143.00  0.00
159.00  0.00
160.00  0.00
143.00  0.00
160.00  0.00
160.00  0.00
143.00  0.00
158.00  0.00
158.00  0.00
142.00  0.00
158.00  0.00
158.00  0.00
142.00  0.00
158.00  0.00
158.00  0.00
142.00  0.00
159.00  0.00
160.00  0.00
143.00  0.00
160.00  0.00
160.00  0.00
173.00  0.00
159.00  0.00
161.00  0.00
187.00  0.00
173.00  0.00
159.00  0.00
172.00  0.00
184.00  0.00
167.00  0.00
142.00  0.00
142.00  0.00
155.00  0.00
170.00  0.00
181.00  0.00
166.00  0.00
141.00  0.00
141.00  0.00
155.00  0.00
171.00  0.00
181.00  0.00
166.00  0.00
141.00  0.00
141.00  0.00
154.00  0.00
170.00  0.00
180.00  0.00
164.00  0.00
140.00  0.00
139.00  0.00
152.00  0.00
167.00  0.00
177.00  0.00
162.00  0.00
138.00  0.00
138.00  0.00
151.00  0.00
167.00  0.00
180.00  0.00
165.00  0.00
139.00  0.00
139.00  0.00
152.00  0.00
169.00  0.00
182.00  0.00
166.00  0.00
140.00  0.00
140.00  0.00
155.00  0.00
171.00  0.00
182.00  0.00
166.00  0.00
140.00  0.00
157.00  0.00
183.00  0.00
166.00  0.00
140.00  0.00
156.00  0.00
171.00  0.00
184.00  0.00
169.00  0.00
141.00  0.00
156.00  0.00
173.00  0.00
184.00  0.00
167.00  0.00
142.00  0.00
157.00  0.00
170.00  0.00