99.00  0.00
101.00  0.00
111.00  0.00
103.00  0.00
93.00  0.00
85.00  0.00
86.00  0.00
103.00  0.00
113.00  0.00
105.00  0.00
95.00  0.00
87.00  0.00
87.00  0.00
104.00  0.06
115.00  0.00
107.00  0.00
97.00  0.00
88.00  0.00
88.00  0.00
105.00  0.00
120.00  0.00
113.00  0.00
98.00  0.00
89.00  0.00
89.00  0.00
106.00  0.00
118.00  0.00
110.00  0.00
99.00  0.00
90.00  0.00
90.00  0.00
107.00  0.00
117.00  0.00
108.00  0.00
98.00  0.00
88.00  0.00
87.00  0.00
103.00  0.00
113.00  0.00
106.00  0.00
95.00  0.00
85.00  0.00
85.00  0.15
102.00  0.00
113.00  0.00
105.00  0.00
94.00  0.00
87.00  0.00
87.00  0.00
103.00  0.00
117.00  0.00
109.00  0.00
95.00  0.00
87.00  0.00
88.00  0.00
105.00  0.00
115.00  0.00
108.00  0.00
97.00  0.00
87.00  0.00
88.00  0.00
105.00  0.00
120.00  0.00
112.00  0.00
97.00  0.00
88.00  0.00
87.00  0.00
104.00  0.00
115.00  0.00
107.00  0.00
96.00  0.00
87.00  0.00
87.00  0.00
103.00  0.00
117.00  0.00
109.00  0.00
95.00  0.00
87.00  0.00
87.00  0.00
104.00  0.00
114.00  0.00
106.00  0.00
97.00  0.00
87.00  0.00
87.00  0.00
104.00  0.00
120.00  0.00
112.00  0.00
97.00  0.00
89.00  0.00
89.00  0.00
107.00  0.00
122.00  0.00
114.00  0.00
99.00  0.00
90.00  0.00
90.00  0.00
108.00  0.00
123.00  0.00
115.00  0.00
99.00  0.00
90.00  0.00
90.00  0.00
108.00  0.00
123.00  0.00
114.00  0.00
98.00  0.00
89.00  0.00
89.00  0.00
106.00  0.00
118.00  0.00
110.00  0.00
98.00  0.00
89.00  0.00
89.00  0.00
107.00  0.00
117.00  0.00
109.00  0.00
98.00  0.00
90.00  0.00