54.00  0.00
45.00  0.01
44.00  0.00
44.00  0.00
44.00  0.00
44.00  0.00
43.00  0.00
44.00  0.00
46.00  0.00
46.00  0.00
47.00  0.00
47.00  0.00
46.00  0.00
46.00  0.00
46.00  0.00
46.00  0.00
45.00  0.00
45.00  0.00
46.00  0.00
46.00  0.00
46.00  0.00
47.00  0.00
47.00  0.00
47.00  0.00
47.00  0.00
46.00  0.00
45.00  0.00
45.00  0.00
44.00  0.00
45.00  0.00
46.00  0.00
45.00  0.00
44.00  0.00
50.00  0.00
47.00  0.00
49.00  0.00
50.00  0.00
51.00  0.00
52.00  0.00
52.00  0.00
52.00  0.00
52.00  0.00
52.00  0.00
52.00  0.00
52.00  0.00
50.00  0.00
51.00  0.00
52.00  0.00
52.00  0.00
50.00  0.00
49.00  0.00
49.00  0.00
49.00  0.00
49.00  0.00
49.00  0.00
49.00  0.00
50.00  0.00
51.00  0.00
51.00  0.00
50.00  0.00
49.00  0.00
48.00  0.00
49.00  0.00
50.00  0.00
50.00  0.00
51.00  0.00
52.00  0.00
52.00  0.00
52.00  0.00
52.00  0.00
52.00  0.00
51.00  0.00
51.00  0.00
50.00  0.00
50.00  0.00
50.00  0.00
49.00  0.00
49.00  0.00
49.00  0.00
48.00  0.00
48.00  0.00
49.00  0.00
49.00  0.00
49.00  0.00
50.00  0.00
51.00  0.00
50.00  0.00
49.00  0.00
48.00  0.00
48.00  0.00
49.00  0.00
49.00  0.00
50.00  0.00
51.00  0.00
51.00  0.00
51.00  0.00
51.00  0.00
51.00  0.00
51.00  0.00
51.00  0.00
51.00  0.00
51.00  0.00
51.00  0.00
50.00  0.00
49.00  0.00
49.00  0.00
49.00  0.00
49.00  0.00
48.00  0.00
47.00  0.00
47.00  0.00
48.00  0.00
49.00  0.00
48.00  0.00
48.00  0.00
49.00  0.00
50.00  0.00
51.00  0.00
51.00  0.00
51.00  0.00