164.00  0.00
159.00  0.00
171.00  0.00
156.00  0.00
131.00  0.00
132.00  0.00
145.00  0.00
159.00  0.00
170.00  0.00
156.00  0.00
132.00  0.00
132.00  0.00
145.00  0.00
162.00  0.00
173.00  0.00
156.00  0.00
132.00  0.00
133.00  0.00
147.00  0.00
163.00  0.00
174.00  0.00
158.00  0.00
133.00  0.00
133.00  0.00
145.00  0.00
160.00  0.00
171.00  0.00
156.00  0.00
133.00  0.00
133.00  0.00
146.00  0.00
163.00  0.00
172.00  0.00
155.00  0.00
132.00  0.00
132.00  0.00
145.00  0.00
160.00  0.00
173.00  0.00
157.00  0.00
132.00  0.00
132.00  0.00
146.00  0.00
169.00  0.00
180.00  0.00
157.00  0.00
133.00  0.00
133.00  0.00
146.00  0.00
162.00  0.00
173.00  0.00
158.00  0.00
133.00  0.00
133.00  0.00
148.00  0.00
164.00  0.00
176.00  0.00
160.00  0.00
134.00  0.00
134.00  0.00
147.00  0.00
162.00  0.00
174.00  0.00
158.00  0.00
133.00  0.00
133.00  0.00
147.00  0.00
162.00  0.00
174.00  0.00
158.00  0.00
133.00  0.00
133.00  0.00
147.00  0.00
163.00  0.00
173.00  0.00
156.00  0.00
132.00  0.00
132.00  0.00
145.00  0.00
160.00  0.00
170.00  0.00
155.00  0.00
132.00  0.00
132.00  0.00
145.00  0.00
161.00  0.00
173.00  0.00
157.00  0.00
132.00  0.00
132.00  0.00
145.00  0.00
168.00  0.00
181.00  0.00
159.00  0.00
133.00  0.00
133.00  0.00
147.00  0.00
162.00  0.00
172.00  0.00
156.00  0.00
132.00  0.00
133.00  0.00
146.00  0.00
161.00  0.00
169.00  0.00
152.00  0.00
130.00  0.00
130.00  0.00
142.00  0.00
158.00  0.00
171.00  0.00
155.00  0.00
131.00  0.00
130.00  0.00
145.00  0.00
167.00  0.00
176.00  0.00
153.00  0.00
129.00  0.00
129.00  0.00