182.00  0.00
201.00  0.00
200.00  0.00
181.00  0.00
200.00  0.00
202.00  0.00
201.00  0.00
214.00  0.00
197.00  0.00
201.00  0.00
200.00  0.00
197.00  0.00
218.00  0.00
201.00  0.00
201.00  0.00
200.00  0.00
197.00  0.00
215.00  0.00
199.00  0.00
202.00  0.00
203.00  0.00
203.00  0.00
200.00  0.00
196.00  0.00
196.00  0.00
197.00  0.00
216.00  0.00
200.00  0.00
201.00  0.00
199.00  0.00
181.00  0.00
202.00  0.00
201.00  0.00
183.00  0.00
202.00  0.00
201.00  0.00
183.00  0.00
203.00  0.00
203.00  0.00
185.00  0.00
204.00  0.00
203.00  0.00
185.00  0.00
205.00  0.00
204.00  0.00
185.00  0.00
204.00  0.00
203.00  0.00
185.00  0.00
206.00  0.00
205.00  0.00
185.00  0.00
207.00  0.00
206.00  0.00
185.00  0.00
206.00  0.00
205.00  0.00
186.00  0.00
207.00  0.00
205.00  0.00
186.00  0.00
207.00  0.00
204.00  0.00
185.00  0.00
207.00  0.00
205.00  0.00
184.00  0.00
203.00  0.00
203.00  0.00
184.00  0.00
202.00  0.00
202.00  0.00
185.00  0.00
206.00  0.00
204.00  0.00
184.00  0.00
205.00  0.00
203.00  0.00
183.00  0.00
205.00  0.00
204.00  0.00
184.00  0.00
203.00  0.00
203.00  0.00
185.00  0.00
206.00  0.00
203.00  0.00
183.00  0.00
204.00  0.00
202.00  0.00
182.00  0.00
204.00  0.00
203.00  0.00
183.00  0.00
203.00  0.00
202.00  0.00
183.00  0.00
203.00  0.00
203.00  0.00
184.00  0.00
204.00  0.00
202.00  0.00
183.00  0.00
205.00  0.00
203.00  0.00
183.00  0.00
205.00  0.00
203.00  0.00
183.00  0.00
203.00  0.00
202.00  0.00
182.00  0.00
203.00  0.00
202.00  0.00
182.00  0.00
202.00  0.00
201.00  0.00
182.00  0.00
203.00  0.00
202.00  0.00