       2.59           
       2.62           
       2.79           
       2.76           
       2.53           
       2.51           
       2.51           
       2.48           
       2.41           
       2.55           
       2.55           
       2.61           
       2.55           
       2.56           
       2.59           
       2.52           
       2.61           
       2.67           
       2.49           
       2.69           
       2.70           
       2.65           
       2.64           
       2.50           
       2.71           
       2.51           
       2.64           
       2.66           
       2.73           
       2.55           
       2.64           
       2.55           
       2.60           
       2.62           
       2.54           
       2.71           
       2.49           
       2.65           
       2.61           
       2.77           
       2.54           
       2.54           
       2.49           
       2.56           
       2.60           
       2.67           
       2.70           
       2.53           
       2.53           
       2.68           
       2.73           
       2.76           
       2.65           
       2.48           
       2.55           
       2.47           
       2.60           
       2.54           
       2.70           
       2.45           
       2.48           
       2.48           
       2.41           
       2.80           
       2.70           
       2.70           
       2.60           
       2.69           
       2.57           
       2.56           
       2.77           
       2.61           
       2.60           
       2.67           
       2.42           
       2.43           
       2.62           
       2.60           
       2.39           
       2.42           
       2.46           
       2.38           
       2.44           
       2.55           
       2.51           
       2.54           
       2.43           
       2.55           
       2.51           
       2.52           
       2.44           
       2.47           
       2.40           
       2.49           
       2.41           
       2.54           
       2.51           
       2.55           
       2.47           
       2.64           
       2.65           
       2.57           
       2.53           
       2.63           
       2.51           
       2.68           
       2.57           
       2.64           
       2.30           
       2.31           
       2.40           
       2.36           
       2.39           
       2.45           
       2.50           
       2.51           
       2.52           
       2.50           
       2.53           
       2.58           
       2.52           
       2.60           
       2.56           
       2.75           
       2.61           
       2.85           
       2.60           
       2.80           
       2.52           
       2.61           
       2.74           
       2.63           
       2.64           
       2.53           
       2.50           
       2.62           
       2.74           
       2.56           
       2.47           
       2.72           
       2.59           
       2.69           
       2.73           
       2.75           
       2.55           
       2.59           
       2.56           
       2.58           
       2.54           
       2.87           
       2.58           
       2.38           
       2.53           
       2.56           
       2.54           
       2.59           
       2.49           
       2.47           
       2.55           
       2.48           
       2.70           
       2.57           
       2.67           
       2.58           
       2.64           
       2.67           
       2.58           
       2.57           
       2.74           
       2.80           
       2.74           
       2.42           
       2.48           
       2.61           
       2.63           
       2.63           
       2.83           
       2.74           
       2.67           
       2.73           
       2.61           
       2.62           
       2.80           
       2.73           
       2.73           
       2.60           
       2.74           
       2.64           
       2.66           
       2.61           
       2.61           
       2.59           
       2.63           
       2.61           
       2.64           
       2.88           
       2.47           
       2.49           
       2.53           
       2.58           
       2.62           
       2.53           
       2.47           
       2.46           
       2.38           
       2.43           
       2.46           
       2.51           
       2.30           
       2.49           
       2.49           
       2.46           
       2.55           
       2.68           
       2.52           
       2.44           
       2.61           
       2.50           
       2.65           
       2.47           
       2.50           
       2.42           
       2.48           
       2.48           
       2.54           
       2.49           
       2.56           
       2.46           
       2.38           
       2.46           
       2.53           
       2.62           
       2.60           
       2.48           
       2.50           
       2.38           
       2.42           
       2.39           
       2.43           
       2.35           
       2.46           
       2.42           
       2.59           
       2.84           
       2.70           
       2.63           
       2.64           
       2.66           
       2.39           
       2.49           
       2.56           
       2.57           
       2.67           
       2.39           
       2.53           
       2.39           
       2.30           
       2.48           
       2.30           
       2.31           
       2.45           
       2.30           
       2.35           
       2.21           
       2.38           
       2.44           
       2.50           
       2.44           
       2.59           
       2.44           
       2.43           
       2.35           
       2.38           
       2.45           
       2.50           
       2.54           
       2.50           
       2.46           
       2.30           
       2.30           
       2.33           
       2.41           
       2.43           
       2.44           
       2.39           
       2.45           
       2.44           
       2.42           
       2.35           
       2.00           
       2.26           
       2.15           
       2.16           
       2.38           
       2.54           
       2.50           
       2.41           
       2.33           
       2.46           
       2.44           
       2.57           
       2.52           
       2.48           
       2.53           
       2.56           
       2.61           
       2.54           
       2.79           
       2.70           
       2.62           
       2.61           
       2.82           
       2.63           
       2.64           
       2.66           
       2.57           
       2.54           
       2.56           
       2.60           
       2.41           
       2.55           
       2.59           
       2.57           
       2.67           
       2.48           
       2.56           
       2.52           
       2.65           
       2.40           
       2.49           
       2.74           
       2.52           
       2.51           
       2.55           
       2.54           
       2.49           
       2.54           
       2.69           
       2.51           
       2.50           
       2.48           
       2.57           
       2.77           
       2.73           
       2.53           
       2.52           
       2.58           
       2.59           
       2.52           
       2.53           
       2.39           
       2.35           
       2.43           
       2.66           
       2.60           
       2.65           
       2.45           
       2.36           
       2.31           
       2.34           
       2.36           
       2.43           
       2.44           
       2.45           
       2.56           
       2.46           
       2.43           
       2.50           
       2.53           
       2.59           
       2.58           
       2.53           
       2.55           
       2.50           
       2.45           
       2.55           
       2.46           
       2.58           
       2.42           
       2.54           
       2.45           
       2.68           
       2.70           
       2.63           
       2.52           
       2.61           
       2.52           
       2.43           
       2.51           
       2.65           
       2.56           
       2.50           
       2.64           
       2.77           
       2.57           
       2.50           
       2.61           
       2.50           
       2.54           
       2.56           
       2.56           
       2.50           
       2.55           
       2.49           
       2.45           
       2.66           
       2.63           
       2.69           
       2.68           
       2.53           
       2.57           
       2.50           
       2.57           
       2.43           
       2.53           
       2.57           
       2.46           
       2.61           
       2.86           
       2.71           
       2.55           
       2.59           
       2.13           
       1.82           
       1.92           
       2.04           
       2.32           
       2.21           
       2.39           
       2.46           
       2.49           
       2.52           
       2.83           
       2.63           
       2.72           
       2.71           
       2.78           
       2.75           
       2.68           
       2.71           
       2.73           
       2.93           
       2.79           
       2.83           
       2.93           
       2.93           
       2.95           
       2.98           
       2.92           
       2.82           
       2.75           
       2.54           
       2.46           
       2.75           
       2.73           
       2.63           
       2.73           
       2.72           
       2.71           
       2.72           
       2.58           
       2.60           
       2.49           
       2.60           
       2.49           
       2.63           
       2.48           
       2.63           
       2.67           
       2.54           
       2.45           
       2.31           
       2.40           
       2.44           
       2.55           
       2.38           
       2.53           
       2.17           
       2.29           
       2.22           
       2.32           
       2.43           
       2.40           
       2.47           
       2.48           
       2.42           
       2.43           
       2.41           
       2.47           
       2.45           
       2.47           
       2.41           
       2.47           
       2.41           
       2.25           
       2.28           
       2.34           
       2.28           
       2.45           
       2.74           
       2.83           
       2.85           
       2.66           
       2.58           
       2.58           
       2.70           
       2.49           
       2.59           
       2.67           
       2.60           
       2.58           
       2.87           
       2.59           
       2.41           
       2.24           
       2.43           
       2.43           
       2.55           
       2.47           
       2.42           
       2.40           
       2.35           
       2.40           
       2.53           
       2.56           
       2.60           
       2.71           
       2.52           
       2.44           
       2.57           
       2.71           
       2.74           
       2.62           
       2.52           
       2.44           
       2.44           
       2.42           
       2.43           
       2.45           
       2.34           
       2.31           
       2.62           
       2.30           
       2.48           
       2.24           
       2.22           
       2.44           
       2.55           
       2.47           
       2.59           
       2.53           
       2.54           
       2.55           
       2.43           
       2.48           
       2.47           
       2.57           
       2.57           
       2.47           
       2.43           
       2.46           
       2.48           
       2.42           
       2.40           
       2.43           
       2.42           
       2.47           
       2.44           
       2.50           
       2.38           
       2.33           
       2.63           
       2.54           
       2.49           
       2.49           
       2.52           
       1.94           
       2.06           
       2.35           
       2.40           
       2.53           
       2.59           
       2.46           
       2.47           
       2.37           
       2.61           
       2.59           
       2.30           
       2.42           
       2.35           
       2.31           
       2.52           
       2.41           
       2.58           
       2.67           
       2.65           
       2.55           
       2.56           
       2.55           
       2.51           
       2.44           
       2.62           
       2.66           
       2.56           
       2.52           
       2.51           
       2.44           
       2.43           
       2.50           
       2.51           
       2.60           
       2.65           
       2.47           
       2.47           
       2.52           
       2.53           
       2.62           
       2.46           
       2.44           
       2.57           
       2.49           
       2.76           
       2.45           
       2.52           
       2.48           
       2.47           
       2.48           
       2.47           
       2.35           
       2.43           
       2.37           
       2.30           
       2.50           
       2.56           
       2.55           
       2.68           
       2.55           
       2.56           
       2.39           
       2.23           
       2.35           
       2.32           
       2.64           
       2.57           
       2.57           
       2.49           
       2.53           
       2.52           
       2.43           
       2.54           
       2.49           
       2.42           
       2.52           
       2.61           
       2.60           
       2.49           
       2.56           
       2.57           
       2.47           
       2.47           
       2.47           
       2.38           
       2.35           
       2.42           
       2.30           
       2.40           
       2.56           
       2.58           
       2.61           
       2.66           
       2.79           
       2.93           
       2.88           
       2.88           
       2.72           
       2.79           
       2.87           
       2.95           
       2.76           
       2.82           
       2.62           
       2.48           
       2.52           
       2.47           
       2.52           
       2.36           
       2.52           
       2.46           
       2.63           
       2.41           
       2.47           
       2.41           
       2.66           
       2.50           
       2.69           
       2.72           
       2.44           
       2.33           
       2.54           
       2.64           
       2.49           
       2.37           
       2.40           
       2.36           
       2.49           
       2.52           
       2.45           
       2.46           
       2.51           
       2.35           
       2.42           
       2.54           
       2.36           
       2.30           
       2.23           
       2.54           
       2.33           
       2.51           
       2.54           
       2.58           
       2.54           
       2.48           
       2.66           
       2.55           
       2.55           
       2.46           
       2.69           
       2.64           
       2.76           
       2.58           
       2.60           
       2.56           
       2.51           
       2.40           
       2.40           
       2.32           
       2.14           
       2.22           
       2.30           
       2.36           
       2.22           
       2.24           
       2.35           
       2.34           
       2.44           
       2.13           
       2.42           
       2.35           
       2.49           
       2.41           
       2.41           
       2.50           
       2.51           
       2.62           
       2.37           
       2.40           
       2.48           
       2.37           
       2.43           
       2.63           
       2.47           
       2.47           
       2.68           
       2.81           
       2.80           
       2.80           
       2.98           
       2.73           
       2.76           
       2.33           
       2.30           
       2.06           
       2.31           
       2.44           
       2.40           
       2.45           
       2.50           
       2.39           
       2.40           
       2.54           
       2.49           
       2.48           
       2.31           
       2.41           
       2.32           
       2.45           
       2.44           
       2.40           
       2.29           
       2.34           
       2.35           
       2.26           
       2.33           
       2.34           
       2.34           
       2.43           
       2.49           
       2.48           
       2.23           
       2.40           
       2.35           
       2.47           
       2.48           
       2.50           
       2.37           
       2.43           
       2.23           
       2.29           
       2.36           
       2.40           
       2.28           
       2.21           
       2.49           
       2.44           
       2.56           
       2.39           
       2.39           
       2.07           
       2.31           
       2.42           
       2.34           
       2.47           
       2.39           
       2.49           
       2.46           
       2.55           
       2.58           
       2.33           
       2.38           
       2.15           
       2.22           
       2.42           
       2.57           
       2.44           
       2.45           
       2.52           
       2.46           
       2.41           
       2.47           
       2.47           
       2.53           
       2.35           
       2.40           
       2.42           
       2.48           
       2.83           
       2.83           
       2.52           
       2.52           
       2.44           
       2.59           
       2.46           
       2.56           
       2.49           
       2.50           
       2.49           
       2.59           
       2.48           
       2.48           
       2.42           
       2.52           
       2.34           
       2.41           
       2.32           
       2.39           
       2.41           
       2.40           
       2.29           
       2.23           
       2.05           
       2.10           
       2.44           
       2.41           
       2.52           
       2.46           
       2.41           
       2.50           
       2.31           
       2.36           
       2.43           
       2.54           
       2.37           
       2.28           
       2.32           
       2.36           
       2.41           
       2.42           
       2.43           
       2.43           
       2.37           
       2.31           
       2.45           
       2.38           
       2.37           
       2.36           
       2.41           
       2.45           
       2.37           
       2.40           
       2.47           
       2.36           
       2.44           
       2.47           
       2.51           
       2.40           
       2.57           
       2.51           
       2.41           
       2.54           
       2.44           
       2.48           
       2.45           
       2.46           
       2.40           
       2.46           
       2.34           
       2.32           
       2.46           
       2.34           
       2.82           
       2.72           
       2.63           
       2.52           
       2.51           
       2.37           
       2.24           
       2.35           
       2.24           
       2.29           
       2.28           
       2.43           
       2.21           
       2.04           
       2.25           
       2.27           
       2.53           
       2.35           
       2.08           
       2.23           
       2.48           
       2.37           
       2.36           
       2.50           
       2.47           
       2.57           
       2.28           
       1.89           
       2.29           
       2.47           
       2.44           
       2.26           
       2.17           
       2.23           
       1.94           
       2.18           
       2.27           
       2.45           
       2.47           
       2.48           
       2.40           
       2.35           
       2.51           
       2.56           
       2.49           
       2.71           
       2.44           
       2.44           
       2.55           
       2.47           
       2.52           
       2.36           
       2.43           
       2.32           
       2.33           
       2.28           
       2.44           
       2.50           
       2.54           
       2.40           
       2.41           
       2.50           
       2.45           
       2.38           
       2.44           
       2.40           
       2.52           
       2.36           
       2.34           
       2.37           
       2.49           
       2.50           
       2.28           
       2.26           
       2.68           
       2.44           
       2.12           
       2.09           
       2.09           
       2.02           
       2.21           
       2.22           
       2.08           
       2.38           
       2.40           
       2.34           
       2.26           
       2.27           
       2.32           
       2.51           
       2.65           
       2.45           
       2.53           
       2.45           
       2.36           
       2.34           
       2.46           
       2.55           
       2.16           
       2.14           
       2.46           
       2.31           
       2.50           
       2.46           
       2.43           
       2.43           
       2.56           
       2.48           
       2.55           
       2.66           
       2.73           
       2.65           
       2.62           
       2.58           
       2.48           
       2.53           
       2.61           
       2.33           
       2.37           
       2.48           
       2.39           
       2.44           
       2.39           
       2.46           
       2.55           
       2.49           
       2.54           
       2.54           
       2.60           
       2.49           
       2.42           
       2.40           
       2.61           
       2.59           
       2.61           
       2.41           
       2.42           
       2.55           
       2.27           
       2.28           
       2.39           
       2.53           
       2.50           
       2.31           
       2.51           
       2.60           
       2.63           
       2.50           
       2.79           
       2.83           
       2.60           
       2.23           
       2.48           
       2.50           
       2.84           
       2.78           
       2.58           
       2.54           
       2.55           
       2.54           
       2.42           
       2.39           
       2.25           
       2.41           
       2.49           
       2.45           
       2.36           
       2.49           
       2.11           
       2.29           
       2.34           
       2.51           
       2.43           
       2.52           
       2.55           
       2.60           
       2.50           
       2.50           
       2.57           
       2.51           
       2.51           
       2.48           
       2.65           
       2.47           
       2.61           
       2.56           
       2.46           
       2.55           
       2.43           
       2.58           
       2.58           
       2.65           
       2.40           
       2.41           
       2.27           
       2.42           
       2.52           
       2.42           
       2.36           
       2.42           
       2.41           
       2.35           
       2.42           
       2.44           
       2.49           
       2.44           
       2.65           
       2.52           
       2.43           
       2.46           
       2.50           
       2.41           
       2.17           
       2.42           
       2.57           
       2.56           
       2.60           
       2.53           
       2.51           
       2.45           
       2.62           
       2.65           
       2.50           
       2.39           
       2.32           
       2.43           
       2.48           
       2.53           
       2.25           
       2.44           
       2.39           
       2.67           
       2.41           
       2.33           
       2.30           
       2.22           
       2.19           
       2.26           
       2.40           
       2.54           
       2.41           
       2.53           
       2.45           
       2.55           
       2.34           
       2.45           
       2.59           
       2.56           
       2.43           
       2.41           
       2.40           
       2.27           
       2.37           
       2.40           
       2.36           
       2.40           
       2.23           
       2.23           
       2.46           
       2.36           
       2.32           
       2.34           
       2.42           
       2.29           
       2.40           
       2.47           
       2.43           
       2.40           
       2.41           
       2.48           
       2.40           
       2.31           
       2.53           
       2.50           
       2.42           
       2.26           
       2.39           
       2.48           
       2.47           
       2.49           
       2.46           
       2.57           
       2.47           
       2.49           
       2.45           
       2.42           
       2.43           
       2.42           
       2.24           
       2.44           
       2.16           
       2.42           
       2.54           
       2.59           
       2.50           
       2.43           
       2.40           
       2.27           
       2.34           
       2.45           
       2.40           
       2.31           
       2.32           
       2.41           
       2.53           
       2.47           
       2.57           
       2.47           
       2.34           
       2.38           
       2.33           
       2.36           
       2.53           
       2.43           
       2.35           
       2.46           
       2.36           
       2.44           
       2.34           
       2.37           
       2.27           
       2.48           
       2.11           
       2.07           
       2.16           
       2.11           
       2.26           
       2.45           
       2.46           
       2.30           
       2.44           
       2.51           
       2.35           
       2.38           
       2.42           
       2.35           
       2.20           
       2.42           
       2.33           
       2.34           
       2.38           
       2.38           
       2.29           
       2.34           
       2.52           
       2.36           
       2.33           
       2.29           
       2.24           
       2.32           
       2.46           
       2.37           
       2.35           
       2.42           
       2.29           
       2.47           
       2.19           
       2.50           
       2.38           
       2.11           
       2.23           
       2.28           
       2.18           
       2.45           
       2.41           
       2.30           
       2.49           
       2.48           
       2.69           
       2.39           
       2.44           
       2.45           
       2.53           
       2.41           
       2.17           
       2.25           
       2.20           
       2.64           
       2.52           
       2.48           
       2.63           
       2.53           
       2.47           
       2.42           
       2.48           
       2.46           
       2.33           
       2.54           
       2.46           
       2.54           
       2.48           
       2.60           
       2.54           
       2.23           
       2.39           
       2.55           
       2.54           
       2.37           
       2.26           
       2.45           
       2.55           
       2.62           
       2.42           
       2.34           
       2.16           
       2.25           
       2.24           
       2.28           
       2.35           
       2.40           
       2.27           
       2.35           
       2.43           
       2.47           
       2.47           
       2.46           
       2.41           
       2.51           
       2.52           
       2.47           
       2.51           
       2.44           
       2.45           
       2.43           
       2.40           
       2.66           
       2.61           
       2.55           
       2.53           
       2.60           
       2.57           
       2.29           
       2.43           
       2.72           
       2.49           
       2.54           
       2.42           
       2.41           
       2.48           
       2.33           
       2.44           
       2.43           
       2.36           
       2.39           
       2.49           
       2.43           
       2.41           
       2.24           
       2.26           
       2.21           
       2.48           
       2.38           
       2.45           
       2.40           
       2.32           
       2.31           
       2.45           
       2.61           
       2.56           
       2.55           
       2.47           
       2.47           
       2.28           
       2.40           
       2.47           
       2.49           
       2.49           
       2.41           
       2.47           
       2.31           
       2.39           
       2.40           
       2.49           
       2.60           
       2.69           
       2.84           
       2.52           
       2.50           
       2.46           
       2.53           
       2.41           
       2.42           
       2.48           
       2.57           
       2.47           
       2.33           
       2.35           
       2.40           
       2.30           
       2.29           
       2.37           
       2.37           
       2.37           
       2.30           
       2.52           
       2.62           
       2.51           
       2.51           
       2.56           
       2.41           
       2.53           
       2.58           
       2.45           
       2.33           
       2.49           
       2.64           
       2.18           
       2.43           
       2.75           
       2.81           
       2.52           
       2.48           
       2.56           
       2.51           
       2.66           
       2.43           
       2.50           
       2.29           
       2.36           
       2.44           
       2.51           
       2.62           
       2.55           
       2.47           
       2.40           
       2.39           
       2.54           
       2.52           
       2.55           
       2.41           
