428.00  0.00
441.00  0.16
441.00  0.00
436.00  0.00
432.00  0.00
433.00  0.00
433.00  0.00
433.00  0.00
433.00  0.00
432.00  0.00
436.00  0.00
437.00  0.00
432.00  0.00
428.00  0.00
428.00  0.00
432.00  0.00
432.00  0.00
428.00  0.00
428.00  0.00
432.00  0.00
437.00  0.00
441.00  0.00
441.00  0.00
441.00  0.00
441.00  0.00
441.00  0.00
441.00  0.00
441.00  0.00
441.00  0.00
437.00  0.00
437.00  0.00
441.00  0.00
441.00  0.00
441.00  0.00
441.00  0.00
441.00  0.00
441.00  0.00
441.00  0.00
441.00  0.00
441.00  0.00
441.00  0.00
437.00  0.00
437.00  0.00
441.00  0.00
441.00  0.00
441.00  0.00
441.00  0.00
445.00  0.00
445.00  0.00
441.00  0.00
446.00  0.00
446.00  0.00
441.00  0.00
441.00  0.00
447.00  0.00
447.00  0.00
441.00  0.00
441.00  0.00
441.00  0.00
441.00  0.00
441.00  0.00
442.00  0.00
441.00  0.00
441.00  0.00
441.00  0.00
441.00  0.00
446.00  0.00
447.00  0.00
446.00  0.00
446.00  0.00
441.00  0.00
437.00  0.00
437.00  0.00
437.00  0.00
432.00  0.00
432.00  0.00
436.00  0.00
437.00  0.00
433.00  0.00
432.00  0.00
432.00  0.00
428.00  0.00
428.00  0.00
428.00  0.00
428.00  0.00
432.00  0.00
432.00  0.00
432.00  0.00
432.00  0.00
433.00  0.00
432.00  0.00
428.00  0.00
424.00  0.00
424.00  0.00
415.00  0.00
419.00  0.00
415.00  0.00
403.00  0.00
411.00  0.00
411.00  0.00
403.00  0.00
411.00  0.00
415.00  0.00
407.00  0.00
411.00  0.00
415.00  0.00
411.00  0.00
424.00  0.00
427.00  0.00
415.00  0.00
424.00  0.00
428.00  0.00
419.00  0.00
427.00  0.00
428.00  0.00
419.00  0.00
427.00  0.00
428.00  0.00
419.00  0.00
428.00  0.00