248.00  0.00
255.00  0.25
254.00  0.00
255.00  0.00
257.00  0.00
258.00  0.00
258.00  0.00
253.00  0.00
250.00  0.00
252.00  0.00
254.00  0.00
257.00  0.00
255.00  0.00
250.00  0.00
249.00  0.00
252.00  0.00
255.00  0.00
257.00  0.00
257.00  0.00
251.00  0.00
249.00  0.00
250.00  0.00
252.00  0.00
255.00  0.00
255.00  0.00
251.00  0.00
249.00  0.00
252.00  0.00
252.00  0.00
254.00  0.00
254.00  0.00
251.00  0.00
251.00  0.00
252.00  0.00
251.00  0.00
251.00  0.00
252.00  0.00
252.00  0.00
249.00  0.00
247.00  0.00
248.00  0.00
248.00  0.00
252.00  0.00
254.00  0.00
249.00  0.00
246.00  0.00
247.00  0.00
250.00  0.00
252.00  0.00
251.00  0.00
248.00  0.00
246.00  0.00
247.00  0.00
250.00  0.00
253.00  0.00
253.00  0.00
249.00  0.00
249.00  0.00
252.00  0.00
250.00  0.00
252.00  0.00
253.00  0.00
247.00  0.00
245.00  0.00
247.00  0.00
249.00  0.00
250.00  0.03
255.00  0.00
257.00  0.00
252.00  0.00
250.00  0.00
251.00  0.00
252.00  0.00
255.00  0.00
257.00  0.00
252.00  0.00
250.00  0.00
252.00  0.00
253.00  0.00
256.00  0.00
255.00  0.00
249.00  0.00
247.00  0.03
248.00  0.00
249.00  0.00
252.00  0.00
254.00  0.00
255.00  0.00
252.00  0.00
247.00  0.00
247.00  0.00
247.00  0.00
245.00  0.00
243.00  0.00
242.00  0.00
242.00  0.00
242.00  0.00
243.00  0.00
243.00  0.00
243.00  0.00
243.00  0.00
243.00  0.00
243.00  0.00
244.00  0.00
246.00  0.00
247.00  0.00
247.00  0.00
247.00  0.00
250.00  0.00
255.00  0.00
256.00  0.00
252.00  0.00
251.00  0.00
253.00  0.00
255.00  0.00
258.00  0.00
258.00  0.00
255.00  0.00
253.00  0.00
255.00  0.00