258.00  0.00
263.00  0.00
268.00  0.00
270.00  0.00
265.00  0.00
263.00  0.00
264.00  0.00
264.00  0.00
268.00  0.00
270.00  0.00
263.00  0.00
260.00  0.00
261.00  0.00
263.00  0.00
266.00  0.00
265.00  0.00
258.00  0.00
257.00  0.00
258.00  0.00
258.00  0.00
261.00  0.00
263.00  0.00
258.00  0.00
257.00  0.00
260.00  0.00
261.00  0.00
263.00  0.00
263.00  0.00
256.00  0.00
253.00  0.00
257.00  0.00
261.00  0.00
266.00  0.00
268.00  0.00
266.00  0.00
264.00  0.00
264.00  0.00
266.00  0.00
272.00  0.00
272.00  0.00
266.00  0.00
264.00  0.00
264.00  0.00
266.00  0.00
272.00  0.00
272.00  0.00
266.00  0.00
264.00  0.00
266.00  0.00
268.00  0.00
268.00  0.00
266.00  0.00
263.00  0.00
261.00  0.00
261.00  0.00
263.00  0.00
267.00  0.00
265.00  0.00
258.00  0.00
256.00  0.00
258.00  0.00
260.00  0.00
263.00  0.00
265.00  0.00
260.00  0.00
257.00  0.00
258.00  0.00
260.00  0.00
265.00  0.00
265.00  0.00
260.00  0.00
260.00  0.00
263.00  0.00
266.00  0.00
270.00  0.00
270.00  0.00
265.00  0.00
263.00  0.00
265.00  0.00
268.00  0.00
273.00  0.06
273.00  0.00
266.00  0.00
265.00  0.00
266.00  0.00
268.00  0.00
273.00  0.00
273.00  0.00
268.00  0.00
266.00  0.00
266.00  0.00
266.00  0.00
270.00  0.00
268.00  0.00
260.00  0.00
257.00  0.00
258.00  0.00
258.00  0.00
261.00  0.00
263.00  0.00
258.00  0.00
258.00  0.00
261.00  0.00
263.00  0.00
266.00  0.00
268.00  0.00
263.00  0.00
260.00  0.00
263.00  0.03
264.00  0.00
264.00  0.00
264.00  0.00
260.00  0.00
258.00  0.00
263.00  0.00
264.00  0.00
266.00  0.00
266.00  0.00
261.00  0.00
260.00  0.00