72.00  0.00
90.00  0.00
87.00  0.00
86.00  0.00
86.00  0.00
85.00  0.00
85.00  0.00
87.00  0.00
86.00  0.00
85.00  0.00
87.00  0.00
87.00  0.00
88.00  0.00
90.00  0.00
90.00  0.00
88.00  0.00
87.00  0.00
86.00  0.00
86.00  0.00
88.00  0.00
89.00  0.00
89.00  0.00
88.00  0.00
85.00  0.00
86.00  0.00
88.00  0.00
89.00  0.00
89.00  0.00
90.00  0.45
89.00  0.00
89.00  0.00
91.00  0.00
90.00  0.00
90.00  0.00
90.00  0.00
87.00  0.00
85.00  0.00
85.00  0.00
84.00  0.00
83.00  0.00
84.00  0.00
84.00  0.00
85.00  0.00
88.00  0.00
88.00  0.00
88.00  0.00
88.00  0.00
86.00  0.00
85.00  0.00
87.00  0.00
86.00  0.00
83.00  0.00
82.00  0.00
80.00  0.00
80.00  0.00
83.00  0.00
84.00  0.00
83.00  0.00
84.00  0.00
83.00  0.00
84.00  0.00
88.00  0.00
89.00  0.00
89.00  0.00
87.00  0.00
85.00  0.00
84.00  0.00
86.00  0.00
85.00  0.00
83.00  0.00
81.00  0.00
80.00  0.00
81.00  0.00
84.00  0.00
84.00  0.00
82.00  0.00
82.00  0.00
82.00  0.00
85.00  0.00
87.00  0.00
86.00  0.00
84.00  0.00
84.00  0.00
83.00  0.00
84.00  0.00
86.00  0.00
86.00  0.00
86.00  0.00
86.00  0.00
85.00  0.00
84.00  0.00
84.00  0.00
84.00  0.31
83.00  0.00
84.00  0.00
82.00  0.00
83.00  0.00
86.00  0.00
87.00  0.00
86.00  0.00
85.00  0.00
83.00  0.00
82.00  0.00
82.00  0.00
82.00  0.00
81.00  0.00
81.00  0.00
80.00  0.00
80.00  0.00
81.00  0.00
80.00  0.00
80.00  0.00
81.00  0.00
81.00  0.00
83.00  0.00
85.00  0.00
84.00  0.00
83.00  0.04
84.00  0.00
85.00  0.00