266.00  0.00
275.00  0.00
277.00  0.00
273.00  0.00
273.00  0.00
277.00  0.00
275.00  0.00
273.00  0.00
275.00  0.00
273.00  0.00
273.00  0.00
277.00  0.00
277.00  0.00
277.00  0.00
279.00  0.00
277.00  0.04
277.00  0.07
279.00  0.00
277.00  0.00
277.00  0.00
279.00  0.00
279.00  0.00
280.00  0.00
282.00  0.00
280.00  0.00
280.00  0.00
284.00  0.00
282.00  0.00
282.00  0.00
284.00  0.00
279.00  0.00
277.00  0.00
279.00  0.00
277.00  0.00
275.00  0.00
275.00  0.00
275.00  0.00
277.00  0.00
279.00  0.00
277.00  0.00
277.00  0.00
279.00  0.00
275.00  0.00
275.00  0.00
277.00  0.00
275.00  0.00
277.00  0.00
277.00  0.00
273.00  0.00
275.00  0.00
281.00  0.00
279.00  0.00
279.00  0.00
282.00  0.00
279.00  0.00
277.00  0.00
279.00  0.00
277.00  0.00
277.00  0.00
278.00  0.00
275.00  0.00
275.00  0.00
279.00  0.00
275.00  0.00
275.00  0.00
277.00  0.00
274.00  0.00
274.00  0.00
277.00  0.00
275.00  0.00
275.00  0.00
279.00  0.00
277.00  0.00
277.00  0.00
279.00  0.00
279.00  0.00
279.00  0.00
279.00  0.00
277.00  0.00
275.00  0.00
277.00  0.00
277.00  0.00
275.00  0.00
277.00  0.00
277.00  0.00
277.00  0.00
279.00  0.00
275.00  0.00
275.00  0.00
279.00  0.00
277.00  0.00
277.00  0.00
279.00  0.00
277.00  0.00
279.00  0.00
281.00  0.00
279.00  0.00
280.00  0.00
282.00  0.00
279.00  0.00
279.00  0.00
281.00  0.00
277.00  0.00
277.00  0.00
279.00  0.00
275.00  0.00
275.00  0.00
281.00  0.00
279.00  0.00
279.00  0.00
282.00  0.00
279.00  0.00
279.00  0.00
282.00  0.00
279.00  0.00
277.00  0.00
277.00  0.00
270.00  0.00
265.00  0.00
268.00  0.00