456.00  0.00
471.00  0.00
465.00  0.00
471.00  0.00
471.00  0.00
465.00  0.00
471.00  0.00
467.00  0.00
456.00  0.00
466.00  0.00
466.00  0.00
456.00  0.00
466.00  0.00
471.00  0.00
460.00  0.00
466.00  0.00
466.00  0.00
455.00  0.00
466.00  0.00
466.00  0.00
456.00  0.00
461.00  0.00
461.00  0.00
456.00  0.00
467.00  0.00
466.00  0.00
455.00  0.00
466.00  0.00
471.00  0.00
461.00  0.00
466.00  0.00
471.00  0.00
461.00  0.00
472.00  0.00
476.00  0.00
465.00  0.00
476.00  0.00
477.00  0.00
466.00  0.00
471.00  0.00
466.00  0.00
456.00  0.00
467.00  0.00
467.00  0.00
456.00  0.00
461.00  0.00
456.00  0.00
446.00  0.00
456.00  0.00
456.00  0.00
446.00  0.00
456.00  0.00
456.00  0.00
446.00  0.00
456.00  0.00
461.00  0.00
456.00  0.00
460.00  0.00
456.00  0.00
451.00  0.00
461.00  0.00
461.00  0.00
455.00  0.00
466.00  0.00
461.00  0.00
451.00  0.00
466.00  0.00
466.00  0.01
456.00  0.00
466.00  0.00
466.00  0.00
461.00  0.00
466.00  0.00
461.00  0.00
455.00  0.00
461.00  0.00
457.00  0.00
451.00  0.00
461.00  0.00
461.00  0.00
456.00  0.00
461.00  0.00
460.00  0.00
455.00  0.00
465.00  0.00
466.00  0.00
456.00  0.00
466.00  0.00
466.00  0.00
456.00  0.00
466.00  0.00
466.00  0.00
456.00  0.00
467.00  0.00
471.00  0.00
465.00  0.00
471.00  0.00
471.00  0.00
465.00  0.00
471.00  0.00
471.00  0.00
466.00  0.00
471.00  0.00
471.00  0.00
466.00  0.00
471.00  0.00
472.00  0.00
466.00  0.00
476.00  0.00
477.00  0.00
466.00  0.00
476.00  0.00
477.00  0.00
471.00  0.00
481.00  0.00
488.00  0.00
467.00  0.00
461.00  0.00
482.00  0.00
466.00  0.00