281.00  0.00
292.00  0.00
290.00  0.00
288.00  0.00
290.00  0.00
288.00  0.00
289.00  0.00
291.00  0.00
286.00  0.00
286.00  0.00
290.00  0.00
286.00  0.00
284.00  0.00
286.00  0.00
284.00  0.00
284.00  0.00
284.00  0.00
280.00  0.00
282.00  0.00
284.00  0.00
280.00  0.00
280.00  0.00
284.00  0.00
282.00  0.00
279.00  0.00
281.00  0.00
280.00  0.00
279.00  0.00
281.00  0.00
280.00  0.00
280.00  0.00
284.00  0.00
284.00  0.10
284.00  0.00
288.00  0.00
286.00  0.00
284.00  0.00
286.00  0.00
284.00  0.00
285.00  0.00
289.00  0.00
287.00  0.00
287.00  0.00
290.00  0.00
288.00  0.00
290.00  0.00
294.00  0.00
290.00  0.00
290.00  0.00
290.00  0.00
286.00  0.00
290.00  0.00
290.00  0.00
286.00  0.00
290.00  0.00
290.00  0.00
286.00  0.00
290.00  0.00
288.00  0.00
282.00  0.00
286.00  0.00
286.00  0.00
283.00  0.00
287.00  0.00
285.00  0.00
281.00  0.00
286.00  0.00
282.00  0.00
277.00  0.00
285.00  0.00
285.00  0.00
281.00  0.00
286.00  0.00
287.00  0.00
285.00  0.00
290.00  0.00
288.00  0.00
284.00  0.00
290.00  0.00
288.00  0.00
284.00  0.00
290.00  0.00
288.00  0.00
282.00  0.00
288.00  0.00
288.00  0.00
284.00  0.00
288.00  0.00
286.00  0.00
282.00  0.00
286.00  0.00
286.00  0.00
282.00  0.00
286.00  0.00
285.00  0.00
281.00  0.00
286.00  0.00
286.00  0.00
284.00  0.00
290.00  0.00
289.00  0.00
285.00  0.00
290.00  0.00
290.00  0.00
288.00  0.00
290.00  0.00
288.00  0.00
290.00  0.00
294.00  0.00
292.00  0.00
292.00  0.00
290.00  0.00
286.00  0.00
290.00  0.00
288.00  0.00
284.00  0.00
288.00  0.00
286.00  0.00
282.00  0.00
285.00  0.00