287.00  0.00
291.00  0.00
292.00  0.00
294.00  0.00
295.00  0.24
297.00  0.00
299.00  0.00
296.00  0.00
294.00  0.00
295.00  0.00
297.00  0.00
297.00  0.00
297.00  0.00
299.00  0.00
301.00  0.00
301.00  0.00
299.00  0.00
299.00  0.00
299.00  0.00
297.00  0.00
297.00  0.00
296.00  0.00
294.00  0.00
295.00  0.00
295.00  0.00
295.00  0.00
297.00  0.00
296.00  0.00
296.00  0.00
296.00  0.00
294.00  0.00
294.00  0.00
290.00  0.00
284.00  0.00
288.00  0.00
285.00  0.00
279.00  0.00
285.00  0.00
286.00  0.00
284.00  0.00
290.00  0.00
290.00  0.00
295.00  0.00
297.00  0.00
295.00  0.00
293.00  0.00
293.00  0.00
293.00  0.00
292.00  0.00
296.00  0.00
297.00  0.00
297.00  0.00
301.00  0.00
301.00  0.00
301.00  0.00
301.00  0.00
301.00  0.00
303.00  0.00
303.00  0.00
301.00  0.00
299.00  0.00
297.00  0.00
295.00  0.00
295.00  0.00
295.00  0.00
295.00  0.00
292.00  0.00
294.00  0.00
292.00  0.00
295.00  0.00
295.00  0.15
292.00  0.00
292.00  0.00
295.00  0.00
295.00  0.00
297.00  0.00
297.00  0.00
295.00  0.00
295.00  0.00
295.00  0.00
295.00  0.00
292.00  0.00
292.00  0.00
289.00  0.00
293.00  0.00
293.00  0.00
292.00  0.00
294.00  0.00
297.00  0.00
297.00  0.00
294.00  0.00
296.00  0.00
297.00  0.00
297.00  0.00
299.00  0.00
297.00  0.00
295.00  0.00
295.00  0.00
294.00  0.00
294.00  0.00
295.00  0.00
295.00  0.00
295.00  0.00
293.00  0.00
290.00  0.00
288.00  0.00
284.00  0.00
290.00  0.00
290.00  0.00
290.00  0.00
294.00  0.00
291.00  0.00
291.00  0.00
289.00  0.00
284.00  0.00
293.00  0.00
293.00  0.00
286.00  0.00
290.00  0.00
290.00  0.00