114.00  0.00
102.00  0.00
103.00  0.00
103.00  0.00
103.00  0.00
105.00  0.00
106.00  0.00
106.00  0.00
107.00  0.00
107.00  0.00
107.00  0.00
107.00  0.00
106.00  0.00
108.00  0.00
110.00  0.00
111.00  0.00
109.00  0.00
106.00  0.00
103.00  0.00
99.00  0.00
96.00  0.00
97.00  0.00
100.00  0.00
99.00  0.00
97.00  0.00
98.00  0.00
99.00  0.00
100.00  0.00
103.00  0.00
104.00  0.00
104.00  0.00
104.00  0.00
103.00  0.00
103.00  0.00
103.00  0.00
102.00  0.00
101.00  0.00
101.00  0.00
101.00  0.00
100.00  0.00
100.00  0.00
101.00  0.00
102.00  0.00
104.00  0.00
105.00  0.00
104.00  0.00
104.00  0.00
105.00  0.00
104.00  0.00
101.00  0.00
98.00  0.00
99.00  0.00
101.00  0.00
102.00  0.00
104.00  0.00
103.00  0.00
103.00  0.00
103.00  0.00
103.00  0.00
102.00  0.00
102.00  0.00
102.00  0.00
102.00  0.00
102.00  0.00
103.00  0.00
104.00  0.00
106.00  0.00
107.00  0.00
105.00  0.00
104.00  0.00
106.00  0.00
107.00  0.00
107.00  0.00
105.00  0.00
100.00  0.00
99.00  0.00
101.00  0.00
102.00  0.00
103.00  0.00
104.00  0.00
106.00  0.00
109.00  0.00
111.00  0.00
111.00  0.00
109.00  0.00
107.00  0.00
108.00  0.00
107.00  0.00
105.00  0.00
103.00  0.00
100.00  0.00
99.00  0.00
100.00  0.00
101.00  0.00
102.00  0.00
105.00  0.00
107.00  0.00
107.00  0.00
108.00  0.00
109.00  0.00
109.00  0.00
109.00  0.00
109.00  0.00
108.00  0.00
107.00  0.00
106.00  0.00
106.00  0.00
107.00  0.00
109.00  0.00
109.00  0.00
108.00  0.00
108.00  0.00
109.00  0.00
109.00  0.00
109.00  0.19
108.00  0.00
107.00  0.03
106.00  0.00
106.00  0.00
107.00  0.00