472.00  0.00
505.00  0.00
511.00  0.00
499.00  0.00
476.00  0.00
476.00  0.00
499.00  0.00
511.00  0.00
511.00  0.00
499.00  0.00
481.00  0.00
481.00  0.00
493.00  0.00
499.00  0.00
505.00  0.00
499.00  0.00
482.00  0.00
488.00  0.00
499.00  0.00
499.00  0.00
499.00  0.00
505.00  0.00
511.00  0.00
511.00  0.00
511.00  0.00
511.00  0.00
511.00  0.00
506.00  0.00
506.00  0.00
512.00  0.00
511.00  0.00
511.00  0.00
511.00  0.00
517.00  0.00
518.00  0.00
518.00  0.00
523.00  0.00
524.00  0.00
518.00  0.00
512.00  0.00
512.00  0.00
511.00  0.00
511.00  0.00
517.00  0.00
517.00  0.00
511.00  0.00
511.00  0.24
518.00  0.00
518.00  0.00
511.00  0.00
511.00  0.00
511.00  0.00
512.00  0.00
512.00  0.00
505.00  0.00
505.00  0.00
511.00  0.00
511.00  0.00
511.00  0.00
511.00  0.00
511.00  0.00
518.00  0.00
518.00  0.00
512.00  0.00
518.00  0.00
518.00  0.00
512.00  0.00
518.00  0.00
517.00  0.00
517.00  0.00
523.00  0.00
518.00  0.00
512.00  0.00
511.00  0.00
512.00  0.00
512.00  0.00
511.00  0.00
511.00  0.00
511.00  0.00
511.00  0.00
511.00  0.00
506.00  0.00
506.00  0.00
511.00  0.00
506.00  0.00
506.00  0.00
511.00  0.00
511.00  0.00
499.00  0.00
482.00  0.00
488.00  0.00
499.00  0.00
499.00  0.00
505.00  0.00
511.00  0.00
256.00  0.00
250.00  0.00
499.00  0.00
493.00  0.00
493.00  0.00
499.00  0.00
493.00  0.00
493.00  0.00
505.00  0.00
511.00  0.00
511.00  0.00
505.00  0.00
488.00  0.00
488.00  0.00
505.00  0.00
505.00  0.00
505.00  0.00
505.00  0.00
488.00  0.00
482.00  0.00
493.00  0.00
504.00  0.00
505.00  0.00
493.00  0.00
477.00  0.00