55.00  0.00
51.00  0.00
51.00  0.00
52.00  0.00
53.00  0.00
53.00  0.00
52.00  0.00
52.00  0.00
52.00  0.00
51.00  0.00
50.00  0.00
49.00  0.00
49.00  0.00
49.00  0.00
50.00  0.00
52.00  0.00
53.00  0.00
53.00  0.00
53.00  0.00
52.00  0.00
51.00  0.00
51.00  0.00
51.00  0.00
51.00  0.00
51.00  0.00
52.00  0.00
53.00  0.00
51.00  0.00
51.00  0.00
52.00  0.00
52.00  0.00
52.00  0.00
52.00  0.00
52.00  0.00
52.00  0.00
53.00  0.00
54.00  0.00
52.00  0.00
51.00  0.00
52.00  0.00
52.00  0.00
53.00  0.00
54.00  0.00
54.00  0.00
53.00  0.00
52.00  0.00
52.00  0.00
51.00  0.00
52.00  0.00
52.00  0.00
52.00  0.00
52.00  0.00
52.00  0.00
53.00  0.00
54.00  0.00
53.00  0.00
53.00  0.00
54.00  0.00
55.00  0.00
54.00  0.00
53.00  0.00
52.00  0.00
52.00  0.00
52.00  0.00
51.00  0.00
51.00  0.00
51.00  0.00
51.00  0.00
52.00  0.00
51.00  0.00
51.00  0.00
51.00  0.00
51.00  0.00
52.00  0.00
52.00  0.00
52.00  0.00
53.00  0.00
52.00  0.00
52.00  0.00
53.00  0.00
53.00  0.00
51.00  0.00
50.00  0.00
51.00  0.00
51.00  0.00
52.00  0.00
51.00  0.00
51.00  0.00
51.00  0.00
51.00  0.00
52.00  0.00
53.00  0.00
52.00  0.00
51.00  0.00
51.00  0.00
51.00  0.00
51.00  0.00
52.00  0.00
52.00  0.00
52.00  0.00
52.00  0.00
52.00  0.00
52.00  0.00
50.00  0.00
50.00  0.00
51.00  0.00
51.00  0.00
50.00  0.00
49.00  0.00
50.00  0.00
50.00  0.00
50.00  0.00
50.00  0.00
50.00  0.00
49.00  0.00
50.00  0.00
51.00  0.00
52.00  0.00
53.00  0.00
53.00  0.00