395.00  0.00
411.00  0.00
419.00  0.00
410.00  0.00
411.00  0.00
415.00  0.00
403.00  0.00
407.00  0.00
419.00  0.00
407.00  0.00
411.00  0.00
423.00  0.00
407.00  0.00
407.00  0.00
419.00  0.00
410.00  0.00
415.00  0.00
427.00  0.00
411.00  0.00
407.00  0.00
419.00  0.00
407.00  0.00
407.00  0.00
415.00  0.00
400.00  0.00
404.00  0.00
415.00  0.00
399.00  0.00
395.00  0.00
410.00  0.00
410.00  0.00
399.00  0.00
407.00  0.00
414.00  0.00
403.00  0.00
407.00  0.00
415.00  0.00
403.00  0.00
407.00  0.00
419.00  0.00
407.00  0.00
407.00  0.00
415.00  0.00
404.00  0.00
407.00  0.00
414.00  0.00
403.00  0.00
403.00  0.00
411.00  0.00
403.00  0.00
403.00  0.00
411.00  0.00
403.00  0.00
403.00  0.00
411.00  0.00
403.00  0.00
407.00  0.00
415.00  0.00
403.00  0.00
404.00  0.00
412.00  0.00
403.00  0.00
407.00  0.00
415.00  0.00
403.00  0.00
407.00  0.00
415.00  0.00
403.00  0.00
411.00  0.00
423.00  0.00
407.00  0.00
407.00  0.00
415.00  0.00
403.00  0.00
407.00  0.00
419.00  0.00
410.00  0.00
411.00  0.00
419.00  0.00
410.00  0.00
415.00  0.00
423.00  0.00
407.00  0.00
403.00  0.00
411.00  0.00
403.00  0.00
407.00  0.00
415.00  0.00
403.00  0.00
403.00  0.00
411.00  0.00
400.00  0.00
403.00  0.00
419.00  0.00
407.00  0.00
407.00  0.00
419.00  0.00
407.00  0.00
407.00  0.00
415.00  0.00
407.00  0.00
415.00  0.00
423.00  0.00
411.00  0.00
415.00  0.00
423.00  0.00
410.00  0.00
415.00  0.00
424.00  0.00
411.00  0.00
411.00  0.00
419.00  0.00
407.00  0.00
407.00  0.00
415.00  0.00
407.00  0.00
411.00  0.00
415.00  0.00
403.00  0.00
403.00  0.00