466.00  0.00
476.00  0.00
493.00  0.00
505.00  0.00
511.00  0.00
499.00  0.00
476.00  0.00
482.00  0.00
505.00  0.00
505.00  0.00
505.00  0.00
505.00  0.00
499.00  0.00
488.00  0.00
488.00  0.00
505.00  0.00
505.00  0.00
505.00  0.00
511.00  0.00
511.00  0.00
511.00  0.00
511.00  0.00
511.00  0.00
512.00  0.00
518.00  0.00
524.00  0.00
518.00  0.00
512.00  0.00
512.00  0.00
518.00  0.00
518.00  0.00
512.00  0.00
518.00  0.00
518.00  0.00
511.00  0.00
499.00  0.00
476.00  0.00
476.00  0.00
493.00  0.00
499.00  0.00
505.00  0.00
500.00  0.00
482.00  0.00
488.00  0.00
505.00  0.00
505.00  0.00
505.00  0.00
499.00  0.00
482.00  0.00
482.00  0.00
494.00  0.00
505.00  0.00
512.00  0.00
512.00  0.00
518.00  0.00
518.00  0.00
518.00  0.00
518.00  0.00
512.00  0.00
518.00  0.00
524.00  0.00
518.00  0.00
518.00  0.00
524.00  0.00
524.00  0.00
524.00  0.00
519.00  0.00
519.00  0.00
524.00  0.00
524.00  0.00
518.00  0.00
518.00  0.10
518.00  0.00
512.00  0.00
518.00  0.00
511.00  0.00
499.00  0.00
494.00  0.00
488.00  0.00
494.00  0.00
499.00  0.00
499.00  0.00
499.00  0.00
499.00  0.00
499.00  0.00
499.00  0.00
499.00  0.00
499.00  0.00
499.00  0.00
500.00  0.00
499.00  0.00
499.00  0.00
500.00  0.00
506.00  0.00
511.00  0.00
505.00  0.00
505.00  0.00
511.00  0.00
511.00  0.00
511.00  0.18
505.00  0.00
505.00  0.00
511.00  0.00
511.00  0.00
506.00  0.00
506.00  0.00
511.00  0.00
511.00  0.00
505.00  0.00
499.00  0.00
505.00  0.00
511.00  0.00
505.00  0.00
499.00  0.00
506.00  0.00
512.00  0.00
511.00  0.00
506.00  0.00
506.00  0.00
512.00  0.00