170.00  0.00
177.00  0.00
177.00  0.00
176.00  0.00
176.00  0.00
175.00  0.00
173.00  0.00
171.00  0.00
169.00  0.00
169.00  0.00
169.00  0.00
170.00  0.00
172.00  0.00
172.00  0.00
174.00  0.00
176.00  0.00
177.00  0.00
177.00  0.00
178.00  0.00
178.00  0.00
177.00  0.00
178.00  0.00
178.00  0.00
177.00  0.00
177.00  0.00
176.00  0.00
176.00  0.00
176.00  0.00
177.00  0.00
177.00  0.00
176.00  0.00
176.00  0.00
174.00  0.00
172.00  0.00
172.00  0.00
174.00  0.00
175.00  0.00
175.00  0.00
175.00  0.00
175.00  0.00
176.00  0.00
176.00  0.00
175.00  0.00
175.00  0.00
172.00  0.00
169.00  0.00
169.00  0.00
167.00  0.00
167.00  0.00
169.00  0.00
171.00  0.00
173.00  0.00
176.00  0.00
177.00  0.00
178.00  0.00
180.00  0.00
180.00  0.00
180.00  0.00
181.00  0.00
181.00  0.00
180.00  0.00
180.00  0.00
180.00  0.00
179.00  0.00
179.00  0.00
178.00  0.00
177.00  0.00
176.00  0.00
176.00  0.00
175.00  0.00
175.00  0.00
176.00  0.00
176.00  0.00
174.00  0.00
174.00  0.00
174.00  0.00
172.00  0.00
173.00  0.00
174.00  0.00
174.00  0.00
176.00  0.00
176.00  0.00
175.00  0.00
176.00  0.00
176.00  0.00
175.00  0.00
175.00  0.00
176.00  0.00
176.00  0.00
177.00  0.18
177.00  0.00
177.00  0.00
177.00  0.00
177.00  0.00
177.00  0.00
177.00  0.00
177.00  0.00
176.00  0.00
174.00  0.00
174.00  0.00
175.00  0.00
175.00  0.00
175.00  0.00
176.00  0.00
175.00  0.00
174.00  0.00
174.00  0.00
173.00  0.00
172.00  0.00
174.00  0.00
175.00  0.00
175.00  0.00
175.00  0.00
176.00  0.00
176.00  0.00
175.00  0.00
175.00  0.00
175.00  0.00
174.00  0.00
173.00  0.00