413.00  0.00
498.00  0.00
493.00  0.00
487.00  0.07
487.00  0.00
487.00  0.00
482.00  0.00
481.00  0.00
481.00  0.00
482.00  0.00
487.00  0.00
487.00  0.00
487.00  0.00
487.00  0.00
482.00  0.00
482.00  0.00
487.00  0.00
482.00  0.00
482.00  0.00
487.00  0.00
482.00  0.00
488.00  0.00
505.00  0.00
511.00  0.00
511.00  0.00
512.00  0.00
500.00  0.00
482.00  0.00
488.00  0.00
499.00  0.00
499.00  0.00
506.00  0.00
500.00  0.00
482.00  0.00
487.00  0.00
498.00  0.00
499.00  0.00
505.00  0.00
500.00  0.00
482.00  0.00
487.00  0.00
499.00  0.00
506.00  0.00
511.00  0.00
511.00  0.00
511.00  0.00
517.00  0.00
517.00  0.00
511.00  0.00
518.00  0.00
518.00  0.00
512.00  0.00
512.00  0.00
512.00  0.00
518.00  0.00
524.00  0.00
524.00  0.00
524.00  0.00
525.00  0.00
525.00  0.00
524.00  0.00
531.00  0.00
531.00  0.00
524.00  0.00
524.00  0.00
531.00  0.00
532.00  0.00
525.00  0.00
525.00  0.00
525.00  0.00
525.00  0.00
525.00  0.00
519.00  0.00
506.00  0.00
512.00  0.00
525.00  0.00
538.00  0.00
545.00  0.00
538.00  0.00
525.00  0.00
505.00  0.00
498.00  0.00
493.00  0.00
487.00  0.00
487.00  0.00
487.00  0.00
487.00  0.00
487.00  0.00
487.00  0.00
488.00  0.00
488.00  0.00
487.00  0.00
487.00  0.00
487.00  0.00
487.00  0.00
493.00  0.00
493.00  0.00
488.00  0.00
494.00  0.00
499.00  0.00
493.00  0.00
488.00  0.00
488.00  0.00
493.00  0.00
499.00  0.00
494.00  0.00
493.00  0.00
493.00  0.00
494.00  0.00
494.00  0.00
488.00  0.00
494.00  0.00
499.00  0.00
512.00  0.00
532.00  0.00
538.00  0.00
537.00  0.00
531.00  0.00
512.00  0.00
512.00  0.00