161.00  0.00
128.00  0.00
128.00  0.00
128.00  0.00
128.00  0.00
129.00  0.00
130.00  0.00
130.00  0.00
129.00  0.00
129.00  0.00
129.00  0.00
129.00  0.00
128.00  0.00
127.00  0.00
129.00  0.00
129.00  0.00
130.00  0.00
130.00  0.00
130.00  0.00
130.00  0.00
131.00  0.00
131.00  0.00
130.00  0.10
130.00  0.00
130.00  0.00
131.00  0.00
131.00  0.00
130.00  0.00
130.00  0.00
130.00  0.00
129.00  0.00
129.00  0.00
128.00  0.00
128.00  0.00
129.00  0.00
129.00  0.00
129.00  0.00
129.00  0.00
129.00  0.00
128.00  0.00
129.00  0.00
128.00  0.00
125.00  0.00
125.00  0.00
127.00  0.00
128.00  0.00
130.00  0.00
130.00  0.00
130.00  0.00
131.00  0.00
131.00  0.00
131.00  0.00
132.00  0.00
131.00  0.00
130.00  0.00
130.00  0.00
129.00  0.00
129.00  0.00
128.00  0.00
128.00  0.00
128.00  0.00
128.00  0.00
128.00  0.00
127.00  0.00
127.00  0.09
127.00  0.00
128.00  0.00
127.00  0.00
126.00  0.00
127.00  0.00
129.00  0.00
130.00  0.00
129.00  0.00
128.00  0.00
128.00  0.00
128.00  0.00
129.00  0.00
129.00  0.00
128.00  0.00
129.00  0.00
128.00  0.00
128.00  0.00
128.00  0.28
127.00  0.00
127.00  0.00
127.00  0.00
127.00  0.00
127.00  0.00
128.00  0.00
127.00  0.00
127.00  0.00
126.00  0.00
126.00  0.00
126.00  0.00
126.00  0.00
126.00  0.00
126.00  0.00
127.00  0.00
127.00  0.00
126.00  0.00
126.00  0.00
125.00  0.00
125.00  0.00
126.00  0.00
126.00  0.00
126.00  0.00
126.00  0.00
126.00  0.00
126.00  0.00
127.00  0.00
128.00  0.00
128.00  0.00
129.00  0.00
130.00  0.00
130.00  0.00
130.00  0.00
130.00  0.00
130.00  0.00
131.00  0.00
131.00  0.00