307.00  0.00
311.00  0.00
308.00  0.00
279.00  0.00
262.00  0.00
257.00  0.00
279.00  0.00
311.00  0.00
309.00  0.00
281.00  0.00
260.00  0.00
255.00  0.00
279.00  0.00
313.00  0.00
308.00  0.00
281.00  0.00
265.00  0.00
262.00  0.00
282.00  0.00
315.00  0.00
313.00  0.00
283.00  0.00
263.00  0.00
260.00  0.00
284.00  0.00
318.00  0.00
313.00  0.00
283.00  0.00
263.00  0.00
259.00  0.00
281.00  0.00
313.00  0.00
311.00  0.00
285.00  0.00
267.00  0.00
262.00  0.00
284.00  0.00
315.00  0.00
311.00  0.00
285.00  0.00
267.00  0.00
263.00  0.00
286.00  0.00
315.00  0.00
311.00  0.00
285.00  0.00
267.00  0.00
262.00  0.00
283.00  0.00
313.00  0.00
311.00  0.00
283.00  0.00
265.00  0.00
260.00  0.00
283.00  0.00
318.00  0.00
313.00  0.00
285.00  0.00
265.00  0.00
261.00  0.04
285.00  0.00
318.00  0.00
313.00  0.00
285.00  0.00
267.00  0.00
262.00  0.00
283.00  0.00
318.00  0.00
316.00  0.00
285.00  0.00
265.00  0.00
259.00  0.00
283.00  0.00
318.00  0.00
313.00  0.00
283.00  0.00
263.00  0.00
258.00  0.00
281.00  0.00
313.00  0.00
311.00  0.00
283.00  0.00
264.00  0.00
259.00  0.00
283.00  0.00
318.00  0.00
313.00  0.00
285.00  0.00
267.00  0.00
261.00  0.00
281.00  0.00
314.00  0.00
311.00  0.00
285.00  0.00
267.00  0.00
261.00  0.00
281.00  0.00
316.00  0.00
313.00  0.00
283.00  0.00
265.00  0.00
261.00  0.00
283.00  0.00
318.00  0.00
313.00  0.00
283.00  0.00
265.00  0.00
261.00  0.00
283.00  0.00
318.00  0.00
311.00  0.00
281.00  0.00
265.00  0.00
261.00  0.00
281.00  0.00
313.00  0.00
311.00  0.00
283.00  0.00
264.00  0.00
261.00  0.00