228.00  0.00
194.00  0.00
192.00  0.00
192.00  0.00
192.00  0.00
192.00  0.00
192.00  0.00
192.00  0.00
192.00  0.00
192.00  0.00
191.00  0.00
191.00  0.00
193.00  0.00
193.00  0.00
192.00  0.00
192.00  0.00
193.00  0.00
193.00  0.00
192.00  0.00
192.00  0.00
193.00  0.00
193.00  0.00
192.00  0.18
192.00  0.00
193.00  0.00
193.00  0.00
193.00  0.00
194.00  0.00
194.00  0.00
193.00  0.00
193.00  0.00
193.00  0.00
195.00  0.00
196.00  0.00
194.00  0.00
193.00  0.00
192.00  0.00
192.00  0.00
192.00  0.00
192.00  0.00
193.00  0.00
194.00  0.00
194.00  0.00
193.00  0.00
193.00  0.00
194.00  0.00
194.00  0.00
194.00  0.00
195.00  0.00
196.00  0.00
195.00  0.00
195.00  0.00
196.00  0.00
196.00  0.00
196.00  0.00
196.00  0.00
197.00  0.00
197.00  0.00
197.00  0.00
197.00  0.00
196.00  0.00
197.00  0.00
198.00  0.00
198.00  0.00
198.00  0.00
198.00  0.00
199.00  0.00
199.00  0.00
198.00  0.00
198.00  0.00
199.00  0.00
199.00  0.00
200.00  0.00
200.00  0.00
199.00  0.00
199.00  0.00
199.00  0.00
199.00  0.00
197.00  0.00
196.00  0.00
196.00  0.00
195.00  0.00
194.00  0.00
193.00  0.00
193.00  0.00
193.00  0.00
192.00  0.00
192.00  0.00
191.00  0.00
191.00  0.00
192.00  0.00
192.00  0.00
192.00  0.00
192.00  0.00
192.00  0.00
192.00  0.00
193.00  0.00
193.00  0.00
191.00  0.00
191.00  0.00
192.00  0.00
192.00  0.00
193.00  0.00
195.00  0.00
197.00  0.00
197.00  0.00
195.00  0.00
195.00  0.00
196.00  0.00
195.00  0.00
195.00  0.00
195.00  0.00
195.00  0.00
195.00  0.00
195.00  0.00
195.00  0.00
196.00  0.00
196.00  0.00
195.00  0.00
196.00  0.00