208.00  0.00
195.00  0.00
218.00  0.00
217.00  0.00
195.00  0.00
217.00  0.00
215.00  0.00
196.00  0.00
220.00  0.00
218.00  0.00
195.00  0.00
218.00  0.00
217.00  0.00
194.00  0.00
216.00  0.00
215.00  0.00
195.00  0.00
217.00  0.00
215.00  0.00
194.00  0.00
216.00  0.00
215.00  0.00
194.00  0.00
218.00  0.00
216.00  0.00
193.00  0.00
216.00  0.00
214.00  0.00
193.00  0.00
216.00  0.00
214.00  0.00
194.00  0.00
218.00  0.00
216.00  0.00
193.00  0.00
216.00  0.00
215.00  0.00
194.00  0.00
218.00  0.00
217.00  0.00
195.00  0.00
218.00  0.00
217.00  0.00
195.00  0.00
218.00  0.00
217.00  0.00
195.00  0.00
220.00  0.00
218.00  0.00
195.00  0.00
218.00  0.00
217.00  0.00
194.00  0.00
218.00  0.00
216.00  0.00
193.00  0.00
218.00  0.00
216.00  0.00
192.00  0.00
215.00  0.00
215.00  0.00
194.00  0.00
216.00  0.00
215.00  0.00
194.00  0.00
216.00  0.00
214.00  0.00
193.00  0.00
218.00  0.00
217.00  0.00
195.00  0.00
218.00  0.00
216.00  0.00
193.00  0.00
218.00  0.00
217.00  0.00
195.00  0.00
219.00  0.00
218.00  0.00
196.00  0.00
220.00  0.00
219.00  0.00
196.00  0.00
220.00  0.00
219.00  0.00
196.00  0.00
220.00  0.00
219.00  0.00
196.00  0.00
217.00  0.00
215.00  0.00
195.00  0.00
219.00  0.00
218.00  0.00
196.00  0.00
217.00  0.00
216.00  0.00
196.00  0.00
219.00  0.00
218.00  0.00
197.00  0.00
219.00  0.00
217.00  0.00
195.00  0.00
219.00  0.00
218.00  0.00
196.00  0.00
219.00  0.00
218.00  0.00
196.00  0.00
219.00  0.00
218.00  0.00
197.00  0.00
219.00  0.00
218.00  0.00
196.00  0.00
219.00  0.00
218.00  0.00
196.00  0.00
220.00  0.00