102.00  0.00
86.00  0.00
93.00  0.00
81.00  0.00
88.00  0.00
96.00  0.00
83.00  0.00
89.00  0.00
96.00  0.00
82.00  0.00
88.00  0.00
94.00  0.00
81.00  0.00
87.00  0.00
93.00  0.00
81.00  0.00
88.00  0.00
95.00  0.00
82.00  0.00
88.00  0.00
94.00  0.00
81.00  0.00
86.00  0.00
93.00  0.00
80.00  0.00
85.00  0.00
92.00  0.00
80.00  0.00
86.00  0.00
92.00  0.00
79.00  0.00
84.00  0.00
91.00  0.00
79.00  0.00
86.00  0.00
93.00  0.00
81.00  0.00
87.00  0.00
94.00  0.00
81.00  0.07
86.00  0.00
93.00  0.00
80.00  0.00
86.00  0.00
93.00  0.00
81.00  0.00
87.00  0.00
94.00  0.00
82.00  0.00
88.00  0.00
93.00  0.00
79.00  0.00
84.00  0.00
91.00  0.00
78.00  0.00
83.00  0.00
90.00  0.00
79.00  0.00
85.00  0.00
92.00  0.00
80.00  0.00
85.00  0.00
91.00  0.00
79.00  0.00
85.00  0.00
91.00  0.00
80.00  0.00
85.00  0.00
91.00  0.00
79.00  0.00
85.00  0.00
92.00  0.00
80.00  0.00
86.00  0.00
92.00  0.00
79.00  0.00
85.00  0.00
93.00  0.00
81.00  0.00
88.00  0.00
94.00  0.00
81.00  0.00
88.00  0.00
94.00  0.00
80.00  0.00
86.00  0.00
93.00  0.00
80.00  0.00
84.00  0.00
91.00  0.00
79.00  0.00
83.00  0.00
90.00  0.00
79.00  0.00
85.00  0.00
91.00  0.00
79.00  0.00
85.00  0.00
92.00  0.00
80.00  0.00
87.00  0.00
94.00  0.00
81.00  0.00
88.00  0.00
95.00  0.00
82.00  0.00
88.00  0.00
95.00  0.00
82.00  0.00
88.00  0.00
95.00  0.00
81.00  0.00
87.00  0.00
94.00  0.00
80.00  0.00
85.00  0.00
91.00  0.00
79.00  0.00
85.00  0.00
92.00  0.00