240.00  0.00
225.00  0.00
225.00  0.00
226.00  0.00
225.00  0.00
224.00  0.00
225.00  0.00
226.00  0.00
226.00  0.00
225.00  0.00
224.00  0.00
225.00  0.00
225.00  0.00
225.00  0.00
225.00  0.00
225.00  0.00
226.00  0.00
225.00  0.00
224.00  0.00
224.00  0.00
224.00  0.00
224.00  0.00
224.00  0.00
224.00  0.00
224.00  0.00
224.00  0.00
224.00  0.00
224.00  0.00
224.00  0.00
224.00  0.00
224.00  0.00
224.00  0.00
223.00  0.00
222.00  0.00
223.00  0.00
223.00  0.00
223.00  0.00
223.00  0.00
223.00  0.00
224.00  0.00
223.00  0.00
222.00  0.00
223.00  0.00
224.00  0.00
224.00  0.00
224.00  0.00
224.00  0.00
224.00  0.00
224.00  0.00
224.00  0.00
224.00  0.00
224.00  0.00
223.00  0.00
223.00  0.00
224.00  0.00
224.00  0.00
224.00  0.00
224.00  0.00
224.00  0.00
224.00  0.00
224.00  0.00
224.00  0.00
224.00  0.00
224.00  0.00
224.00  0.00
224.00  0.00
224.00  0.00
224.00  0.00
224.00  0.00
223.00  0.00
223.00  0.00
224.00  0.00
224.00  0.00
224.00  0.00
224.00  0.00
223.00  0.00
222.00  0.00
222.00  0.00
221.00  0.00
221.00  0.00
222.00  0.06
221.00  0.00
221.00  0.00
222.00  0.00
222.00  0.00
222.00  0.00
222.00  0.00
221.00  0.00
221.00  0.00
222.00  0.00
222.00  0.00
222.00  0.00
222.00  0.00
222.00  0.00
223.00  0.00
223.00  0.00
223.00  0.00
224.00  0.00
224.00  0.00
224.00  0.00
224.00  0.00
224.00  0.00
225.00  0.00
226.00  0.00
226.00  0.00
226.00  0.00
225.00  0.00
225.00  0.00
226.00  0.00
225.00  0.00
225.00  0.00
225.00  0.00
224.00  0.00
224.00  0.00
223.00  0.00
222.00  0.00
222.00  0.00
223.00  0.00
223.00  0.00
222.00  0.00