201.00  0.00
322.00  0.00
325.00  0.00
327.00  0.00
324.00  0.00
322.00  0.00
322.00  0.00
322.00  0.00
322.00  0.00
322.00  0.00
322.00  0.00
322.00  0.00
322.00  0.00
322.00  0.00
322.00  0.00
324.00  0.00
324.00  0.00
322.00  0.00
322.00  0.00
322.00  0.00
322.00  0.00
322.00  0.00
322.00  0.00
322.00  0.00
322.00  0.00
322.00  0.00
325.00  0.00
325.00  0.00
325.00  0.00
325.00  0.00
322.00  0.00
324.00  0.00
327.00  0.00
325.00  0.00
325.00  0.00
327.00  0.00
327.00  0.00
327.00  0.00
324.00  0.00
322.00  0.00
325.00  0.00
327.00  0.00
325.00  0.00
324.00  0.00
324.00  0.00
322.00  0.00
325.00  0.00
327.00  0.00
324.00  0.00
324.00  0.00
324.00  0.00
325.00  0.00
327.00  0.00
325.00  0.00
322.00  0.00
324.00  0.00
327.00  0.00
325.00  0.00
325.00  0.00
327.00  0.00
324.00  0.00
322.00  0.00
325.00  0.00
328.00  0.00
327.00  0.00
325.00  0.00
326.00  0.00
328.00  0.00
328.00  0.00
328.00  0.00
330.00  0.00
330.00  0.00
327.00  0.00
327.00  0.00
327.00  0.00
327.00  0.00
325.00  0.00
322.00  0.00
325.00  0.00
327.00  0.00
328.00  0.00
328.00  0.00
328.00  0.00
328.00  0.00
327.00  0.00
327.00  0.00
328.00  0.00
328.00  0.00
327.00  0.00
327.00  0.00
328.00  0.00
328.00  0.00
328.00  0.00
330.00  0.00
333.00  0.00
331.00  0.00
328.00  0.00
328.00  0.00
328.00  0.00
328.00  0.00
331.00  0.00
331.00  0.00
330.00  0.00
330.00  0.00
328.00  0.00
330.00  0.00
333.00  0.00
333.00  0.00
333.00  0.00
333.00  0.00
330.00  0.00
328.00  0.00
328.00  0.00
330.00  0.00
330.00  0.00
330.00  0.00
333.00  0.00
331.00  0.00
331.00  0.00
333.00  0.00