       3.29           
       3.31           
       3.30           
       3.30           
       3.30           
       3.31           
       3.28           
       3.31           
       3.44           
       3.31           
       3.38           
       3.31           
       3.40           
       3.39           
       3.47           
       3.58           
       3.36           
       3.32           
       3.33           
       3.31           
       3.39           
       3.33           
       3.35           
       3.27           
       3.27           
       3.26           
       3.31           
       3.24           
       3.32           
       3.16           
       3.15           
       3.29           
       3.32           
       3.39           
       3.37           
       3.30           
       3.42           
       3.39           
       3.22           
       3.28           
       3.32           
       3.35           
       3.36           
       3.31           
       3.34           
       3.30           
       3.25           
       3.32           
       3.21           
       3.22           
       3.20           
       3.22           
       3.25           
       3.23           
       3.24           
       3.26           
       3.28           
       3.30           
       3.28           
       3.39           
       3.33           
       3.25           
       3.28           
       3.35           
       3.28           
       3.35           
       3.36           
       3.39           
       3.20           
       3.11           
       2.95           
       2.96           
       3.16           
       3.20           
       3.22           
       3.26           
       3.27           
       3.22           
       3.22           
       3.22           
       3.28           
       3.33           
       3.27           
       3.22           
       3.33           
       3.38           
       3.38           
       3.25           
       3.27           
       3.34           
       3.30           
       3.25           
       3.22           
       3.30           
       3.35           
       3.32           
       3.33           
       3.36           
       3.28           
       3.25           
       3.28           
       3.26           
       3.29           
       3.30           
       3.27           
       3.18           
       3.25           
       3.28           
       3.25           
       3.25           
       3.34           
       3.23           
       3.31           
       3.29           
       3.24           
       3.34           
       3.32           
       3.39           
       3.33           
       3.31           
       3.39           
       3.32           
       3.34           
       3.24           
       3.33           
       3.32           
       3.29           
       3.36           
       3.34           
       3.26           
       3.20           
       3.22           
       3.26           
       3.25           
       3.26           
       3.24           
       3.26           
       3.29           
       3.20           
       3.22           
       3.17           
       3.29           
       3.38           
       3.33           
       3.31           
       3.31           
       3.17           
       3.14           
       3.25           
       2.97           
       3.19           
       3.56           
       3.44           
       3.31           
       3.25           
       3.21           
       3.26           
       3.19           
       3.39           
       3.46           
       3.32           
       3.27           
       3.31           
       3.30           
       3.13           
       3.11           
       3.20           
       3.24           
       3.25           
       3.29           
       3.23           
       3.31           
       3.34           
       3.28           
       3.46           
       3.44           
       3.36           
       3.36           
       3.29           
       3.17           
       3.16           
       3.17           
       3.28           
       3.32           
       3.30           
       3.31           
       3.29           
       3.23           
       3.23           
       3.26           
       3.21           
       3.30           
       3.20           
       3.14           
       3.25           
       3.28           
       3.14           
       3.13           
       3.24           
       3.20           
       3.25           
       3.18           
       3.20           
       3.29           
       3.45           
       3.36           
       3.26           
       3.40           
       3.30           
       3.25           
       3.24           
       3.30           
       3.28           
       3.24           
       3.30           
       3.35           
       3.50           
       3.29           
       3.23           
       3.33           
       3.39           
       3.41           
       3.41           
       3.46           
       3.47           
       3.42           
       3.47           
       3.37           
       3.35           
       3.27           
       3.30           
       3.31           
       3.29           
       3.29           
       3.53           
       3.52           
       3.55           
       3.39           
       3.42           
       3.29           
       3.40           
       3.31           
       3.37           
       3.36           
       3.39           
       3.37           
       3.36           
       3.32           
       3.28           
       3.33           
       3.32           
       3.35           
       3.34           
       3.41           
       3.25           
       3.23           
       3.10           
       3.15           
       3.37           
       3.44           
       3.32           
       3.22           
       3.23           
       3.25           
       3.29           
       3.31           
       3.26           
       3.29           
       3.31           
       3.30           
       3.33           
       3.33           
       3.29           
       3.27           
       3.28           
       3.29           
       3.29           
       3.27           
       3.22           
       3.30           
       3.28           
       3.29           
       3.21           
       3.28           
       3.33           
       3.31           
       3.34           
       3.31           
       3.31           
       3.43           
       3.20           
       3.27           
       3.14           
       3.25           
       3.18           
       3.36           
       3.31           
       3.36           
       3.20           
       3.12           
       3.19           
       3.27           
       3.28           
       3.33           
       3.38           
       3.51           
       3.51           
       3.34           
       3.29           
       3.01           
       3.03           
       3.12           
       3.32           
       3.38           
       3.41           
       3.33           
       3.40           
       3.37           
       3.36           
       3.29           
       3.36           
       3.43           
       3.40           
       3.42           
       3.38           
       3.31           
       3.34           
       3.35           
       3.34           
       3.38           
       3.34           
       3.32           
       3.35           
       3.39           
       3.37           
       3.40           
       3.36           
       3.35           
       3.24           
       3.42           
       3.35           
       3.30           
       3.18           
       3.13           
       3.28           
       3.41           
       3.27           
       3.32           
       3.35           
       3.35           
       3.39           
       3.35           
       3.31           
       3.26           
       3.29           
       3.35           
       3.21           
       3.27           
       3.36           
       3.38           
       3.28           
       3.35           
       3.32           
       3.24           
       3.26           
       3.35           
       3.33           
       3.24           
       3.44           
       3.37           
       3.26           
       3.40           
       3.34           
       3.32           
       3.35           
       3.36           
       3.35           
       3.36           
       3.35           
       3.35           
       3.42           
       3.30           
       3.27           
       3.21           
       3.20           
       3.31           
       3.25           
       3.32           
       3.39           
       3.27           
       3.31           
       3.30           
       3.24           
       3.34           
       3.34           
       3.27           
       3.34           
       3.31           
       3.14           
       3.07           
       3.14           
       3.22           
       3.17           
       3.15           
       3.27           
       3.35           
       3.34           
       3.28           
       3.35           
       3.29           
       3.27           
       3.33           
       3.27           
       3.25           
       3.24           
       3.23           
       3.30           
       3.22           
       3.27           
       3.31           
       3.24           
       3.27           
       3.32           
       3.30           
       3.30           
       3.38           
       3.28           
       3.22           
       3.31           
       3.32           
       3.37           
       3.28           
       3.30           
       3.13           
       3.10           
       3.34           
       3.22           
       3.25           
       3.32           
       3.31           
       3.29           
       3.27           
       3.37           
       3.33           
       3.33           
       3.31           
       3.25           
       3.18           
       3.22           
       3.34           
       3.28           
       3.26           
       3.40           
       3.41           
       3.44           
       3.33           
       3.29           
       3.31           
       3.32           
       3.30           
       3.30           
       3.26           
       3.25           
       3.29           
       3.22           
       3.22           
       3.24           
       3.27           
       3.33           
       3.19           
       3.19           
       3.18           
       3.31           
       3.24           
       3.26           
       3.22           
       3.28           
       3.28           
       3.26           
       3.26           
       3.15           
       3.24           
       3.22           
       3.18           
       3.17           
       3.27           
       3.37           
       3.33           
       3.28           
       3.28           
       3.23           
       3.26           
       3.30           
       3.29           
       3.31           
       3.30           
       3.22           
       3.25           
       3.24           
       3.30           
       3.37           
       3.30           
       3.30           
       3.30           
       3.31           
       3.34           
       3.38           
       3.33           
       3.26           
       3.24           
       3.15           
       3.26           
       3.29           
       3.28           
       3.20           
       3.20           
       3.20           
       3.23           
       3.31           
       3.31           
       3.31           
       3.30           
       3.29           
       3.19           
       3.17           
       3.23           
       3.32           
       3.21           
       3.34           
       3.18           
       3.25           
       3.27           
       3.30           
       3.30           
       3.28           
       3.29           
       3.31           
       3.33           
       3.33           
       3.34           
       3.38           
       3.39           
       3.26           
       3.27           
       3.21           
       3.27           
       3.37           
       3.49           
       3.32           
       3.30           
       3.29           
       3.23           
       3.19           
       3.18           
       3.25           
       3.27           
       3.33           
       3.30           
       3.22           
       3.12           
       3.24           
       3.14           
       3.22           
       3.19           
       3.22           
       3.25           
       3.21           
       3.14           
       3.16           
       3.24           
       3.30           
       3.34           
       3.35           
       3.27           
       3.23           
       3.25           
       3.25           
       3.25           
       3.34           
       3.28           
       3.36           
       3.33           
       3.28           
       3.34           
       3.27           
       3.34           
       3.24           
       3.25           
       3.27           
       3.31           
       3.31           
       3.31           
       3.34           
       3.33           
       3.29           
       3.27           
       3.23           
       3.26           
       3.32           
       3.31           
       3.38           
       3.35           
       3.41           
       3.32           
       3.31           
       3.24           
       3.26           
       3.30           
       3.35           
       3.29           
       3.30           
       3.31           
       3.21           
       2.95           
       2.86           
       2.95           
       3.19           
       3.37           
       3.27           
       3.31           
       3.26           
       3.20           
       3.28           
       3.31           
       3.21           
       3.15           
       3.12           
       3.10           
       3.17           
       3.25           
       3.28           
       3.34           
       3.23           
       3.34           
       3.27           
       3.27           
       3.31           
       3.30           
       3.22           
       3.32           
       3.31           
       3.27           
       3.28           
       3.39           
       3.17           
       3.20           
       3.07           
       3.21           
       3.14           
       3.31           
       3.22           
       3.29           
       3.37           
       3.21           
       3.27           
       3.27           
       3.26           
       3.27           
       3.22           
       3.26           
       3.28           
       3.17           
       3.27           
       3.30           
       3.28           
       3.30           
       3.32           
       3.36           
       3.41           
       3.34           
       3.23           
       3.28           
       3.28           
       3.32           
       3.24           
       3.27           
       3.32           
       3.23           
       3.24           
       3.32           
       3.32           
       3.31           
       3.21           
       3.27           
       3.26           
       2.97           
       3.14           
       3.28           
       3.28           
       3.31           
       3.28           
       3.21           
       3.21           
       3.19           
       3.21           
       3.32           
       3.28           
       3.28           
       3.25           
       3.35           
       3.32           
       3.23           
       3.26           
       3.31           
       3.38           
       3.30           
       3.29           
       3.24           
       3.29           
       3.27           
       3.31           
       3.26           
       3.29           
       3.28           
       3.36           
       3.22           
       3.45           
       3.56           
       3.48           
       3.42           
       3.26           
       3.36           
       3.36           
       3.28           
       3.22           
       3.28           
       3.20           
       3.30           
       3.32           
       3.32           
       3.30           
       3.25           
       3.23           
       3.21           
       3.27           
       3.28           
       3.30           
       3.28           
       3.34           
       3.24           
       3.38           
       3.32           
       3.30           
       3.29           
       3.27           
       3.17           
       3.18           
       3.26           
       3.26           
       3.30           
       3.31           
       3.30           
       3.23           
       3.30           
       3.27           
       3.29           
       3.38           
       3.36           
       3.32           
       3.34           
       3.32           
       3.31           
       3.28           
       3.30           
       3.28           
       3.40           
       3.39           
       3.46           
       3.50           
       3.51           
       3.39           
       3.42           
       3.36           
       3.38           
       3.28           
       3.27           
       3.30           
       3.25           
       3.28           
       3.28           
       3.29           
       3.24           
       3.29           
       3.26           
       3.20           
       3.22           
       3.27           
       3.29           
       3.25           
       3.21           
       3.29           
       3.21           
       3.16           
       3.14           
       3.21           
       3.07           
       3.18           
       3.35           
       3.33           
       3.35           
       3.33           
       3.31           
       3.30           
       3.25           
       3.21           
       3.23           
       3.20           
       3.22           
       3.26           
       3.25           
       3.16           
       3.22           
       3.34           
       3.30           
       3.35           
       3.26           
       3.20           
       3.25           
       3.20           
       3.22           
       3.30           
       3.26           
       3.30           
       3.24           
       3.33           
       3.30           
       3.26           
       3.31           
       3.28           
       3.27           
       3.30           
       3.36           
       3.38           
       3.30           
       3.34           
       3.28           
       3.31           
       3.31           
       3.20           
       3.21           
       3.22           
       3.19           
       3.22           
       3.23           
       3.19           
       3.32           
       3.33           
       3.29           
       3.18           
       3.47           
       3.27           
       3.23           
       3.27           
       3.32           
       3.27           
       3.46           
       3.20           
       3.32           
       3.31           
       3.28           
       3.25           
       3.30           
       3.32           
       3.32           
       3.24           
       3.17           
       3.15           
       3.29           
       3.27           
       3.26           
       3.25           
       3.24           
       3.23           
       3.18           
       3.29           
       3.29           
       3.17           
       3.33           
       3.32           
       3.23           
       3.30           
       3.22           
       3.29           
       3.27           
       3.29           
       3.30           
       3.32           
       3.28           
       3.24           
       3.36           
       3.34           
       3.31           
       3.29           
       3.28           
       3.25           
       3.23           
       3.30           
       3.27           
       3.24           
       3.29           
       3.30           
       3.44           
       3.44           
       3.45           
       3.37           
       3.50           
       3.40           
       3.30           
       3.40           
       3.35           
       3.31           
       3.31           
       3.20           
       3.21           
       3.29           
       3.33           
       3.31           
       3.31           
       3.24           
       3.30           
       3.20           
       3.25           
       3.35           
       3.26           
       3.26           
       3.20           
       3.28           
       3.24           
       3.25           
       3.29           
       3.29           
       3.32           
       3.22           
       3.27           
       3.19           
       3.20           
       3.26           
       3.31           
       3.29           
       3.29           
       3.37           
       3.41           
       3.26           
       3.31           
       3.31           
       3.24           
       3.27           
       3.25           
       3.25           
       3.25           
       3.29           
       3.29           
       3.21           
       3.24           
       3.22           
       3.23           
       3.29           
       3.28           
       3.27           
       3.17           
       3.08           
       3.11           
       3.04           
       3.07           
       3.11           
       3.18           
       3.17           
       3.19           
       3.23           
       3.38           
       3.44           
       3.45           
       3.39           
       3.33           
       3.31           
       3.33           
       3.32           
       3.10           
       3.24           
       3.26           
       3.15           
       3.15           
       3.18           
       3.23           
       3.29           
       3.29           
       3.19           
       3.27           
       3.31           
       3.29           
       3.34           
       3.15           
       3.17           
       3.35           
       3.27           
       3.04           
       3.20           
       3.16           
       3.26           
       3.24           
       3.30           
       3.26           
       3.24           
       3.23           
       3.24           
       3.20           
       3.19           
       3.15           
       3.13           
       2.95           
       3.05           
       3.17           
       3.36           
       3.32           
       3.40           
       3.29           
       3.41           
       3.50           
       3.47           
       3.42           
       3.31           
       3.31           
       3.34           
       3.35           
       3.27           
       3.21           
       3.31           
       3.38           
       3.29           
       3.22           
       3.29           
       3.21           
       3.20           
       3.28           
       3.25           
       2.99           
       3.06           
       3.20           
       3.16           
       3.24           
       3.28           
       3.25           
       3.20           
       3.09           
       3.15           
       3.10           
       3.21           
       3.28           
       3.27           
       3.24           
       3.21           
       3.21           
       3.25           
       3.24           
       3.29           
       3.28           
       3.37           
       3.25           
       3.25           
       3.32           
       3.31           
       3.25           
       3.32           
       3.32           
       3.33           
       3.26           
       3.27           
       3.27           
       3.22           
       3.23           
       3.20           
       3.11           
       3.25           
       3.32           
       3.25           
       3.28           
       3.19           
       3.25           
       3.28           
       3.28           
       3.23           
       3.24           
       3.28           
       3.35           
       3.28           
       3.34           
       3.35           
       3.27           
       3.34           
       3.34           
       3.38           
       3.15           
       3.19           
       3.27           
       3.27           
       3.29           
       3.30           
       3.35           
       3.32           
       3.36           
       3.38           
       3.24           
       3.36           
       3.24           
       3.31           
       3.34           
       3.27           
       3.29           
       3.22           
       3.21           
       3.21           
       3.27           
       3.30           
       3.28           
       3.24           
       3.28           
       3.25           
       3.27           
       3.29           
       3.23           
       3.36           
       3.29           
       3.34           
       3.29           
       3.26           
       3.27           
       3.28           
       3.26           
       3.15           
       3.01           
       3.25           
       2.98           
       3.19           
       3.25           
       3.29           
       3.28           
       3.18           
       3.23           
       3.25           
       3.22           
       3.30           
       3.27           
       3.17           
       3.16           
       3.19           
       3.22           
       2.95           
       3.22           
       3.21           
       3.18           
       3.24           
       3.23           
       3.26           
       3.30           
       3.22           
       3.30           
       3.26           
       3.22           
       3.21           
       3.25           
       3.28           
       3.25           
       3.32           
       3.26           
       3.24           
       3.24           
       3.25           
       3.25           
       3.25           
       3.29           
       3.35           
       3.26           
       3.22           
       3.21           
       3.22           
       3.23           
       3.37           
       3.36           
       3.22           
       3.31           
       3.25           
       3.30           
       3.28           
       3.27           
       3.28           
       3.29           
       3.24           
       3.24           
       3.21           
       3.29           
       3.27           
       3.16           
       3.20           
       3.24           
       3.18           
       3.24           
       3.24           
       3.22           
       3.29           
       2.86           
       3.12           
       3.16           
       3.14           
       3.18           
       3.21           
       3.39           
       3.19           
       3.26           
       3.32           
       3.30           
       3.32           
       3.33           
       3.32           
       3.32           
       3.33           
       3.22           
       3.27           
       3.27           
       3.30           
       3.37           
       3.27           
       3.28           
       3.33           
       3.28           
       3.34           
       3.31           
       3.28           
       3.24           
       3.25           
       3.23           
       3.29           
       3.23           
       3.25           
       3.28           
       3.11           
       3.25           
       3.21           
       3.21           
       3.23           
       3.36           
       3.23           
       3.30           
       3.20           
       3.28           
       3.29           
       3.32           
       3.23           
       3.33           
       3.26           
       3.23           
       3.24           
       3.32           
       3.38           
       3.33           
       3.32           
       3.34           
       3.28           
       3.30           
       3.26           
       3.23           
       3.27           
       3.24           
       3.22           
       3.29           
       3.20           
       3.15           
       3.34           
       3.25           
       3.34           
       3.32           
       3.35           
       3.25           
       3.27           
       3.35           
       3.28           
       3.35           
       3.28           
       3.26           
       3.21           
       3.22           
       3.29           
       3.20           
       3.24           
       3.21           
       3.15           
       2.99           
       3.06           
       3.10           
       3.13           
       3.15           
       3.10           
       3.18           
       3.23           
       3.29           
       3.25           
       3.22           
       3.30           
       3.25           
       3.28           
       3.42           
       3.36           
       3.23           
       3.20           
       3.26           
       3.28           
       3.36           
       3.38           
       3.31           
       3.32           
       3.34           
       3.39           
       3.23           
       3.25           
       3.32           
       3.31           
       3.26           
       3.13           
       3.00           
       3.07           
       3.23           
       3.29           
       3.18           
       3.11           
       3.23           
       3.27           
       3.26           
       3.26           
       3.22           
       3.19           
       3.25           
       3.23           
       3.26           
       3.26           
       3.25           
       3.31           
       3.28           
       3.28           
       3.27           
       3.22           
       3.24           
       3.27           
       3.23           
       3.16           
       3.27           
       3.16           
       3.31           
       3.17           
       3.31           
       3.16           
       3.24           
       3.25           
       3.23           
       3.18           
       3.16           
       3.23           
       3.28           
       3.24           
       3.24           
       3.32           
       3.26           
       3.24           
       3.31           
       3.24           
       3.25           
       3.06           
       3.24           
       3.30           
       3.25           
       3.26           
       3.26           
       3.11           
       3.15           
       3.24           
       3.23           
       3.16           
       3.27           
       3.30           
       3.32           
       3.24           
       3.23           
       3.24           
       3.19           
       3.19           
       3.27           
       3.25           
       3.29           
       3.27           
       3.25           
       3.20           
       3.25           
       3.22           
       3.22           
       3.15           
       3.18           
       3.32           
       3.27           
       3.19           
       3.23           
       3.28           
       3.36           
       3.20           
       3.18           
       3.22           
       3.23           
       3.22           
       3.22           
       3.12           
       3.15           
       3.20           
       3.12           
       3.24           
       3.27           
       3.29           
       3.25           
       3.25           
       3.26           
       3.21           
       3.15           
       3.22           
       3.18           
       3.20           
       3.24           
       3.28           
       3.25           
       3.32           
       3.26           
       3.31           
       3.23           
       3.24           
       3.28           
       3.13           
       3.01           
       3.21           
       3.23           
       3.22           
       3.10           
       3.00           
       3.11           
       3.15           
       3.18           
       3.12           
       3.14           
       3.14           
       3.20           
       3.23           
       3.20           
       3.25           
       3.22           
       3.26           
       3.25           
       3.25           
       3.26           
       3.22           
       3.16           
       3.24           
       3.27           
       3.23           
       3.20           
       3.12           
       3.20           
       3.27           
       3.27           
       3.23           
       3.26           
       3.18           
       3.21           
       3.17           
       3.05           
       3.19           
       3.24           
       3.27           
       3.28           
       3.24           
       3.20           
       3.24           
       3.23           
       3.16           
       3.16           
       3.11           
       3.26           
       3.29           
       3.33           
       3.33           
       3.20           
       3.23           
       3.14           
       3.22           
       3.21           
       3.18           
       3.25           
       3.26           
       3.35           
       3.33           
       3.24           
       3.30           
       3.29           
       3.38           
       3.30           
       3.32           
       3.30           
       3.33           
       3.29           
       3.29           
       3.31           
       3.34           
       3.34           
       3.28           
       3.25           
       3.27           
       3.25           
       3.29           
       3.27           
       3.24           
       3.27           
       3.26           
       3.20           
       3.17           
       3.13           
       3.13           
       3.21           
       2.74           
       2.53           
       3.07           
       3.04           
       3.11           
       3.26           
       3.17           
       3.13           
       3.28           
       3.30           
       3.30           
       3.24           
       3.19           
       3.29           
       3.38           
       3.30           
       3.32           
       3.32           
       3.29           
       3.28           
       3.32           
       3.27           
       3.28           
       3.27           
       3.23           
       3.32           
       3.30           
       3.30           
       3.28           
       3.28           
       3.32           
       3.29           
       3.24           
       3.32           
       3.34           
       3.27           
       3.34           
       3.28           
       3.20           
       3.19           
       3.29           
       3.22           
       3.16           
       3.21           
       3.32           
       3.19           
       3.11           
       3.10           
       3.17           
       3.23           
       3.23           
       3.20           
       3.24           
       3.17           
       3.23           
       3.27           
       3.21           
       3.21           
       3.20           
       3.20           
       3.21           
       3.22           
       3.33           
       3.28           
       3.26           
       3.26           
       3.32           
       3.23           
       3.19           
       3.17           
       3.31           
       3.35           
       3.20           
       3.26           
       3.12           
       3.28           
       3.23           
       3.25           
       3.15           
       3.12           
       3.11           
       3.22           
       3.16           
       3.25           
       3.17           
       3.18           
       3.21           
       3.26           
       3.30           
       3.32           
       3.25           
       3.32           
       3.29           
       3.23           
       3.26           
       3.18           
       3.04           
       3.16           
       3.14           
       3.30           
       3.25           
       3.21           
       3.21           
       3.23           
       3.24           
       3.25           
       3.23           
       3.18           
       3.23           
       3.27           
       3.27           
       3.33           
       3.25           
       3.23           
       3.28           
       3.23           
       3.15           
       3.23           
       3.20           
       3.05           
       3.15           
       3.22           
       3.28           
       3.31           
       3.24           
       3.21           
       3.29           
       3.23           
       3.21           
       3.21           
       3.15           
       3.15           
       3.24           
       3.03           
       3.15           
       3.23           
       3.26           
       3.19           
       3.15           
       3.17           
       3.12           
       3.18           
       3.31           
       3.18           
       3.23           
       3.19           
       3.29           
       3.14           
       3.22           
       3.05           
       3.23           
       3.23           
       3.18           
       3.22           
       3.29           
       3.31           
       3.35           
       3.33           
       3.29           
       3.24           
       3.29           
       3.24           
       3.27           
       3.42           
       3.23           
       3.25           
       3.26           
       3.23           
       3.36           
       3.36           
       3.30           
       3.27           
       3.25           
       3.23           
       3.23           
       3.24           
       3.25           
       3.20           
       3.12           
       3.24           
       3.12           
       3.24           
       3.24           
       3.22           
       3.38           
       3.35           
       3.26           
       3.27           
       3.36           
       3.36           
       3.21           
       3.21           
       3.38           
       3.36           
       3.45           
       3.37           
       3.25           
       3.25           
       3.23           
       3.24           
       3.23           
       3.18           
       3.25           
       3.21           
       3.20           
       3.19           
       3.16           
       3.08           
       3.06           
       3.07           
       3.14           
       3.16           
       3.16           
       3.22           
       3.15           
       3.14           
       3.16           
       3.14           
       3.13           
