234.00  0.00
254.00  0.00
253.00  0.00
256.00  0.00
259.00  0.00
262.00  0.00
261.00  0.00
254.00  0.00
254.00  0.00
256.00  0.00
256.00  0.00
259.00  0.00
259.00  0.00
256.00  0.00
254.00  0.00
253.00  0.00
253.00  0.00
256.00  0.00
256.00  0.00
253.00  0.00
250.00  0.00
248.00  0.00
250.00  0.00
253.00  0.00
251.00  0.00
248.00  0.12
249.00  0.00
251.00  0.00
248.00  0.00
247.00  0.00
248.00  0.00
250.00  0.00
254.00  0.00
256.00  0.00
251.00  0.00
250.00  0.00
250.00  0.00
251.00  0.00
254.00  0.00
254.00  0.00
253.00  0.00
253.00  0.00
254.00  0.00
256.00  0.00
257.00  0.00
254.00  0.00
251.00  0.00
247.00  0.00
245.00  0.00
247.00  0.00
245.00  0.00
247.00  0.00
247.00  0.00
245.00  0.00
245.00  0.00
247.00  0.00
251.00  0.00
256.00  0.00
256.00  0.00
251.00  0.00
251.00  0.00
254.00  0.00
254.00  0.00
256.00  0.00
256.00  0.00
251.00  0.00
250.00  0.00
250.00  0.00
250.00  0.00
251.00  0.00
253.00  0.00
254.00  0.00
251.00  0.00
251.00  0.00
254.00  0.00
256.00  0.00
257.00  0.00
257.00  0.00
254.00  0.00
253.00  0.00
256.00  0.00
257.00  0.00
259.00  0.00
259.00  0.00
256.00  0.00
254.00  0.00
254.00  0.00
256.00  0.00
261.00  0.00
262.00  0.00
257.00  0.00
256.00  0.00
257.00  0.00
257.00  0.00
261.00  0.00
262.00  0.00
256.00  0.00
253.00  0.00
256.00  0.00
257.00  0.00
259.00  0.00
260.00  0.00
254.00  0.00
250.00  0.00
251.00  0.00
251.00  0.00
253.00  0.00
253.00  0.00
252.00  0.00
252.00  0.00
251.00  0.00
251.00  0.00
251.00  0.00
251.00  0.00
250.00  0.00
250.00  0.00
251.00  0.00
253.00  0.00
256.00  0.00
256.00  0.00