288.00  0.00
303.00  0.00
303.00  0.00
300.00  0.00
300.00  0.00
300.00  0.00
298.00  0.00
301.00  0.00
303.00  0.00
300.00  0.00
298.00  0.00
298.00  0.00
298.00  0.00
301.00  0.00
303.00  0.00
302.00  0.00
300.00  0.00
298.00  0.00
298.00  0.00
298.00  0.00
300.00  0.00
300.00  0.00
298.00  0.00
298.00  0.00
300.00  0.00
300.00  0.00
298.00  0.00
301.00  0.00
303.00  0.00
303.00  0.00
301.00  0.00
298.00  0.00
298.00  0.00
301.00  0.00
303.00  0.00
300.00  0.00
298.00  0.00
298.00  0.00
300.00  0.00
300.00  0.00
300.00  0.00
300.00  0.00
300.00  0.00
303.00  0.00
305.00  0.00
305.00  0.00
303.00  0.00
303.00  0.00
301.00  0.00
296.00  0.00
294.00  0.00
294.00  0.00
294.00  0.00
294.00  0.00
294.00  0.00
292.00  0.00
294.00  0.00
290.00  0.00
290.00  0.00
294.00  0.00
290.00  0.00
290.00  0.00
294.00  0.00
290.00  0.00
292.00  0.00
296.00  0.00
298.00  0.00
298.00  0.00
301.00  0.00
303.00  0.00
305.00  0.00
307.00  0.00
305.00  0.00
305.00  0.00
307.00  0.00
307.00  0.00
307.00  0.00
307.00  0.00
307.00  0.00
307.00  0.00
307.00  0.00
305.00  0.00
303.00  0.00
301.00  0.00
301.00  0.00
301.00  0.00
301.00  0.00
303.00  0.00
303.00  0.00
303.00  0.00
305.00  0.00
305.00  0.00
303.00  0.00
305.00  0.00
307.00  0.00
305.00  0.00
304.00  0.00
306.00  0.00
307.00  0.00
307.00  0.00
307.00  0.00
307.00  0.00
309.00  0.00
309.00  0.00
307.00  0.00
305.00  0.00
303.00  0.00
303.00  0.00
303.00  0.00
303.00  0.00
303.00  0.00
303.00  0.00
303.00  0.00
305.00  0.00
307.00  0.00
303.00  0.00
301.00  0.00
303.00  0.00
303.00  0.00
303.00  0.00