300.00  0.00
307.00  0.00
309.00  0.00
309.00  0.00
309.00  0.00
312.00  0.00
312.00  0.00
310.00  0.00
310.00  0.31
312.00  0.00
312.00  0.00
312.00  0.00
314.00  0.00
314.00  0.00
314.00  0.00
314.00  0.00
314.00  0.00
314.00  0.00
312.00  0.00
312.00  0.00
312.00  0.00
310.00  0.00
307.00  0.00
307.00  0.00
310.00  0.00
309.00  0.00
309.00  0.00
309.00  0.00
309.00  0.00
312.00  0.00
314.00  0.00
314.00  0.00
312.00  0.00
312.00  0.00
312.00  0.00
312.00  0.00
310.00  0.00
307.00  0.00
307.00  0.00
307.00  0.00
307.00  0.00
307.00  0.00
309.00  0.00
310.00  0.00
310.00  0.00
309.00  0.00
307.00  0.00
305.00  0.00
305.00  0.00
307.00  0.00
307.00  0.00
307.00  0.00
309.00  0.00
307.00  0.00
307.00  0.00
309.00  0.00
307.00  0.00
307.00  0.00
307.00  0.00
307.00  0.00
307.00  0.00
305.00  0.00
303.00  0.00
303.00  0.00
303.00  0.00
303.00  0.00
303.00  0.00
303.00  0.00
303.00  0.00
303.00  0.00
307.00  0.00
307.00  0.00
305.00  0.00
307.00  0.00
309.00  0.00
309.00  0.00
309.00  0.00
312.00  0.00
314.00  0.00
312.00  0.00
314.00  0.00
314.00  0.00
316.00  0.00
316.00  0.00
314.00  0.00
314.00  0.00
314.00  0.00
316.00  0.00
314.00  0.00
317.00  0.00
321.00  0.00
319.00  0.00
321.00  0.00
326.00  0.00
321.00  0.00
319.00  0.00
321.00  0.00
319.00  0.00
321.00  0.00
326.00  0.00
321.00  0.00
321.00  0.00
324.00  0.00
316.00  0.00
314.00  0.00
314.00  0.00
314.00  0.00
316.00  0.00
314.00  0.00
316.00  0.00
321.00  0.00
317.00  0.00
317.00  0.00
324.00  0.00
321.00  0.00
321.00  0.00
326.00  0.00
324.00  0.00
321.00  0.00
324.00  0.00