524.00  0.00
560.00  0.00
575.00  0.00
552.00  0.00
559.00  0.00
582.00  0.00
560.00  0.00
560.00  0.00
575.00  0.00
582.00  0.00
582.00  0.00
582.00  0.00
582.00  0.00
583.00  0.00
583.00  0.07
583.00  0.00
583.00  0.00
583.00  0.00
591.00  0.00
590.00  0.00
590.00  0.00
590.00  0.00
590.00  0.00
590.00  0.00
591.00  0.00
591.00  0.00
583.00  0.00
583.00  0.00
590.00  0.00
590.00  0.00
591.00  0.00
590.00  0.00
590.00  0.00
590.00  0.00
590.00  0.00
590.00  0.00
591.00  0.00
591.00  0.00
598.00  0.00
598.00  0.00
590.00  0.00
590.00  0.00
590.00  0.00
590.00  0.00
591.00  0.00
591.00  0.00
590.00  0.00
590.00  0.00
590.00  0.00
583.00  0.00
575.00  0.00
574.00  0.00
575.00  0.00
583.00  0.00
590.00  0.00
574.00  0.00
574.00  0.00
582.00  0.00
582.00  0.00
582.00  0.00
582.00  0.00
574.00  0.00
582.00  0.00
590.00  0.00
582.00  0.00
575.00  0.00
575.00  0.15
574.00  0.00
574.00  0.00
574.00  0.00
575.00  0.00
582.00  0.00
590.00  0.00
583.00  0.00
583.00  0.00
584.00  0.00
584.00  0.00
590.00  0.00
590.00  0.00
591.00  0.00
583.00  0.00
583.00  0.00
591.00  0.00
590.00  0.00
590.00  0.00
591.00  0.00
591.00  0.00
590.00  0.00
590.00  0.00
590.00  0.00
590.00  0.00
590.00  0.00
591.00  0.00
591.00  0.00
591.00  0.00
590.00  0.00
590.00  0.00
591.00  0.00
591.00  0.00
591.00  0.00
591.00  0.00
590.00  0.00
590.00  0.00
591.00  0.00
591.00  0.00
591.00  0.00
583.00  0.00
582.00  0.00
590.00  0.00
583.00  0.00
584.00  0.00
591.00  0.00
583.00  0.00
583.00  0.00
591.00  0.00
582.00  0.00
582.00  0.00
590.00  0.00
583.00  0.00
583.00  0.00