100.00  0.00
108.00  0.00
105.00  0.00
103.00  0.00
103.00  0.00
105.00  0.00
105.00  0.00
106.00  0.00
107.00  0.00
108.00  0.00
109.00  0.00
110.00  0.00
109.00  0.00
108.00  0.00
107.00  0.00
103.00  0.00
99.00  0.00
100.00  0.00
102.00  0.00
102.00  0.00
103.00  0.00
105.00  0.00
105.00  0.00
104.00  0.00
103.00  0.00
103.00  0.00
103.00  0.00
103.00  0.00
104.00  0.06
106.00  0.00
106.00  0.00
107.00  0.00
108.00  0.00
108.00  0.00
109.00  0.00
110.00  0.00
109.00  0.00
107.00  0.00
105.00  0.00
106.00  0.00
108.00  0.00
109.00  0.00
108.00  0.00
108.00  0.00
108.00  0.00
108.00  0.00
108.00  0.00
108.00  0.00
109.00  0.00
109.00  0.00
108.00  0.00
109.00  0.00
109.00  0.00
109.00  0.00
110.00  0.00
108.00  0.00
108.00  0.00
108.00  0.00
107.00  0.00
106.00  0.00
106.00  0.00
106.00  0.00
106.00  0.00
106.00  0.00
107.00  0.00
109.00  0.00
110.00  0.00
111.00  0.00
112.00  0.00
111.00  0.00
110.00  0.00
109.00  0.00
108.00  0.00
110.00  0.00
110.00  0.00
109.00  0.00
108.00  0.00
109.00  0.00
109.00  0.00
107.00  0.00
107.00  0.00
106.00  0.00
105.00  0.00
105.00  0.00
106.00  0.00
106.00  0.00
105.00  0.00
105.00  0.00
107.00  0.00
108.00  0.00
108.00  0.00
107.00  0.00
106.00  0.00
107.00  0.00
108.00  0.00
109.00  0.19
109.00  0.00
109.00  0.00
108.00  0.00
108.00  0.00
108.00  0.00
109.00  0.00
109.00  0.00
109.00  0.00
108.00  0.00
107.00  0.00
107.00  0.00
108.00  0.00
107.00  0.00
106.00  0.00
107.00  0.00
108.00  0.00
109.00  0.00
110.00  0.00
110.00  0.00
110.00  0.00
110.00  0.00
110.00  0.00
110.00  0.00
110.00  0.00