335.00  0.00
346.00  0.00
348.00  0.00
345.00  0.00
340.00  0.00
337.00  0.00
343.00  0.00
348.00  0.00
348.00  0.00
343.00  0.00
337.00  0.00
340.00  0.00
345.00  0.00
351.00  0.00
354.00  0.00
348.00  0.00
343.00  0.00
343.00  0.03
349.00  0.00
357.00  0.00
360.00  0.00
351.00  0.00
343.00  0.00
346.00  0.00
351.00  0.00
357.00  0.00
358.00  0.00
349.00  0.00
342.00  0.00
343.00  0.00
346.00  0.00
351.00  0.00
351.00  0.00
343.00  0.00
337.00  0.00
339.00  0.00
343.00  0.00
346.00  0.00
346.00  0.00
340.00  0.00
337.00  0.00
340.00  0.00
345.00  0.00
351.00  0.00
354.00  0.00
348.00  0.00
343.00  0.00
343.00  0.00
349.00  0.00
357.00  0.00
357.00  0.00
348.00  0.00
340.00  0.00
340.00  0.00
346.00  0.00
351.00  0.00
352.00  0.00
343.00  0.00
340.00  0.00
343.00  0.00
343.00  0.00
346.00  0.00
348.00  0.00
345.00  0.00
340.00  0.00
337.00  0.00
343.00  0.00
351.00  0.00
354.00  0.00
349.00  0.00
340.00  0.00
340.00  0.00
349.00  0.00
354.00  0.00
351.00  0.00
343.00  0.00
337.00  0.00
340.00  0.00
345.00  0.00
348.00  0.00
348.00  0.00
340.00  0.00
332.00  0.00
334.00  0.00
340.00  0.00
346.00  0.00
345.00  0.00
337.00  0.00
330.00  0.00
335.00  0.00
334.00  0.00
326.00  0.00
334.00  0.00
335.00  0.00
329.00  0.00
334.00  0.00
335.00  0.00
329.00  0.00
332.00  0.00
332.00  0.00
326.00  0.00
334.00  0.00
334.00  0.00
327.00  0.00
332.00  0.00
330.00  0.00
322.00  0.00
330.00  0.00
332.00  0.00
326.00  0.00
332.00  0.00
332.00  0.00
326.00  0.00
334.00  0.00
335.00  0.00
330.00  0.00
337.00  0.00
337.00  0.00
332.00  0.00
337.00  0.00