395.00  0.00
406.00  0.00
410.00  0.00
414.00  0.00
406.00  0.00
410.00  0.00
414.00  0.00
410.00  0.00
414.00  0.00
414.00  0.00
410.00  0.00
415.00  0.00
415.00  0.00
410.00  0.00
415.00  0.00
415.00  0.00
410.00  0.00
419.00  0.00
419.00  0.00
407.00  0.00
411.00  0.07
414.00  0.00
406.00  0.00
414.00  0.00
414.00  0.00
406.00  0.00
414.00  0.00
414.00  0.00
406.00  0.00
410.00  0.00
414.00  0.00
406.00  0.00
410.00  0.00
414.00  0.00
410.00  0.00
419.00  0.00
419.00  0.00
410.00  0.00
419.00  0.00
423.00  0.00
414.00  0.00
423.00  0.00
427.00  0.07
418.00  0.00
427.00  0.00
423.00  0.00
410.00  0.00
419.00  0.00
419.00  0.00
410.00  0.00
419.00  0.00
419.00  0.00
411.00  0.00
418.00  0.00
422.00  0.00
414.00  0.00
419.00  0.00
423.00  0.00
418.00  0.00
423.00  0.00
419.00  0.00
414.00  0.00
427.00  0.00
423.00  0.00
410.00  0.00
419.00  0.00
419.00  0.00
415.00  0.00
423.00  0.00
419.00  0.00
410.00  0.00
419.00  0.00
423.00  0.00
414.00  0.00
419.00  0.00
419.00  0.00
410.00  0.00
423.00  0.00
427.00  0.00
414.00  0.00
419.00  0.00
423.00  0.00
414.00  0.00
423.00  0.00
423.00  0.00
414.00  0.00
423.00  0.00
423.00  0.00
418.00  0.00
427.00  0.00
427.00  0.00
418.00  0.00
423.00  0.00
419.00  0.00
410.00  0.00
418.00  0.00
422.00  0.00
414.00  0.00
415.00  0.00
411.00  0.00
402.00  0.00
410.00  0.00
410.00  0.00
402.00  0.00
410.00  0.00
410.00  0.00
399.00  0.00
407.00  0.00
410.00  0.00
398.00  0.00
395.00  0.00
407.00  0.00
410.00  0.00
402.00  0.00
410.00  0.00
414.00  0.00
410.00  0.00
415.00  0.00
415.00  0.00
406.00  0.00