434.00  0.00
460.00  0.00
451.00  0.00
456.00  0.00
455.00  0.00
445.00  0.00
455.00  0.00
455.00  0.00
460.00  0.00
461.00  0.00
455.00  0.00
446.00  0.00
446.00  0.00
456.00  0.00
446.00  0.00
455.00  0.00
451.00  0.00
446.00  0.00
465.00  0.00
456.00  0.00
451.00  0.00
465.00  0.00
455.00  0.00
455.00  0.00
455.00  0.00
455.00  0.00
455.00  0.00
455.00  0.00
455.00  0.00
456.00  0.00
456.00  0.00
451.00  0.00
447.00  0.00
451.00  0.00
451.00  0.00
446.00  0.00
451.00  0.00
460.00  0.00
456.00  0.00
451.00  0.00
456.00  0.00
455.00  0.00
451.00  0.00
451.00  0.00
451.00  0.00
451.00  0.00
451.00  0.00
451.00  0.00
451.00  0.00
451.00  0.00
455.00  0.00
456.00  0.00
451.00  0.00
451.00  0.00
455.00  0.00
450.00  0.00
446.00  0.00
451.00  0.00
455.00  0.00
456.00  0.00
456.00  0.00
450.00  0.00
446.00  0.00
451.00  0.00
455.00  0.00
455.00  0.00
451.00  0.00
451.00  0.00
455.00  0.00
455.00  0.00
451.00  0.00
456.00  0.00
461.00  0.00
461.00  0.00
460.00  0.00
451.00  0.00
442.00  0.00
436.00  0.00
436.00  0.00
441.00  0.00
441.00  0.00
446.00  0.00
451.00  0.00
451.00  0.00
451.00  0.00
451.00  0.00
451.00  0.00
451.00  0.00
456.00  0.00
456.00  0.00
456.00  0.00
446.00  0.00
455.00  0.00
456.00  0.00
446.00  0.00
456.00  0.00
456.00  0.00
451.00  0.00
461.00  0.00
461.00  0.00
455.00  0.00
465.00  0.00
465.00  0.00
455.00  0.00
460.00  0.00
455.00  0.00
450.00  0.00
460.00  0.00
456.00  0.00
456.00  0.00
451.00  0.00
451.00  0.00
455.00  0.00
455.00  0.00
455.00  0.00
450.00  0.00
446.00  0.00
446.00  0.00
450.00  0.00
450.00  0.00