590.00  0.00
617.00  0.00
645.00  0.00
655.00  0.00
646.00  0.00
636.00  0.00
617.00  0.00
617.00  0.00
645.00  0.00
655.00  0.00
655.00  0.00
645.00  0.00
617.00  0.00
617.00  0.00
636.00  0.00
646.00  0.00
655.00  0.00
646.00  0.00
617.00  0.00
617.00  0.00
635.00  0.00
645.00  0.00
655.00  0.00
636.00  0.00
608.00  0.00
617.00  0.00
635.00  0.00
645.00  0.00
646.00  0.04
636.00  0.00
617.00  0.00
617.00  0.00
635.00  0.00
636.00  0.00
636.00  0.00
636.00  0.00
617.00  0.00
617.00  0.00
645.00  0.00
646.00  0.00
636.00  0.00
635.00  0.00
617.00  0.00
617.00  0.00
645.00  0.00
655.00  0.00
655.00  0.00
645.00  0.00
617.00  0.00
617.00  0.00
635.00  0.00
645.00  0.00
655.00  0.00
645.00  0.00
617.00  0.00
617.00  0.00
635.00  0.00
645.00  0.00
645.00  0.00
626.00  0.00
626.00  0.00
635.00  0.00
626.00  0.00
616.00  0.00
617.00  0.00
608.00  0.00
599.00  0.00
599.00  0.00
582.00  0.00
591.00  0.00
599.00  0.00
599.00  0.00
616.00  0.00
599.00  0.00
598.00  0.00
616.00  0.00
599.00  0.00
590.00  0.00
608.00  0.00
591.00  0.00
591.00  0.00
616.00  0.00
592.00  0.00
601.00  0.00
626.00  0.00
599.00  0.00
599.00  0.00
616.00  0.00
599.00  0.00
599.00  0.00
616.00  0.00
599.00  0.00
599.00  0.00
616.00  0.00
599.00  0.00
599.00  0.00
616.00  0.00
592.00  0.00
592.00  0.00
616.00  0.00
599.00  0.00
599.00  0.00
617.00  0.00
592.00  0.00
591.00  0.00
616.00  0.00
599.00  0.00
599.00  0.00
626.00  0.00
609.00  0.00
608.00  0.00
626.00  0.00
600.00  0.00
609.00  0.00
635.00  0.00
608.00  0.00
592.00  0.00
609.00  0.00
600.00  0.00
600.00  0.00