180.00  0.00
215.00  0.00
215.00  0.00
210.00  0.00
207.00  0.00
204.00  0.00
206.00  0.00
208.00  0.00
206.00  0.00
203.00  0.00
204.00  0.00
207.00  0.00
207.00  0.00
207.00  0.00
208.00  0.00
212.00  0.00
212.00  0.00
211.00  0.00
212.00  0.00
210.00  0.00
211.00  0.00
217.00  0.00
216.00  0.00
212.00  0.00
211.00  0.00
208.00  0.00
209.00  0.00
216.00  0.00
217.00  0.00
214.00  0.00
213.00  0.00
209.00  0.00
205.00  0.00
204.00  0.00
202.00  0.00
199.00  0.00
198.00  0.00
198.00  0.00
199.00  0.00
201.00  0.00
203.00  0.00
206.00  0.00
211.00  0.00
213.00  0.00
211.00  0.00
210.00  0.00
208.00  0.00
209.00  0.00
215.00  0.00
216.00  0.00
212.00  0.00
210.00  0.00
207.00  0.00
206.00  0.00
210.00  0.00
210.00  0.00
209.00  0.00
209.00  0.00
206.00  0.00
207.00  0.00
212.00  0.00
212.00  0.00
210.00  0.00
211.00  0.00
210.00  0.00
210.00  0.00
215.00  0.00
216.00  0.00
213.00  0.00
212.00  0.00
210.00  0.00
210.00  0.00
215.00  0.00
216.00  0.00
213.00  0.00
212.00  0.00
211.00  0.00
214.00  0.00
218.00  0.00
218.00  0.00
216.00  0.00
214.00  0.00
212.00  0.00
214.00  0.00
218.00  0.00
216.00  0.00
211.00  0.00
209.00  0.00
207.00  0.00
207.00  0.00
208.00  0.00
207.00  0.00
206.00  0.00
203.00  0.00
205.00  0.00
210.00  0.00
209.00  0.00
209.00  0.00
209.00  0.00
210.00  0.00
214.00  0.00
214.00  0.00
211.00  0.00
209.00  0.00
206.00  0.00
207.00  0.00
211.00  0.00
212.00  0.00
210.00  0.00
209.00  0.00
207.00  0.00
207.00  0.00
211.00  0.00
211.00  0.00
209.00  0.00
208.00  0.00
206.00  0.00
207.00  0.00
212.00  0.00
212.00  0.00