627.00  0.00
646.00  0.00
655.00  0.00
656.00  0.00
656.00  0.00
665.00  0.00
676.00  0.00
674.00  0.00
664.00  0.00
666.00  0.00
666.00  0.00
656.00  0.00
655.00  0.00
646.00  0.00
626.00  0.00
635.00  0.00
645.00  0.00
645.00  0.00
655.00  0.00
646.00  0.00
637.00  0.00
626.00  0.00
627.00  0.00
646.00  0.00
655.00  0.00
655.00  0.00
655.00  0.00
655.00  0.00
656.00  0.00
656.00  0.00
656.00  0.00
656.00  0.00
655.00  0.00
655.00  0.00
655.00  0.00
655.00  0.00
656.00  0.00
656.00  0.00
666.00  0.00
665.00  0.00
655.00  0.00
655.00  0.00
655.00  0.00
655.00  0.00
655.00  0.00
655.00  0.00
655.00  0.00
655.00  0.00
655.00  0.00
656.00  0.00
656.00  0.00
656.00  0.00
656.00  0.00
656.00  0.00
646.00  0.00
636.00  0.00
626.00  0.00
608.00  0.07
608.00  0.00
616.00  0.00
636.00  0.00
655.00  0.00
646.00  0.00
637.00  0.00
638.00  0.00
646.00  0.00
655.00  0.00
655.00  0.00
655.00  0.00
655.00  0.00
655.00  0.00
645.00  0.00
617.00  0.00
617.00  0.00
645.00  0.00
655.00  0.00
646.00  0.00
627.00  0.04
608.00  0.00
617.00  0.00
645.00  0.00
655.00  0.00
655.00  0.00
645.00  0.00
618.00  0.00
618.00  0.00
635.00  0.00
645.00  0.00
655.00  0.00
645.00  0.00
626.00  0.00
627.00  0.00
646.00  0.00
656.00  0.00
656.00  0.00
645.00  0.00
617.00  0.00
617.00  0.00
635.00  0.00
636.00  0.00
636.00  0.00
635.00  0.00
617.00  0.00
617.00  0.00
635.00  0.00
645.00  0.00
655.00  0.00
646.00  0.00
617.00  0.00
617.00  0.00
645.00  0.16
655.00  0.00
646.00  0.00
637.00  0.00
618.00  0.00
617.00  0.00
635.00  0.00
645.00  0.00
655.00  0.00
646.00  0.00