493.00  0.00
500.00  0.00
505.00  0.00
511.00  0.00
511.00  0.00
510.00  0.00
504.00  0.00
505.00  0.00
510.00  0.00
510.00  0.00
511.00  0.00
506.00  0.00
506.00  0.00
511.00  0.00
505.00  0.00
505.00  0.00
511.00  0.00
505.00  0.00
505.00  0.00
505.00  0.00
505.00  0.00
505.00  0.00
505.00  0.00
511.00  0.00
511.00  0.00
511.00  0.00
505.00  0.00
505.00  0.00
511.00  0.00
511.00  0.00
511.00  0.00
511.00  0.00
511.00  0.16
511.00  0.00
511.00  0.00
516.00  0.00
517.00  0.00
511.00  0.00
512.00  0.00
518.00  0.00
524.00  0.00
518.00  0.00
518.00  0.00
518.00  0.00
518.00  0.00
524.00  0.00
524.00  0.00
518.00  0.00
512.00  0.00
511.00  0.00
512.00  0.00
512.00  0.00
511.00  0.00
511.00  0.00
511.00  0.00
511.00  0.00
511.00  0.00
517.00  0.00
517.00  0.00
511.00  0.00
511.00  0.00
511.00  0.00
511.00  0.00
511.00  0.00
505.00  0.00
499.00  0.00
499.00  0.00
505.00  0.00
505.00  0.00
499.00  0.00
499.00  0.00
499.00  0.00
499.00  0.00
505.00  0.00
500.00  0.00
477.00  0.00
482.00  0.00
499.00  0.00
499.00  0.00
504.00  0.00
499.00  0.00
481.00  0.00
487.00  0.00
499.00  0.00
493.00  0.00
487.00  0.00
477.00  0.00
471.00  0.00
476.00  0.00
471.00  0.00
460.00  0.00
465.00  0.00
470.00  0.00
465.00  0.00
470.00  0.00
466.00  0.00
456.00  0.00
471.00  0.00
476.00  0.00
471.00  0.00
482.00  0.00
493.00  0.00
499.00  0.00
493.00  0.00
476.00  0.00
482.00  0.00
505.00  0.00
511.00  0.00
511.00  0.07
511.00  0.00
517.00  0.00
517.00  0.00
518.00  0.00
524.00  0.00
517.00  0.00
511.00  0.00
511.00  0.00
517.00  0.00
516.00  0.00
511.00  0.00