       9.32           
       9.18           
       9.35           
       9.32           
       9.25           
       9.27           
       9.30           
       9.41           
       9.35           
       9.30           
       9.36           
       9.66           
       9.46           
       9.70           
       9.68           
       9.67           
       9.63           
       9.36           
       9.32           
       9.38           
       9.34           
       9.27           
       9.48           
       9.39           
       9.22           
       9.30           
       9.21           
       9.09           
       9.25           
       9.69           
       9.69           
       9.55           
       9.40           
       9.37           
       9.45           
       9.39           
       9.52           
       9.71           
       9.50           
       9.81           
      10.11           
      10.72           
      10.55           
       9.72           
       9.39           
       9.29           
       9.31           
       9.32           
       9.37           
       9.29           
       9.35           
       9.33           
       9.14           
       9.21           
       9.58           
      10.16           
      10.07           
       9.29           
       9.46           
       9.36           
       9.45           
       9.36           
       9.43           
       9.34           
       9.34           
       9.31           
       9.20           
       9.29           
       9.24           
       9.19           
       9.39           
       9.98           
       9.79           
       9.71           
       9.89           
      10.00           
      10.00           
       9.72           
       9.37           
       9.40           
       9.33           
       9.19           
       9.23           
       9.30           
       9.36           
       9.32           
       9.48           
       9.30           
       9.39           
       9.49           
       9.60           
       9.71           
       9.65           
       9.37           
       9.39           
       9.51           
       9.47           
       9.33           
       9.24           
       9.11           
       9.32           
       9.55           
       9.56           
       9.86           
       9.58           
       9.39           
       9.27           
       9.37           
       9.25           
       9.22           
       9.24           
       9.27           
       9.13           
       9.23           
       9.21           
       9.34           
       9.31           
       9.36           
       9.30           
       9.31           
       9.36           
       9.25           
       9.17           
       9.43           
       9.83           
       9.75           
       9.74           
       9.69           
       9.93           
       9.93           
       9.63           
       9.67           
       9.88           
      10.27           
       9.59           
       9.64           
       9.58           
       9.45           
       9.32           
       9.41           
       9.41           
       9.23           
       9.19           
       9.10           
       9.33           
       9.23           
       9.30           
       9.38           
       9.46           
       9.37           
       9.40           
       9.48           
       9.23           
       9.26           
       9.66           
       9.57           
       9.49           
       9.35           
       9.24           
       9.25           
       9.34           
       9.36           
       9.43           
       9.41           
       9.30           
       9.28           
       9.33           
       9.58           
       9.53           
       9.45           
       9.42           
       9.41           
       9.67           
       9.62           
       9.68           
       9.63           
       9.85           
       9.95           
       9.77           
       9.38           
       9.17           
       9.41           
       9.19           
       9.24           
       9.36           
       9.53           
       9.46           
       9.48           
       9.44           
       9.43           
       9.36           
       9.26           
       9.33           
       9.41           
       9.40           
       9.45           
       9.47           
       9.78           
       9.42           
       9.46           
       9.50           
       9.54           
       9.42           
       9.29           
       9.28           
       9.47           
       9.39           
       9.33           
       9.32           
       9.17           
       9.28           
       9.18           
       9.34           
       9.38           
       9.27           
       9.43           
       9.39           
       9.43           
       9.34           
       9.38           
       9.28           
       9.74           
       9.64           
       9.15           
       9.34           
       9.62           
       9.52           
       9.41           
       9.45           
       9.34           
       9.36           
       9.38           
       9.57           
       9.39           
       9.26           
       9.30           
       9.43           
       9.13           
       9.32           
       9.52           
       9.25           
       9.20           
       9.29           
       9.31           
       9.16           
       9.33           
       9.39           
       9.34           
       9.18           
       9.30           
       9.32           
       9.34           
       9.45           
       9.33           
       9.33           
       9.31           
       9.27           
       9.22           
       9.30           
       9.37           
       9.36           
       9.34           
       9.42           
       9.19           
       9.39           
       9.42           
       9.27           
       9.41           
       9.36           
       9.41           
       9.39           
       9.30           
       9.38           
       9.34           
       9.37           
       9.44           
       9.50           
       9.63           
       9.44           
       9.31           
       9.27           
       9.44           
       9.46           
       9.47           
       9.34           
       9.28           
       9.32           
       9.36           
       9.49           
       9.51           
       9.45           
       9.32           
       9.35           
       9.43           
       9.43           
       9.38           
       9.22           
       9.02           
       9.39           
       9.42           
       9.34           
       9.30           
       9.36           
       9.43           
       9.30           
       9.42           
       9.51           
       9.32           
       9.33           
       9.28           
       9.32           
       9.35           
       9.23           
       9.31           
       9.44           
       9.45           
       9.40           
       9.27           
       9.33           
       9.32           
       9.32           
       9.28           
       9.38           
       9.57           
       9.44           
       9.42           
       9.44           
       9.30           
       9.36           
       9.37           
       9.30           
       9.19           
       9.28           
       9.37           
       9.45           
       9.92           
       9.58           
       9.42           
       9.32           
       9.32           
       9.46           
       9.59           
       9.64           
       9.75           
       9.77           
       9.56           
       9.55           
       9.73           
       9.64           
       9.46           
       9.56           
       9.51           
       9.41           
       9.46           
       9.42           
       9.44           
       9.34           
       9.45           
       9.44           
       9.34           
       9.36           
       9.32           
       9.34           
       9.40           
       9.33           
       9.29           
       9.48           
       9.62           
       9.45           
       9.56           
       9.63           
       9.37           
       9.26           
       9.37           
       9.49           
       9.38           
       9.51           
       9.37           
       9.24           
       9.37           
       9.32           
       9.29           
       9.40           
       9.18           
       9.15           
       9.37           
       9.37           
       9.26           
       9.40           
       9.45           
       9.34           
       9.49           
       9.52           
       9.30           
       9.19           
       9.30           
       9.37           
       9.34           
       9.42           
       9.42           
       9.50           
       9.41           
       9.42           
       9.38           
       9.44           
       9.50           
       9.37           
       9.50           
       9.37           
       9.26           
       9.46           
       9.29           
       9.36           
       9.37           
       9.35           
       9.32           
       9.39           
       9.18           
       9.27           
       9.25           
       9.11           
       9.31           
       9.25           
       9.30           
       9.59           
       9.56           
       9.46           
       9.32           
       9.47           
       9.37           
       9.42           
       9.27           
       9.27           
       9.28           
       9.33           
       9.24           
       9.24           
       9.21           
       9.48           
       9.36           
       9.41           
       9.34           
       9.51           
       9.42           
       9.72           
       9.59           
       9.55           
       9.61           
       9.62           
       9.50           
       9.62           
       9.55           
       9.63           
       9.56           
       9.38           
       9.29           
       9.28           
       9.43           
       9.54           
       9.45           
       9.35           
       9.37           
       9.32           
       9.31           
       9.42           
       9.42           
       9.31           
       9.26           
       9.49           
       9.34           
       9.28           
       9.32           
       9.41           
       9.40           
       9.18           
       9.22           
       9.29           
       9.28           
       9.33           
       9.18           
       9.21           
       9.33           
       9.23           
       9.33           
       9.16           
       9.30           
       9.38           
       9.26           
       9.47           
       9.40           
       9.42           
       9.27           
       9.39           
       9.48           
       9.45           
       9.30           
       9.38           
       9.49           
       9.71           
       9.91           
       9.53           
       9.49           
       9.33           
       9.33           
       9.27           
       9.29           
       9.33           
       9.50           
       9.30           
       9.35           
       9.27           
       9.25           
       9.34           
       9.34           
       9.37           
       9.40           
       9.45           
       9.36           
       9.17           
       9.25           
       9.25           
       9.28           
       9.29           
       9.25           
       9.24           
       9.38           
       9.17           
       9.40           
       9.39           
       9.34           
       9.20           
       9.23           
       9.43           
       9.37           
       9.22           
       9.17           
       9.15           
       9.17           
       9.36           
       9.22           
       9.18           
       9.22           
       9.20           
       9.23           
       9.25           
       9.30           
       9.44           
       9.41           
       9.37           
       9.36           
       9.27           
       9.11           
       9.12           
       9.19           
       9.21           
       9.37           
       9.36           
       9.17           
       9.49           
       9.68           
       9.64           
       9.52           
       9.42           
       9.17           
       9.31           
       9.25           
       9.20           
       9.38           
       9.35           
       9.37           
       9.37           
       9.36           
       9.25           
       9.43           
       9.55           
       9.23           
       9.37           
       9.34           
       9.32           
       9.42           
       9.17           
       9.26           
       9.35           
       9.23           
       9.30           
       9.32           
       9.31           
       9.22           
       9.22           
       9.34           
       9.85           
       9.80           
       9.60           
       9.46           
       9.49           
       9.65           
       9.43           
       9.31           
       9.28           
       9.21           
       9.29           
       9.29           
       9.37           
       9.35           
       9.30           
       9.47           
       9.59           
       9.51           
       9.40           
       9.30           
       9.29           
       9.40           
       9.24           
       9.23           
       9.33           
       9.46           
       9.63           
       9.66           
       9.52           
       9.67           
       9.50           
       9.55           
       9.51           
       9.33           
       9.24           
       9.20           
       9.30           
       9.22           
       9.24           
       9.19           
       9.21           
       9.26           
       9.20           
       9.17           
       9.23           
       9.47           
       9.33           
       9.47           
       9.60           
       9.67           
       9.66           
       9.84           
       9.15           
       9.38           
       9.54           
       9.89           
       9.72           
       9.48           
       9.46           
       9.40           
       9.39           
       9.30           
       9.22           
       9.30           
       9.29           
       9.17           
       9.33           
       9.15           
       9.22           
       9.14           
       9.25           
       9.35           
       9.45           
       9.36           
       9.39           
       9.29           
       9.38           
       9.37           
       9.40           
       9.33           
       9.35           
       9.34           
       9.52           
       9.63           
       9.71           
       9.66           
       9.57           
       9.39           
       9.39           
       9.24           
       9.32           
       9.14           
       9.24           
       9.29           
       9.38           
       9.39           
       9.17           
       9.22           
       9.32           
       9.18           
       9.18           
       9.42           
       9.39           
       9.44           
       9.34           
       9.62           
       9.38           
       9.27           
       9.26           
       9.23           
       9.37           
       9.37           
       9.46           
       9.50           
       9.48           
       9.28           
       9.15           
       9.25           
       9.22           
       9.26           
       9.38           
       9.29           
       9.36           
       9.55           
       9.48           
      10.05           
       9.55           
       9.34           
       9.45           
       9.59           
       9.96           
      10.41           
      10.38           
       9.86           
       9.60           
       9.74           
       9.77           
       9.69           
       9.29           
       9.41           
       9.37           
       9.47           
       9.35           
       9.31           
       9.35           
       9.38           
       9.35           
       9.43           
       9.30           
       9.28           
       9.39           
       9.43           
       9.33           
       9.33           
       9.35           
       9.33           
       9.39           
       9.38           
       9.53           
       9.42           
       9.30           
       9.35           
       9.35           
       9.43           
       9.37           
       9.36           
       9.36           
       9.29           
       9.34           
       9.49           
       9.38           
       9.29           
       9.48           
       9.42           
       9.27           
       9.26           
       9.28           
       9.24           
       9.38           
       9.34           
       9.24           
       9.28           
       9.42           
       9.29           
       9.26           
       9.20           
       9.41           
       9.71           
       9.88           
       9.48           
       9.57           
       9.57           
       9.50           
       9.35           
       9.32           
       9.33           
       9.24           
       9.36           
       9.20           
       9.27           
       9.19           
       9.28           
       9.60           
       9.42           
      10.09           
      10.22           
      10.33           
      10.55           
       9.71           
      10.66           
       9.82           
       9.74           
       9.96           
       9.70           
       9.51           
       9.42           
       9.50           
       9.84           
       9.39           
       9.39           
       9.45           
       9.15           
       9.24           
       9.19           
       9.33           
       9.20           
       9.29           
       9.36           
       9.33           
       9.14           
       9.21           
       9.32           
       9.39           
       9.20           
       9.24           
       9.23           
       9.13           
       9.20           
       9.32           
       9.47           
       9.73           
       9.38           
       9.22           
       9.26           
       9.28           
       9.31           
       9.29           
       9.52           
       9.57           
       9.41           
       9.45           
       9.32           
       9.22           
       9.34           
       9.36           
       9.39           
       9.38           
       9.26           
       9.41           
       9.36           
       9.34           
       9.41           
       9.38           
       9.35           
       9.21           
       9.27           
       9.33           
       9.29           
       9.26           
       9.28           
       9.34           
       9.40           
       9.25           
       9.26           
       9.40           
       9.40           
       9.29           
       9.30           
       9.17           
       9.23           
       9.29           
       9.30           
       9.44           
       9.30           
       9.30           
       9.23           
       9.19           
       9.32           
       9.36           
       9.32           
       9.22           
       9.28           
       9.24           
       9.28           
       9.26           
       9.36           
       9.48           
       9.38           
       9.34           
       9.26           
       9.12           
       9.31           
       9.26           
       9.40           
       9.28           
       9.38           
       9.24           
       9.30           
       9.39           
       9.31           
       9.39           
       9.20           
       9.22           
       9.28           
       9.13           
       9.20           
       9.69           
       9.41           
       9.47           
       9.27           
       9.45           
       9.63           
       9.78           
       9.31           
       9.40           
       9.32           
       9.33           
       9.50           
       9.52           
       9.62           
       9.69           
      10.72           
       9.70           
       9.34           
       9.27           
       9.22           
       9.24           
       9.35           
       9.34           
       9.38           
       9.23           
       9.11           
       9.28           
       9.19           
       9.29           
       9.26           
       9.25           
       9.15           
       9.14           
       9.24           
       9.20           
       9.23           
       9.27           
       9.26           
       9.20           
       9.33           
       9.27           
       9.27           
       9.19           
       9.27           
       9.13           
       9.30           
       9.42           
       9.31           
       9.43           
       9.38           
       9.40           
       9.17           
       9.25           
       9.34           
       9.24           
       9.20           
       9.23           
       9.32           
       9.36           
       9.54           
       9.48           
       9.28           
       9.30           
       9.32           
       9.38           
       9.37           
       9.36           
       9.33           
       9.24           
       9.30           
       9.29           
       9.31           
       9.83           
       9.51           
       9.53           
       9.37           
       9.31           
       9.38           
       9.15           
       9.19           
       9.35           
       9.31           
       9.17           
       9.25           
       9.23           
       9.14           
       9.17           
       9.28           
       9.53           
       9.48           
       9.37           
       9.33           
       9.36           
       9.36           
       9.21           
       9.39           
       9.28           
       9.24           
       9.22           
       9.21           
       9.18           
       9.20           
       9.21           
       9.21           
       9.21           
       9.18           
       9.52           
       9.32           
       9.24           
       9.23           
       9.36           
       9.70           
       9.63           
       9.52           
       9.91           
       9.57           
       9.29           
       9.27           
       9.18           
       9.17           
       9.23           
       9.35           
       9.33           
       9.22           
       9.20           
       9.30           
       9.18           
       9.25           
       9.26           
       9.30           
       9.32           
       9.32           
       9.22           
       9.39           
       9.35           
       9.42           
       9.15           
       9.10           
       9.28           
       9.18           
       9.36           
       9.20           
       9.45           
       9.42           
       9.28           
       9.28           
       9.39           
       9.44           
       9.37           
       9.26           
       9.29           
       9.39           
       9.42           
       9.28           
       9.10           
       9.16           
       9.13           
       9.15           
       9.27           
       9.14           
       9.29           
       9.39           
       9.48           
       9.52           
       9.58           
       9.59           
       9.76           
      10.10           
       9.76           
       9.48           
       9.66           
       9.37           
       9.34           
       9.36           
       9.35           
       9.38           
       9.60           
       9.63           
       9.16           
       9.56           
       9.31           
       9.04           
       9.22           
       9.14           
       9.19           
       9.22           
       9.21           
       9.16           
       9.48           
       9.44           
       9.38           
       9.37           
       9.27           
       9.24           
       9.27           
       9.24           
       9.28           
       9.31           
       9.39           
       9.34           
       9.20           
       9.24           
       9.16           
       9.20           
       9.20           
       9.27           
       9.33           
       9.16           
       9.50           
       9.38           
       9.16           
       9.26           
       9.21           
       9.18           
       9.21           
       9.28           
       9.36           
       9.28           
       9.36           
       9.37           
       9.32           
       9.41           
       9.29           
       9.46           
       9.27           
       9.46           
       9.44           
       9.42           
       9.25           
       9.27           
       9.31           
       9.22           
       9.27           
       9.31           
       9.26           
       9.38           
       9.28           
       9.28           
       9.30           
       9.26           
       9.24           
       9.23           
       9.31           
       9.33           
       9.38           
       9.19           
       9.24           
       9.27           
       9.35           
       9.32           
       9.43           
       9.41           
       9.29           
       9.27           
       9.36           
       9.34           
       9.45           
       9.36           
       9.28           
       9.39           
       9.25           
       9.30           
       9.22           
       9.33           
       9.27           
       9.31           
       9.34           
       9.30           
       9.37           
       9.29           
       9.26           
       9.31           
       9.34           
       9.24           
       9.32           
       9.30           
       9.35           
       9.33           
       9.22           
       9.25           
       9.50           
       9.48           
       9.38           
       9.53           
       9.37           
       9.38           
       9.20           
       9.18           
       9.18           
       9.18           
       9.23           
       9.30           
       9.25           
       9.29           
       9.26           
       9.38           
       9.43           
       9.43           
       9.37           
       9.22           
       9.41           
       9.29           
       9.34           
       9.27           
       9.34           
       9.21           
       9.19           
       9.16           
       9.27           
       9.27           
       9.20           
       9.29           
       9.20           
       9.38           
       9.28           
       9.33           
       9.36           
       9.30           
       9.23           
       9.29           
       9.31           
       9.39           
       9.45           
       9.26           
       9.26           
       9.30           
       9.22           
       9.23           
       9.17           
       9.33           
       9.28           
       9.35           
       9.26           
       9.36           
       9.17           
       9.26           
       9.34           
       9.36           
       9.38           
       9.33           
       9.26           
       9.35           
       9.58           
       9.36           
       9.35           
       9.21           
       9.29           
       9.04           
       9.50           
       9.57           
       9.66           
       9.52           
       9.47           
       9.38           
       9.35           
       9.34           
       9.37           
       9.37           
       9.23           
       9.18           
       9.32           
       9.39           
       9.51           
       9.35           
       9.24           
       9.33           
       9.09           
       9.20           
       9.26           
       9.09           
       9.39           
       9.52           
       9.81           
       9.64           
       9.88           
       9.78           
       9.73           
       9.58           
       9.43           
       9.45           
       9.24           
       9.31           
       9.25           
       9.21           
       9.12           
       9.45           
       9.25           
       9.22           
       9.20           
       9.26           
       9.14           
       9.05           
       9.32           
       9.17           
       9.43           
       9.56           
       9.03           
       9.16           
       9.48           
       9.24           
       9.43           
       9.37           
       9.39           
       9.39           
       9.34           
       9.25           
       9.17           
       9.34           
       9.50           
       9.53           
       9.45           
       9.31           
       9.27           
       9.44           
       9.54           
       9.52           
       9.28           
       9.19           
       9.21           
       9.23           
       9.21           
       9.35           
       9.61           
       9.55           
       9.50           
       9.49           
       9.14           
       9.14           
       8.86           
       9.49           
       9.80           
       9.24           
       9.36           
       9.31           
       9.40           
       9.90           
       9.48           
       9.28           
       9.43           
       9.49           
       9.72           
       9.42           
       9.69           
       9.52           
       9.51           
       9.33           
       8.98           
       9.08           
       9.37           
       9.37           
       9.30           
       9.40           
       9.29           
       9.27           
       9.32           
       9.27           
       9.19           
       9.23           
       9.47           
       9.38           
       9.63           
       9.58           
       9.32           
       9.23           
       9.27           
       9.37           
       9.37           
       9.83           
       9.70           
       9.64           
       9.65           
       9.49           
       9.38           
       9.28           
       9.29           
       9.14           
       9.31           
       9.22           
       9.25           
       9.33           
       9.25           
       9.41           
       9.36           
       9.26           
       9.26           
       9.25           
       9.53           
       9.29           
       9.30           
       9.24           
       9.27           
       9.21           
       9.29           
       9.36           
       9.19           
       9.11           
       9.14           
       9.24           
       9.34           
       9.31           
       9.38           
       9.56           
       9.43           
       9.50           
       9.55           
       9.56           
       9.58           
       9.51           
       9.30           
       9.21           
       9.24           
       9.10           
       9.08           
       9.28           
       9.22           
       9.44           
       9.37           
       9.16           
       9.20           
       9.32           
       9.38           
       9.32           
       9.45           
       9.57           
       9.50           
       9.20           
       9.36           
       9.52           
       9.47           
       9.43           
       9.57           
       9.62           
      10.06           
       9.94           
       9.67           
       9.35           
       9.63           
       9.43           
       9.45           
       9.34           
       9.23           
       9.43           
       9.26           
       9.15           
       9.24           
       9.30           
       9.08           
       9.41           
       9.42           
       9.26           
       9.25           
       9.20           
       9.11           
       9.10           
       9.11           
       9.33           
       9.19           
       9.43           
       9.32           
       9.32           
       9.55           
       9.22           
       9.25           
       9.18           
       9.15           
       9.10           
       9.03           
       8.98           
       9.12           
       9.26           
       9.35           
       9.32           
       9.26           
       9.26           
       9.40           
       9.34           
       9.43           
       9.38           
       9.33           
       9.21           
       9.25           
       9.33           
       9.12           
       9.28           
       9.31           
       9.39           
       9.30           
       9.59           
       9.83           
       9.73           
       9.62           
       9.38           
       9.20           
       9.35           
       9.25           
       9.23           
       9.37           
       9.39           
       9.36           
       9.12           
       9.22           
       8.98           
       9.42           
       9.35           
       9.79           
       9.86           
       9.56           
       9.34           
       9.43           
       9.36           
       9.37           
       9.39           
       9.47           
       9.20           
       9.37           
       9.26           
       9.59           
       9.63           
       9.51           
       9.49           
       9.34           
       9.48           
       9.47           
       9.43           
       9.45           
       9.44           
       9.46           
       9.57           
       9.48           
       9.46           
       9.29           
       9.21           
       9.46           
       9.58           
       9.53           
       9.56           
       9.64           
       9.54           
       9.50           
       9.46           
       9.27           
       9.21           
       9.24           
       9.27           
       9.30           
       9.28           
       9.49           
       9.52           
       9.56           
       9.38           
       9.23           
       9.55           
       9.57           
       9.44           
       9.37           
       9.29           
       9.20           
       9.15           
       9.10           
       9.25           
       9.33           
       9.29           
       9.34           
       9.31           
       9.15           
       9.36           
       9.82           
       9.64           
       9.57           
       9.46           
       9.62           
       9.63           
       9.60           
       9.46           
       9.83           
       9.54           
       9.38           
       9.44           
       9.98           
       9.64           
       9.46           
       9.52           
       9.71           
       9.61           
       9.68           
       9.29           
       9.65           
       8.86           
       9.20           
       9.51           
       9.58           
       9.41           
       9.51           
       9.94           
       9.82           
       9.81           
       9.70           
       9.63           
       9.39           
       9.34           
       9.36           
       9.18           
       9.38           
       9.70           
       9.57           
       9.58           
       9.62           
       9.49           
       9.34           
       9.21           
       9.12           
       8.57           
       9.91           
       9.59           
       9.50           
       9.53           
       9.34           
       9.32           
       9.21           
       9.20           
       9.18           
       9.24           
       9.08           
       9.31           
       9.30           
       9.31           
       9.22           
       9.34           
       9.14           
       9.28           
       9.36           
       9.44           
       9.31           
       9.57           
       9.54           
       9.49           
       9.37           
       9.43           
       9.34           
       9.17           
       9.33           
       9.34           
       9.18           
       9.39           
       9.19           
       9.32           
       9.50           
       9.54           
       9.45           
       9.63           
       9.47           
       9.45           
       9.32           
       9.39           
       9.25           
       9.21           
       9.03           
       9.23           
       9.28           
       9.46           
       9.31           
       9.06           
       9.17           
       9.44           
       9.33           
       9.51           
       9.32           
       9.37           
       9.24           
       9.23           
       9.31           
       9.23           
       9.38           
       9.40           
       9.45           
       9.35           
       9.21           
       9.40           
       9.45           
       9.41           
       9.32           
       9.90           
       9.77           
       9.80           
       9.42           
       9.39           
       9.31           
       9.42           
       9.55           
       9.37           
       9.37           
       9.72           
       9.81           
       9.71           
       9.45           
       9.41           
       9.82           
       9.82           
       9.42           
       9.49           
       9.30           
       9.26           
       9.25           
       9.22           
       9.38           
       9.35           
       9.38           
       9.25           
       9.18           
       9.17           
       9.20           
       9.22           
       9.31           
       9.28           
       9.30           
       9.30           
       9.24           
       9.21           
       9.33           
       9.27           
       9.49           
       9.38           
       9.52           
       9.55           
       9.04           
       9.28           
       9.46           
       9.51           
       9.37           
       9.15           
       9.35           
       9.45           
       9.56           
       9.52           
       9.59           
       9.58           
       9.72           
       9.77           
       9.57           
       9.46           
       9.47           
       9.48           
       9.35           
       9.22           
       9.38           
       9.28           
       9.25           
       9.26           
       9.41           
       9.61           
       9.90           
       9.80           
       9.58           
       9.35           
       9.17           
       9.22           
       9.12           
       9.12           
       9.25           
       9.19           
       9.09           
       9.06           
       9.09           
       9.19           
       8.93           
       8.90           
       9.03           
       9.13           
       8.99           
       9.38           
       9.35           
       9.36           
       9.30           
       9.25           
       9.36           
       9.27           
       9.30           
       9.49           
       9.64           
       9.59           
       9.91           
       9.53           
       9.48           
       9.47           
       9.79           
      10.08           
       9.60           
       9.29           
       9.33           
       9.30           
       9.32           
       9.23           
       9.22           
       9.36           
       9.34           
       9.23           
       9.27           
       9.42           
       9.49           
       9.57           
       9.65           
       9.53           
       9.40           
       9.35           
       9.38           
       9.36           
       9.31           
       9.47           
       9.75           
       9.64           
       9.77           
       9.88           
       9.96           
       9.43           
       9.61           
       9.47           
       9.34           
       9.42           
       9.47           
       9.42           
       9.31           
       9.38           
       9.32           
       9.21                      
       9.38           
       9.52           
       9.51           
       9.24           
       9.54           
       9.45           
       9.30           
       9.27           
       9.79           
       9.94           
       9.44           
       9.48           
       9.42           
       9.69           
       9.69           
       9.48           
       9.39           
       9.37           
       9.38           
       9.40           
       9.49           
       9.67           
       9.54           
       9.41           
       9.68           
       9.37           
       9.56           
       9.45           
       9.47           
       9.44           
       9.52           
       9.42           
       9.33           
       9.35           
       9.30           
       9.27           
       9.24           
       9.28           
       9.18           
       9.15           
       9.38           
       9.34           
       9.39           
       9.28           
       9.14           
       9.21           
       8.97           
       9.16           
       9.11           
       9.06           
       9.31           
       9.16           
       9.09           
       9.15           
       9.07           
       9.15           
       9.24           
       9.33           
       9.27           
       9.33           
       9.40           
       9.26           
       9.29           
       9.30           
       9.24           
       9.05           
       9.27           
       9.43           
       9.76           
       9.65           
       9.54           
       9.19           
       9.09           
       9.17           
       9.35           
       9.42           
       9.61           
       9.68           
       9.79           
       9.72           
       9.55           
       9.51           
       9.51           
       9.60           
       9.90           
       9.74           
       9.40           
       9.34           
       9.47           
       9.52           
       9.69           
       9.66           
       9.70           
       9.49           
       9.73           
       9.37           
       9.33           
       9.36           
       9.39           
       9.41           
       9.27           
       9.28           
       9.32           
       9.29           
       9.16           
       9.24           
       9.22           
       9.25           
       9.21           
       9.30           
       9.18           
       9.09           
       9.03           
       8.99           
       9.15           
       9.05           
       9.14           
       9.25           
       9.30           
       9.24           
       9.27           
       9.23           
       9.17           
       9.22           
       9.06           
       9.09           
       9.25           
       9.44           
       9.62           
       9.21           
       9.24           
       9.24           
       9.23           
       9.24           
       9.23           
       9.46           
       9.31           
       9.39           
       9.41           
       9.40           
       9.38           
       9.36           
       9.41           
       9.24           
       9.26           
       9.16           
       9.23           
       9.32           
       9.34           
       9.67           
       9.48           
       9.39           
       9.39           
       9.48           
       9.57           
       9.48           
       9.28           
       9.36           
       9.47           
       9.69           
       9.22           
       9.25           
       9.38           
       9.31           
       9.24           
       9.43           
       9.28           
       9.24           
       9.22           
       9.38           
       9.36           
       9.23           
       9.29           
       9.34           
       9.37           
       9.53           
       9.45           
       9.36           
       9.28           
       9.49           
       9.37           
       9.18           
       9.23           
       9.27           
       9.21           
       9.13           
       9.03           
       9.32           
       9.32           
       9.35           
       9.41           
       9.43           
       9.49           
       9.54           
       9.52           
       9.67           
       9.60           
       9.41           
       9.32           
       9.28           
       9.48           
       9.26           
       9.37           
       9.35           
       9.27           
       9.33           
       9.17           
       9.29           
       9.17           
       9.13           
       9.34           
       9.16           
       9.03           
       9.16           
       9.10           
       9.19           
       9.25           
       9.34           
       9.14           
       9.11           
       9.08           
       9.00           
       8.98           
       9.07           
       9.05           
       9.08           
       9.34           
       9.27           
       9.39           
       9.26           
       9.14           
       9.15           
       9.20           
       9.09           
       9.07           
       9.13           
       9.34           
       9.25           
       9.39           
       9.32           
       9.53           
       9.59           
       9.38           
       9.26           
       9.23           
       9.50           
       9.54           
       9.62           
       9.43           
       9.60           
       9.92           
      10.04           
       9.44           
       9.39           
       9.39           
       9.54           
       9.36           
       9.34           
       9.20           
       9.33           
       9.35           
       9.49           
       9.65           
       9.61           
       9.47           
       9.68           
       9.78           
       9.48           
       9.42           
       9.47           
       9.54           
       9.41           
       9.29           
       9.27           
       9.29           
       9.22           
       9.24           
       9.26           
       9.23           
       9.29           
       9.30           
       9.30           
       9.22           
       9.34           
       9.46           
       9.39           
       9.27           
       9.33           
       9.37           
       9.41           
       9.44           
       9.33           
       9.35           
       9.35           
       9.43           
       9.41           
       9.71           
       9.47           
       9.49           
       9.46           
       9.30           
       9.31           
       9.24           
       9.19           
       9.17           
       9.01           
       8.95           
       9.12           
       9.21           
       9.33           
       9.47           
       9.48           
       9.45           
       9.36           
       9.26           
       9.55           
       9.55           
       9.43           
       9.54           
       9.65           
       9.50           
       9.51           
       9.34           
       9.50           
       9.56           
       9.49           
       9.48           
       9.28           
       9.30           
       9.68           
       9.52           
       9.54           
       9.70           
       9.53           
       9.57           
       9.44           
       9.40           
       9.32           
       9.36           
       9.18           
       9.22           
       9.39           
       9.43           
       9.41           
       9.39           
       9.43           
       9.60           
       9.53           
       9.33           
       9.41           
       9.30           
       9.38           
       9.39           
       9.30           
       9.40           
       9.22           
       9.25           
       9.35           
       9.16           
       9.19           
       9.19           
       9.28           
       9.10           
       9.14           
       9.19           
       9.17           
       9.21           
       9.52           
       9.70           
       9.34           
       9.20           
       9.10           
       9.36           
       9.31           
       9.33           
       9.45           
       9.33           
       9.53           
       9.38           
       9.35           
       9.29           
       9.37           
       9.37           
       9.26           
       8.94           
       9.16           
       9.12           
       9.11           
       9.08           
       9.18           
       9.23           
       9.26           
       9.17           
       9.16           
       9.18           
       9.22           
       9.15           
       9.11           
       8.99           
       9.01           
       9.10           
       9.06           
       9.33           
       9.59           
       9.54           
       9.31           
       9.24           
       9.30           
       9.21           
       9.24           
       9.52           
       9.58           
       9.69           
       9.57           
       9.33           
       9.35           
       9.43           
       9.59           
       9.42           
       9.53           
       9.34           
       9.42           
       9.33           
       9.34           
       9.27           
       9.25           
       9.16           
       9.27           
       9.36           
       9.54           
       9.21           
       9.36           
       9.44           
       9.39           
       9.15           
       9.17           
       9.31           
       9.38           
       9.44           
       9.40           
       9.28           
       9.18           
       9.15           
       9.10           
       9.37           
       9.44           
       9.43           
       9.47           
       9.46           
       9.41           
       9.25           
       9.28           
       9.21           
       9.27           
       9.29           
       9.24           
       9.18           
       9.29           
       9.49           
       9.36           
       9.31           
       9.39           
       9.34           
       9.36           
       9.51           
       9.60           
       9.67           
       9.70           
       9.46           
       9.31           
       9.31           
       9.46           
       9.50           
       9.35           
       9.52           
       9.42           
       9.36           
       9.15           
       9.09           
       9.63           
       9.36           
       9.46           
       9.25           
       9.26           
       9.29           
       9.20           
       9.34           
       9.32           
       9.55           
       9.63           
       9.69           
       9.52           
       9.32           
       9.33           
       9.33           
       9.25           
       9.22           
       9.31           
       9.41           
       9.33           
       9.30           
       9.48           
       9.49           
       9.49           
       9.26           
       9.17           
       9.22           
       9.15           
       9.10           
       9.23           
       9.20           
       9.17           
       9.21           
       9.36           
       9.66           
       9.48           
       9.37           
       9.43           
       9.36           
       9.33           
       9.02           
       9.14           
       9.18           
       9.20           
       9.39           
       9.31           
       9.09           
       9.07           
       9.12           
       9.15           
       9.01           
       9.16           
       9.23           
       9.35           
       9.25           
       9.17           
       9.17           
       9.19           
       9.25           
       9.26           
       9.26           
       9.31           
       9.33           
       9.18           
       9.26           
       9.27           
       9.24           
       9.40           
       9.16           
       9.47           
       9.41           
       9.33           
       9.19           
       9.28           
       9.12           
       9.18           
       9.23           
       9.20           
       9.24           
       9.18           
       9.21           
       9.01           
       9.10           
       9.19           
       9.17           
       9.30           
       9.23           
       9.29           
       9.21           
       9.19           
       9.27           
       9.37           
       9.34           
       9.17           
       9.34           
       9.10           
       9.10           
       9.11           
       9.22           
       9.27           
       9.29           
       9.31           
       9.62           
       9.84           
      10.15           
       9.95           
       9.50           
       9.42           
       9.40           
       9.47           
       9.46           
       9.50           
       9.55           
       9.28           
       9.36           
       9.31           
       9.31           
       9.36           
       9.34           
       9.52           
       9.61           
       9.64           
       9.26           
       9.56           
       9.90           
      10.06           
       9.60           
       9.31           
       9.31           
       9.30           
       9.35           
       9.45           
       9.56           
       9.22           
       9.19           
       9.10           
       9.25           
       9.10           
       9.04           
       9.15           
       9.20           
       9.55           
       9.56           
       9.46           
       9.53           
       9.36           
       9.38           
       9.46           
       9.28           
       9.23           
       9.17           
       9.05           
       9.09           
       9.35           
       9.19           
       9.16           
       9.29           
       9.12           
       9.17           
       9.20           
       9.46           
       9.67           
       9.65           
       9.49           
       9.41           
       9.40           
       9.27           
       9.46           
       9.51           
       9.72           
       9.59           
       9.58           
       9.30           
       9.37           
       9.43           
       9.26           
       9.31           
       9.14           
       9.23           
       9.32           
       9.33           
       9.21           
       9.32           
       9.03           
       9.17           
       9.08           
       9.12           
       9.29           
       9.14           
       9.29           
       9.39           
       9.36           
       9.15           
       9.21           
       9.19           
       9.14           
       9.28           
       9.35           
       9.29           
       9.16           
       9.13           
       9.22           
       9.27           
       9.20           
       9.18           
       9.29           
       9.30           
       9.40           
       9.32           
       9.27           
       9.39           
       9.47           
       9.41           
       9.37           
       9.47           
       9.33           
       9.26           
       9.34           
       9.25           
       9.45           
       9.08           
       9.21           
       9.33           
       9.29           
       9.22           
       9.34           
       9.43           
       9.46           
       9.43           
       9.31           
       9.54           
       9.51           
       9.34           
       9.35           
       9.17           
       9.24           
       9.18           
       9.27           
       9.21           
       9.59           
       9.84           
       9.47           
       9.32           
       9.27           
       9.35           
       9.21           
       9.23           
       9.34           
       9.28           
       9.26           
       9.24           
       9.31           
       9.40           
       9.35           
       9.06           
       9.07           
       9.14           
       9.22           
       9.23           
       9.16           
       9.33           
       9.37           
       9.37           
       9.52           
       9.34           
       9.10           
       9.28           
       9.47           
       9.53           
       9.42           
       9.22           
       9.09           
       9.33           
       9.45           
       9.39           
       9.20           
       9.39           
       9.45           
       9.40           
       9.42           
       9.40           
       9.52           
       9.38           
       9.29           
       9.35           
       9.78           
       9.58           
       9.88           
       9.55           
       9.38           
       9.15           
       9.34           
       9.40           
       9.17           
       9.13           
       9.17           
       9.09           
       9.03           
       9.24           
       9.35           
       9.51           
       9.48           
       9.50           
       9.30           
       9.37           
       9.38           
       9.22           
       9.48           
       9.46           
       9.19           
       9.17           
       9.18           
       9.29           
       9.27           
       9.28           
       9.34           
       9.32           
       9.28           
       9.49           
       9.79           
       9.94           
       9.72           
       9.44           
       9.29           
       9.45           
       9.29           
       9.15           
       9.29           
       9.11           
       9.14           
       9.22           
       9.17           
       9.35           
       9.82           
       9.60           
       9.25           
       9.32           
       9.35           
       9.45           
       9.26           
       9.22           
       9.36           
       9.45           
       9.72           
       9.19           
       9.17           
       9.16           
       9.52           
       9.64           
       9.56           
       9.66           
       9.29           
       9.23           
       9.18           
       9.23           
       9.33           
       9.22           
       9.24           
       9.10           
       9.35           
       9.33           
       9.40           
       9.32           
       9.36           
       9.37           
       9.26           
       9.35           
       9.42           
       9.38           
       9.58           
       9.57           
       9.43           
       9.39           
       9.42           
       9.60           
       9.52           
       9.60           
       9.57           
       9.80           
       9.74           
       9.48           
       9.42           
       9.43           
       9.68           
       8.90           
       9.67           
       9.15           
       8.93           
       9.00           
       9.31           
       9.32           
       9.31           
       9.32           
       9.33           
       9.25           
       9.18           
       9.20           
       9.39           
       9.23           
       9.20           
       9.33           
       9.35           
       9.18           
       9.20           
       9.20           
       9.12           
       9.25           
       9.19           
       9.33           
       9.22           
       9.19           
       9.24           
       9.19           
       9.18           
       9.34           
       9.51           
       9.32           
       9.32           
       9.26           
       9.37           
       9.31           
       9.36           
       9.23           
       9.20           
       9.14           
       9.15           
       9.24           
       9.27           
       9.27           
       9.19           
       9.18           
       9.19           
       9.29           
       9.31           
       9.32           
       9.41           
       9.24           
       9.10           
       9.24           
       9.27           
       9.31           
       9.18           
       9.10           
       9.16           
       9.12           
       9.21           
       9.35           
       9.34           
       9.32           
       9.27           
       9.27           
       9.38           
       9.21           
       9.30           
       9.28           
       9.24           
       9.32           
       9.09           
       9.21           
       9.24           
       9.20           
       9.25           
       9.27           
       9.21           
       9.25           
       9.21           
       9.22           
       9.38           
       9.30           
       9.15           
       9.23           
       9.19           
       9.24           
       9.19           
       9.21           
       9.30           
       9.24           
       9.12           
       9.09           
       9.20           
       9.09           
       9.19           
       9.26           
       9.22           
       9.30           
       9.16           
       9.11           
       9.33           
       9.14           
       9.28           
       9.22           
       9.29           
       9.20           
       9.11           
       9.33           
       9.32           
       9.25           
       9.22           
       9.27           
       9.28           
       9.27           
       9.18           
       9.22           
       9.26           
       9.15           
       9.05           
       9.26           
       9.36           
       9.28           
       9.20           
       9.20           
       9.30           
       9.18           
       9.16           
       9.35           
       9.41           
       9.38           
       9.36           
       9.26           
       9.33           
       9.29           
       9.26           
       9.14           
       9.31           
       9.28           
       9.29           
       9.24           
       9.23           
       9.23           
       9.14           
       9.19           
       9.13           
       9.17           
       9.39           
       9.43           
       9.37           
       9.35           
       9.28           
       9.37           
       9.24           
       9.28           
       9.45           
       9.38           
       9.32           
       9.40           
       9.51           
       9.37           
       9.29           
       9.21           
       9.38           
       9.33           
       9.34           
       9.39           
       9.17           
       9.34           
       9.35           
       9.46           
       9.44           
       9.62           
       9.45           
       9.37           
       9.53           
       9.64           
       9.46           
       9.43           
       9.50           
       9.37           
       9.46           
       9.42           
       9.51           
       9.29           
       9.17           
       9.25           
       9.11           
       9.22           
       9.25           
       9.27           
       9.31           
       9.36           
       9.26           
       9.38           
       9.29           
       9.67           
       9.46           
       9.33           
       9.42           
       9.38           
       9.30           
       9.20           
       9.24           
       9.26           
       9.12           
       9.30           
       9.13           
       9.48           
       9.21           
       9.22           
       9.21           
       9.12           
       9.09           
       9.17           
       9.21           
       9.03           
       9.19           
       9.22           
       9.28           
       9.43           
       9.70           
       9.46           
       9.69           
       9.74           
       9.55           
       9.63           
       9.65           
       9.27           
       9.28           
       9.27           
       9.32           
       9.25           
       9.27           
       9.24           
       9.38           
       9.21           
       9.12           
       9.18           
       9.33           
       9.17           
       9.09           
       9.17           
       9.23           
       9.23           
       9.22           
       9.19           
       9.25           
       9.25           
       9.29           
       9.11           
       9.08           
       9.13           
       9.09           
       9.17           
       9.28           
       9.15           
       9.26           
       9.29           
       9.23           
       9.22           
       9.32           
       9.36           
       9.32           
       9.47           
       9.20           
       9.10           
       9.14           
       9.07           
       9.12           
       9.06           
       9.20           
       9.25           
       9.42           
       9.54           
       9.77           
       9.96           
       9.52           
       9.33           
       9.37           
       9.29           
       9.30           
       9.26           
       9.13           
       9.24           
       9.49           
       9.31           
       9.35           
       9.25           
       9.18           
       9.22           
       9.21           
       9.31           
       9.28           
       9.14           
       9.17           
       9.24           
       9.21           
       9.21           
       9.22           
       9.21           
       9.21           
       9.15           
       9.10           
       9.08           
       9.23           
       9.26           
       9.17           
       9.27           
       9.27           
       9.30           
       9.13           
       9.12           
       9.21           
       9.32           
       9.27           
       9.26           
       9.33           
       9.70           
       9.43           
       9.29           
       9.19           
       9.06           
       9.17           
       9.10           
       9.18           
       9.29           
       9.26           
       9.23           
       9.56           
       9.61           
       9.68           
       9.69           
       9.82           
       9.33           
       9.31           
       9.34           
       9.17           
       9.38           
       9.31           
       9.28           
       9.26           
       9.19           
       9.16           
       9.27           
       9.25           
       9.37           
       9.34           
       9.57           
       9.48           
       9.20           
       9.15           
       9.17           
       9.23           
       9.17           
       9.23           
       9.22           
       9.16           
       9.33           
       9.23           
       9.33           
       9.36           
       9.47           
       9.49           
       9.48           
       9.53           
       9.72           
       9.64           
       9.77           
       9.67           
       9.32           
       9.26           
       9.12           
       9.16           
       9.19           
       9.29           
       9.19           
       9.36           
       9.12           
       9.14           
       9.14           
       9.15           
       9.28           
       9.38           
       9.93           
       9.73           
       9.54           
       9.30           
       9.33           
       9.46           
       9.57           
       9.60           
       9.49           
       9.27           
       9.27           
       9.31           
       9.34           
       9.43           
       9.35           
       9.29           
       9.30           
       9.30           
       9.29           
       9.34           
       9.38           
       9.29           
       9.06           
       9.04           
       8.94           
       8.94           
       9.27           
       9.38           
       9.20           
       9.26           
       9.31           
       9.23           
       9.11           
       9.25           
       9.43           
       9.51           
       9.19           
       9.34           
       9.38           
       9.34           
       9.54           
       9.51           
       9.63           
       9.47           
       9.24           
       9.63           
       9.53           
       9.37           
       9.26           
       9.09           
       9.07           
       9.56           
       9.54           
       9.37           
       9.14           
       9.15           
       9.11           
       9.16           
       9.20           
       9.15           
       9.32           
       9.12           
       9.17           
       9.21           
       9.36           
       9.33           
       9.45           
       9.41           
       9.15           
       9.15           
       9.03           
       9.15           
       9.20           
       9.29           
       9.22           
       9.20           
       9.29           
       9.39           
       9.38           
       9.41           
       9.35           
       9.54           
       9.33           
       9.21           
       9.25           
       9.50           
       9.56           
       9.30           
       9.20           
       9.21           
       9.34           
       9.19           
       9.22           
       9.17           
       9.25           
       9.21           
       9.08           
       9.20           
       9.16           
       9.29           
       9.38           
       9.19           
       9.23           
       9.33           
       9.28           
       9.23           
       9.39           
       9.30           
       9.14           
       9.12           
       9.12           
       9.27           
       9.42           
       9.28           
       9.27           
       9.33           
       9.48           
       9.44           
       9.50           
       9.58           
       9.60           
       9.60           
       9.39           
       9.30           
       9.43           
       9.36           
       9.37           
       9.46           
       9.49           
       9.66           
       9.65           
       9.49           
       9.56           
       9.56           
       9.55           
       9.50           
       9.61           
       9.25           
       9.23           
       9.37           
       9.22           
       9.24           
       9.39           
       9.26           
       9.35           
       9.57           
       9.44           
       9.39           
       9.44           
       9.51           
       9.36           
       9.25           
       9.26           
       9.42           
       9.38           
       9.31           
       9.30           
       9.26           
       9.32           
       9.28           
       9.25           
       9.35           
       9.35           
       9.14           
       9.32           
       9.30           
       9.26           
       9.19           
       9.22           
       9.22           
       9.17           
       9.05           
       9.17           
       9.22           
       9.26           
       9.45           
       9.54           
       9.30           
       9.17           
       9.19           
       9.20           
       9.29           
       9.47           
       9.42           
       9.44           
       9.33           
       9.30           
       9.31           
       9.16           
       9.44           
       9.52           
       9.42           
       9.43           
       9.44           
       9.54           
       9.45           
       9.54           
       9.87           
       9.44           
       9.51           
       9.69           
       9.50           
       9.38           
       9.35           
       9.25           
       9.21           
       9.26           
       9.37           
       9.69           
       9.65           
       9.62           
       9.52           
       9.36           
       9.29           
       9.24           
       9.13           
       9.09           
       9.37           
       9.19           
       9.24           
       9.20           
       9.18           
       9.14           
       9.05           
       9.04           
       9.19           
       9.05           
       9.31           
       9.73           
       9.79           
       9.89           
       9.83           
       9.59           
       9.55           
       9.47           
       9.48           
       9.17           
       9.34           
       9.24           
       9.09           
       9.08           
       9.44           
       9.41           
       9.30           
       9.48           
       9.62           
       9.58           
       9.36           
       9.29           
       9.32           
       9.21           
       9.34           
       9.29           
       9.32           
       9.23           
       9.22           
       9.39           
      