146.00  0.00
153.00  0.00
151.00  0.00
131.00  0.00
133.00  0.00
133.00  0.00
149.00  0.00
168.00  0.00
151.00  0.00
133.00  0.00
133.00  0.00
133.00  0.00
153.00  0.00
171.00  0.00
171.00  0.00
151.00  0.00
150.00  0.00
150.00  0.00
130.00  0.00
130.00  0.00
132.00  0.00
150.00  0.00
150.00  0.00
132.00  0.00
131.00  0.00
132.00  0.00
153.00  0.00
154.00  0.00
153.00  0.00
152.00  0.00
134.00  0.00
134.00  0.00
135.00  0.00
134.00  0.00
152.00  0.00
152.00  0.00
132.00  0.00
131.00  0.00
132.00  0.00
133.00  0.00
133.00  0.00
131.00  0.00
131.00  0.00
133.00  0.00
136.00  0.00
136.00  0.00
134.00  0.00
133.00  0.00
133.00  0.00
134.00  0.00
134.00  0.00
134.00  0.00
180.00  0.00
180.00  0.00
133.00  0.00
133.00  0.00
135.00  0.00
135.00  0.00
153.00  0.00
153.00  0.00
134.00  0.00
135.00  0.00
135.00  0.00
134.00  0.00
134.00  0.00
134.00  0.00
134.00  0.00
134.00  0.00
134.00  0.00
133.00  0.00
132.00  0.00
133.00  0.00
133.00  0.00
131.00  0.00
132.00  0.00
134.00  0.00
153.00  0.00
152.00  0.00
134.00  0.00
135.00  0.00
155.00  0.00
174.00  0.00
154.00  0.00
134.00  0.00
135.00  0.00
136.00  0.00
154.00  0.00
154.00  0.00
136.00  0.00
136.00  0.00
136.00  0.00
136.00  0.00
135.00  0.00
135.00  0.00
135.00  0.00
153.00  0.00
153.00  0.00
136.00  0.00
138.00  0.00
137.00  0.00
138.00  0.00
138.00  0.00
155.00  0.00
154.00  0.00
133.00  0.00
134.00  0.00
137.00  0.00
137.00  0.00
136.00  0.00
135.00  0.00
135.00  0.00
153.00  0.00
154.00  0.00
136.00  0.00
136.00  0.00
136.00  0.00
157.00  0.00
175.00  0.00
154.00  0.00
153.00  0.00