296.00  0.00
280.00  0.00
320.00  0.00
311.00  0.00
274.00  0.00
254.00  0.00
250.00  0.00
383.00  0.00
426.00  0.00
313.00  0.00
276.00  0.00
257.00  0.00
252.00  0.00
276.00  0.00
318.00  0.00
313.00  0.00
276.00  0.00
257.00  0.00
252.00  0.00
384.00  0.00
426.00  0.00
315.00  0.00
278.00  0.00
255.00  0.00
252.00  0.00
325.00  0.00
365.00  0.00
315.00  0.00
276.00  0.00
254.00  0.00
252.00  0.00
277.00  0.00
313.00  0.00
309.00  0.00
276.00  0.00
255.00  0.15
252.00  0.00
392.00  0.00
430.00  0.00
313.00  0.00
276.00  0.00
254.00  0.00
251.00  0.00
384.00  0.00
414.00  0.00
301.00  0.31
274.00  0.00
254.00  0.00
251.00  0.00
384.00  0.00
419.00  0.00
318.00  0.00
311.00  0.00
274.00  0.00
255.00  0.00
252.00  0.00
384.00  0.00
426.00  0.00
316.00  0.00
278.00  0.00
257.00  0.00
251.00  0.00
377.00  0.00
418.00  0.00
311.00  0.00
274.00  0.00
254.00  0.00
251.00  0.00
384.00  0.00
525.00  0.00
525.00  0.00
518.00  0.00
519.00  0.00
525.00  0.00
518.00  0.00
513.00  0.00
519.00  0.00
518.00  0.00
518.00  0.00
518.00  0.00
457.00  0.00
399.00  0.00
460.00  0.00
460.00  0.00
461.00  0.00
424.00  0.00
325.00  0.00
313.00  0.00
299.00  0.00
273.00  0.00
251.00  0.00
249.00  0.00
278.00  0.00
418.00  0.00
524.00  0.00
524.00  0.00
519.00  0.00
513.00  0.00
519.00  0.13
525.00  0.00
519.00  0.00
408.00  0.00
302.00  0.00
274.00  0.00
254.00  0.00
249.00  0.00
382.00  0.00
414.00  0.00
302.00  0.00
274.00  0.00
255.00  0.00
252.00  0.00
323.00  0.00
365.00  0.00
315.00  0.00
278.00  0.00
257.00  0.00
255.00  0.00
394.00  0.00
433.00  0.00