66.00  0.00
52.00  0.00
52.00  0.00
53.00  0.00
53.00  0.00
53.00  0.00
53.00  0.00
53.00  0.00
52.00  0.00
52.00  0.00
52.00  0.00
52.00  0.00
52.00  0.00
51.00  0.00
51.00  0.00
52.00  0.00
53.00  0.00
52.00  0.00
51.00  0.00
51.00  0.00
51.00  0.00
52.00  0.00
53.00  0.00
53.00  0.00
53.00  0.00
52.00  0.00
52.00  0.00
52.00  0.00
53.00  0.00
52.00  0.00
52.00  0.00
52.00  0.00
52.00  0.00
52.00  0.00
52.00  0.00
52.00  0.00
52.00  0.00
52.00  0.00
51.00  0.00
49.00  0.00
48.00  0.00
49.00  0.00
49.00  0.00
49.00  0.00
50.00  0.00
50.00  0.00
50.00  0.00
50.00  0.00
50.00  0.00
50.00  0.00
51.00  0.00
52.00  0.00
52.00  0.00
53.00  0.00
53.00  0.00
53.00  0.00
53.00  0.00
53.00  0.00
52.00  0.00
52.00  0.25
52.00  0.00
53.00  0.00
53.00  0.00
52.00  0.00
52.00  0.00
52.00  0.00
51.00  0.00
51.00  0.00
50.00  0.00
50.00  0.00
50.00  0.00
50.00  0.00
51.00  0.00
51.00  0.00
50.00  0.00
50.00  0.00
51.00  0.00
49.00  0.00
49.00  0.00
50.00  0.00
50.00  0.00
51.00  0.00
51.00  0.00
52.00  0.00
53.00  0.00
53.00  0.00
53.00  0.00
53.00  0.00
53.00  0.00
53.00  0.00
52.00  0.00
52.00  0.00
53.00  0.00
52.00  0.00
52.00  0.00
52.00  0.00
52.00  0.00
53.00  0.00
54.00  0.00
53.00  0.00
53.00  0.00
54.00  0.00
54.00  0.00
53.00  0.00
53.00  0.00
52.00  0.00
52.00  0.00
52.00  0.00
52.00  0.00
53.00  0.00
53.00  0.00
52.00  0.00
53.00  0.00
53.00  0.00
52.00  0.00
52.00  0.00
52.00  0.00
51.00  0.00
51.00  0.00
52.00  0.00