218.00  0.00
203.00  0.00
203.00  0.00
203.00  0.00
202.00  0.00
202.00  0.00
202.00  0.00
202.00  0.00
202.00  0.00
202.00  0.00
202.00  0.00
202.00  0.00
202.00  0.00
202.00  0.00
203.00  0.00
202.00  0.00
201.00  0.00
202.00  0.00
202.00  0.00
202.00  0.00
202.00  0.00
201.00  0.00
201.00  0.00
201.00  0.00
203.00  0.00
203.00  0.00
202.00  0.00
201.00  0.00
201.00  0.00
201.00  0.00
201.00  0.10
201.00  0.00
201.00  0.00
201.00  0.00
200.00  0.09
200.00  0.00
200.00  0.00
199.00  0.00
199.00  0.00
199.00  0.00
199.00  0.00
199.00  0.00
199.00  0.00
199.00  0.00
199.00  0.00
199.00  0.00
199.00  0.00
199.00  0.00
199.00  0.00
200.00  0.00
201.00  0.00
201.00  0.00
200.00  0.00
200.00  0.00
203.00  0.00
203.00  0.00
202.00  0.00
202.00  0.00
203.00  0.00
203.00  0.00
203.00  0.00
203.00  0.00
202.00  0.00
202.00  0.00
201.00  0.04
202.00  0.00
203.00  0.00
202.00  0.00
200.00  0.00
201.00  0.00
200.00  0.00
200.00  0.00
201.00  0.00
200.00  0.00
199.00  0.00
199.00  0.00
199.00  0.00
199.00  0.00
199.00  0.00
199.00  0.00
197.00  0.00
197.00  0.00
198.00  0.00
197.00  0.00
198.00  0.00
199.00  0.00
199.00  0.00
199.00  0.00
199.00  0.00
199.00  0.00
199.00  0.00
199.00  0.00
199.00  0.00
199.00  0.00
199.00  0.00
200.00  0.00
200.00  0.00
200.00  0.00
201.00  0.00
201.00  0.00
200.00  0.00
200.00  0.00
200.00  0.00
200.00  0.00
201.00  0.00
201.00  0.00
200.00  0.00
199.00  0.00
200.00  0.00
200.00  0.00
200.00  0.00
201.00  0.00
201.00  0.00
202.00  0.00
203.00  0.00
204.00  0.00
204.00  0.00
204.00  0.00
204.00  0.00
204.00  0.00