122.00  0.00
83.00  0.00
83.00  0.00
74.00  0.00
81.00  0.00
82.00  0.00
73.00  0.00
80.00  0.00
80.00  0.00
73.00  0.00
81.00  0.00
80.00  0.00
72.00  0.00
80.00  0.00
81.00  0.00
73.00  0.00
82.00  0.00
82.00  0.00
72.00  0.00
79.00  0.00
79.00  0.00
71.00  0.00
79.00  0.00
79.00  0.00
71.00  0.00
79.00  0.00
79.00  0.00
71.00  0.00
79.00  0.00
79.00  0.00
72.00  0.00
81.00  0.00
82.00  0.00
74.00  0.00
83.00  0.00
82.00  0.00
74.00  0.00
84.00  0.00
83.00  0.00
74.00  0.00
82.00  0.00
82.00  0.00
73.00  0.00
81.00  0.00
81.00  0.00
73.00  0.00
81.00  0.00
82.00  0.00
74.00  0.00
82.00  0.00
83.00  0.00
75.00  0.00
83.00  0.00
84.00  0.00
75.00  0.00
83.00  0.00
83.00  0.00
74.00  0.00
81.00  0.00
81.00  0.00
72.00  0.00
80.00  0.04
80.00  0.00
73.00  0.00
81.00  0.00
81.00  0.00
73.00  0.00
81.00  0.00
80.00  0.00
72.00  0.00
81.00  0.00
81.00  0.00
73.00  0.00
81.00  0.00
82.00  0.00
74.00  0.00
83.00  0.00
83.00  0.00
75.00  0.00
82.00  0.00
82.00  0.00
73.00  0.00
82.00  0.00
83.00  0.00
75.00  0.00
83.00  0.00
83.00  0.00
75.00  0.00
83.00  0.00
83.00  0.00
74.00  0.00
81.00  0.00
81.00  0.00
74.00  0.00
82.00  0.00
81.00  0.00
73.00  0.00
80.00  0.00
80.00  0.00
73.00  0.00
81.00  0.00
81.00  0.00
73.00  0.00
81.00  0.00
81.00  0.00
73.00  0.00
82.00  0.00
82.00  0.00
75.00  0.00
83.00  0.00
83.00  0.00
75.00  0.00
83.00  0.00
83.00  0.00
74.00  0.00
82.00  0.00
82.00  0.00
74.00  0.00
83.00  0.00
84.00  0.00