269.00  0.00
216.00  0.00
218.00  0.00
237.00  0.00
262.00  0.00
269.00  0.00
243.00  0.00
217.00  0.00
218.00  0.00
237.00  0.00
262.00  0.00
361.00  0.00
334.00  0.00
216.00  0.00
218.00  0.00
238.00  0.00
263.00  0.00
361.00  0.00
335.00  0.01
218.00  0.00
219.00  0.00
238.00  0.00
265.00  0.00
362.00  0.00
335.00  0.00
217.00  0.00
218.00  0.00
237.00  0.00
262.00  0.00
356.00  0.00
329.00  0.00
216.00  0.00
219.00  0.00
259.00  0.00
284.00  0.45
362.00  0.00
336.00  0.00
219.00  0.00
221.00  0.00
242.00  0.00
266.00  0.00
366.00  0.00
341.00  0.00
220.00  0.00
222.00  0.00
240.00  0.00
265.00  0.00
306.00  0.00
278.00  0.00
217.00  0.00
218.00  0.00
237.00  0.00
273.00  0.00
280.00  0.00
243.00  0.00
217.00  0.00
218.00  0.00
237.00  0.00
262.00  0.00
269.00  0.00
242.00  0.00
216.00  0.00
218.00  0.00
237.00  0.00
262.00  0.00
265.00  0.00
238.00  0.00
216.00  0.00
218.00  0.00
237.00  0.00
262.00  0.00
356.00  0.00
223.00  0.00
108.00  0.00
237.00  0.00
271.00  0.00
313.00  0.00
277.00  0.00
217.00  0.00
219.00  0.00
238.00  0.00
265.00  0.00
270.00  0.00
243.00  0.00
218.00  0.00
221.00  0.00
240.00  0.00
265.00  0.00
362.00  0.00
336.00  0.00
220.00  0.00
222.00  0.19
240.00  0.00
264.00  0.00
361.00  0.00
335.00  0.04
218.00  0.00
220.00  0.00
238.00  0.00
262.00  0.00
269.00  0.00
243.00  0.00
218.00  0.00
219.00  0.00
237.00  0.00
262.00  0.00
356.00  0.00
329.00  0.00
216.00  0.00
217.00  0.00
236.00  0.00
271.00  0.00
365.00  0.00
329.00  0.00
216.00  0.00
218.00  0.00
239.00  0.00
263.00  0.00
267.00  0.00
241.00  0.00