318.00  0.00
318.00  0.00
318.00  0.00
318.00  0.00
349.00  0.00
349.00  0.00
315.00  0.00
313.00  0.00
343.00  0.00
343.00  0.00
313.00  0.00
315.00  0.00
318.00  0.00
324.00  0.00
449.00  0.00
471.00  0.00
319.00  0.00
381.00  0.00
405.00  0.00
321.00  0.00
449.00  0.00
471.00  0.00
321.00  0.00
449.00  0.00
471.00  0.00
321.00  0.00
449.00  0.00
471.00  0.00
323.00  0.00
342.00  0.00
342.00  0.00
342.00  0.00
342.00  0.00
451.00  0.00
447.00  0.00
447.00  0.00
447.00  0.00
448.00  0.00
450.00  0.00
449.00  0.00
448.00  0.00
448.00  0.00
447.00  0.00
447.00  0.00
447.00  0.00
447.00  0.00
447.00  0.00
448.00  0.00
450.00  0.00
458.00  0.00
458.00  0.00
449.00  0.00
449.00  0.00
449.00  0.00
449.00  0.00
450.00  0.00
450.00  0.00
449.00  0.00
449.00  0.00
449.00  0.00
449.00  0.00
449.00  0.00
449.00  0.00
458.00  0.00
458.00  0.00
458.00  0.00
458.00  0.00
458.00  0.00
457.00  0.00
457.00  0.00
458.00  0.00
450.00  0.00
450.00  0.00
450.00  0.00
472.00  0.00
321.00  0.00
450.00  0.00
472.00  0.00
319.00  0.00
447.00  0.00
468.00  0.00
316.00  0.00
447.00  0.00
471.00  0.00
321.00  0.00
450.00  0.00
469.00  0.00
317.00  0.00
325.00  0.00
349.00  0.00
321.00  0.00
449.00  0.00
474.00  0.00
324.00  0.00
450.00  0.00
472.00  0.00
323.00  0.00
452.00  0.00
475.00  0.00
316.00  0.00
316.00  0.00
317.00  0.00
315.00  0.00
313.00  0.00
316.00  0.00
318.00  0.00
318.00  0.00
318.00  0.00
318.00  0.00
318.00  0.00
315.00  0.00
314.00  0.00
316.00  0.00
318.00  0.00
318.00  0.00
318.00  0.00
318.00  0.00
318.00  0.00
318.00  0.00