       3.19           
       3.20           
       3.26           
       3.23           
       3.17           
       3.20           
       3.22           
       3.22           
       3.28           
       3.25           
       3.20           
       3.28           
       3.25           
       3.28           
       3.20           
       3.16           
       3.22           
       3.27           
       3.17           
       3.20           
       3.17           
       3.18           
       3.19           
       3.11           
       3.22           
       3.15           
       3.19           
       3.23           
       3.23           
       3.19           
       3.26           
       3.21           
       3.19           
       3.19           
       3.19           
       3.22           
       3.23           
       3.15           
       3.23           
       3.21           
       3.16           
       3.06           
       3.05           
       3.18           
       3.14           
       3.13           
       3.08           
       3.11           
       3.06           
       3.08           
       3.09           
       3.12           
       3.12           
       3.04           
       3.18           
       3.11           
       3.17           
       3.18           
       3.22           
       3.20           
       3.20           
       3.22           
       3.17           
       3.21           
       3.14           
       3.19           
       3.23           
       3.28           
       3.21           
       3.17           
       3.19           
       3.21           
       3.24           
       3.23           
       3.15           
       3.20           
       3.18           
       3.23           
       3.19           
       3.16           
       3.12           
       3.18           
       3.17           
       3.17           
       3.24           
       3.23           
       3.14           
       3.17           
       3.20           
       3.30           
       3.19           
       3.26           
       3.30           
       3.23           
       3.32           
       3.17           
       3.28           
       3.35           
       3.40           
       3.22           
       3.21           
       3.22           
       3.20           
       3.16           
       3.21           
       3.25           
       3.19           
       3.27           
       3.23           
       3.32           
       3.33           
       3.28           
       3.17           
       3.24           
       3.24           
       3.31           
       3.27           
       3.30           
       3.34           
       3.34           
       3.25           
       3.21           
       3.20           
       3.30           
       3.29           
       3.26           
       3.24           
       3.21           
       3.14           
       3.19           
       3.22           
       3.24           
       3.24           
       3.24           
       3.29           
       3.26           
       3.34           
       3.28           
       3.10           
       3.10           
       3.18           
       3.21           
       3.21           
       3.33           
       3.38           
       3.40           
       3.28           
       3.22           
       3.35           
       3.41           
       3.28           
       3.22           
       3.17           
       3.19           
       3.20           
       3.16           
       3.24           
       3.28           
       3.26           
       3.24           
       3.21           
       3.20           
       3.18           
       3.27           
       3.25           
       3.14           
       3.16           
       3.15           
       3.17           
       3.26           
       3.18           
       3.22           
       3.22           
       3.26           
       3.17           
       3.24           
       3.24           
       3.20           
       3.16           
       3.24           
       3.15           
       3.20           
       3.21           
       3.24           
       3.18           
       3.20           
       3.18           
       3.26           
       3.23           
       3.25           
       3.31           
       3.24           
       3.23           
       3.21           
       3.20           
       3.32           
       3.19           
       3.25           
       3.33           
       3.32           
       3.32           
       3.44           
       3.29           
       3.22           
       3.17           
       3.26           
       3.20           
       3.19           
       3.20           
       3.18           
       3.22           
       3.18           
       3.20           
       3.19           
       3.24           
       3.17           
       3.16           
       3.21           
       3.15           
       3.19           
       3.24           
       3.18           
       3.18           
       3.08           
       3.16           
       3.13           
       3.06           
       2.98           
       3.10           
       3.12           
       3.31           
       3.28           
       3.21           
       3.28           
       3.26           
       3.29           
       3.19           
       3.29           
       3.33           
       3.25           
       3.17           
       3.12           
       3.17           
       3.22           
       3.21           
       3.19           
       3.19           
       3.12           
       3.17           
       3.23           
       3.21           
       3.20           
       3.18           
       3.11           
       3.18           
       3.36           
       3.26           
       3.20           
       3.30           
       3.22           
       3.21           
       3.13           
       3.27           
       3.25           
       3.20           
       3.22           
       3.23           
       3.23           
       3.21           
       3.13           
       3.17           
       3.22           
       3.22           
       3.21           
       3.20           
       3.26           
       3.29           
       3.20           
       3.23           
       3.18           
       3.14           
       3.15           
       3.14           
       3.03           
       3.02           
       3.14           
       3.22           
       3.22           
       3.24           
       3.16           
       3.25           
       3.15           
       3.22           
       3.26           
       3.28           
       3.31           
       3.33           
       3.30           
       3.25           
       3.30           
       3.33           
       3.23           
       3.19           
       3.18           
       3.27           
       3.24           
       3.31           
       3.30           
       3.26           
       3.21           
       3.18           
       3.18           
       3.31           
       3.28           
       3.26           
       3.21           
       3.26           
       3.29           
       3.34           
       3.27           
       3.27           
       3.28           
       3.23           
       3.16           
       3.15           
       3.06           
       3.20           
       3.30           
       3.36           
       3.20           
       3.18           
       3.21           
       3.28           
       3.21           
       3.25           
       3.24           
       3.31           
       3.32           
       3.31           
       3.25           
       3.20           
       3.22           
       3.22           
       3.15           
       3.19           
       3.18           
       3.15           
       3.05           
       3.12           
       3.10           
       3.01           
       3.15           
       3.19           
       3.26           
       3.15           
       3.11           
       3.16           
       3.22           
       3.20           
       3.21           
       3.18           
       3.14           
       3.18           
       3.13           
       3.14           
       3.23           
       3.20           
       3.22           
       3.25           
       3.27           
       3.23           
       3.25           
       3.29           
       3.31           
       3.26           
       3.24           
       3.28           
       3.20           
       3.19           
       3.18           
       3.22           
       3.22           
       3.19           
       3.12           
       3.12           
       3.07           
       3.14           
       3.18           
       3.19           
       3.21           
       3.15           
       3.25           
       3.23           
       3.22           
       3.19           
       3.17           
       3.19           
       3.18           
       3.24           
       3.18           
       3.25           
       3.18           
       3.31           
       3.24           
       3.25           
       3.30           
       3.18           
       3.11           
       3.22           
       3.20           
       3.16           
       3.18           
       3.19           
       3.21           
       3.20           
       3.16           
       3.18           
       3.26           
       3.29           
       3.25           
       3.27           
       3.16           
       3.20           
       3.15           
       3.15           
       3.18           
       3.14           
       3.18           
       3.16           
       3.17           
       3.17           
       3.17           
       3.19           
       3.30           
       3.23           
       3.20           
       3.23           
       3.14           
       3.18           
       3.10           
       3.17           
       3.17           
       3.13           
       3.16           
       3.20           
       3.18           
       3.19           
       3.25           
       3.27           
       3.21           
       3.21           
       3.14           
       3.12           
       3.25           
       3.27           
       3.24           
       3.14           
       3.13           
       3.10           
       3.19           
       3.14           
       3.20           
       3.22           
       3.24           
       3.25           
       3.20           
       3.20           
       3.23           
       3.21           
       3.20           
       3.22           
       3.17           
       3.17           
       3.19           
       3.22           
       3.24           
       3.24           
       3.17           
       3.16           
       3.16           
       3.20           
       3.24           
       3.15           
       3.21           
       3.14           
       3.16           
       3.22           
       3.26           
       3.20           
       3.11           
       3.18           
       3.17           
       3.22           
       3.20           
       3.20           
       3.23           
       3.27           
       3.23           
       3.27           
       3.34           
       3.23           
       3.25           
       3.19           
       3.17           
       3.16           
       3.22           
       3.16           
       3.09           
       3.15           
       2.94           
       3.16           
       3.15           
       3.22           
       3.23           
       3.23           
       3.22           
       3.21           
       3.16           
       3.13           
       3.16           
       3.16           
       3.23           
       3.13           
       3.19           
       3.18           
       3.23           
       3.21           
       3.23           
       3.29           
       3.19           
       3.19           
       3.11           
       3.12           
       3.05           
       3.21           
       3.21           
       3.21           
       3.22           
       3.24           
       3.17           
       3.27           
       3.20           
       3.25           
       3.23           
       3.24           
       3.23           
       3.17           
       3.16           
       3.14           
       3.17           
       3.20           
       3.22           
       3.20           
       3.25           
       3.22           
       3.23           
       3.26           
       3.22           
       3.18           
       3.16           
       3.21           
       3.17           
       3.20           
       3.16           
       3.19           
       3.24           
       3.25           
       3.06           
       3.10           
       3.16           
       3.16           
       3.23           
       3.19           
       3.20           
       3.12           
       3.13           
       3.10           
       3.14           
       3.18           
       3.09           
       3.11           
       3.16           
       3.20           
       3.20           
       3.13           
       3.12           
       2.95           
       2.92           
       3.01           
       3.08           
       3.18           
       3.16           
       3.14           
       3.16           
       3.13           
       3.08           
       3.14           
       3.17           
       3.26           
       3.25           
       3.23           
       3.21           
       3.07           
       3.21           
       3.22           
       3.13           
       3.09           
       3.06           
       3.17           
       3.14           
       3.13           
       3.15           
       3.19           
       3.19           
       3.21           
       3.19           
       3.23           
       3.29           
       3.32           
       3.24           
       3.36           
       3.31           
       3.26           
       3.20           
       3.09           
       3.17           
       3.17           
       3.17           
       3.14           
       3.11           
       3.22           
       3.12           
       3.08           
       3.12           
       3.09           
       3.12           
       3.03           
       3.21           
       3.28           
       3.24           
       3.18           
       3.28           
       3.38           
       3.28           
       3.22           
       3.19           
       3.11           
       3.07           
       3.18           
       3.18           
       3.17           
       3.20           
       3.22           
       3.21           
       3.20           
       3.21           
       3.21           
       3.22           
       3.24           
       3.21           
       3.29           
       3.20           
       3.19           
       3.19           
       3.26           
       3.22           
       3.19           
       3.18           
       3.26           
       3.30           
       3.21           
       3.18           
       3.19           
       3.15           
       3.20           
       3.28           
       3.18           
       3.16           
       3.17           
       3.23           
       3.22           
       3.23           
       3.29           
       3.22           
       3.21           
       3.13           
       3.22           
       3.25           
       3.22           
       3.16           
       3.20           
       3.18           
       3.22           
       3.28           
       3.19           
       3.15           
       3.23           
       3.26           
       3.26           
       3.25           
       3.18           
       3.18           
       3.23           
       3.31           
       3.27           
       3.22           
       3.18           
       3.17           
       3.19           
       3.25           
       3.05           
       3.02           
       3.12           
       3.16           
       3.20           
       3.20           
       3.23           
       3.12           
       3.17           
       3.17           
       3.10           
       3.12           
       3.15           
       3.13           
       3.17           
       3.20           
       3.21           
       3.23           
       3.24           
       3.23           
       3.21           
       3.21           
       3.17           
       3.14           
       3.21           
       3.16           
       3.14           
       3.13           
       3.19           
       3.21           
       3.22           
       3.20           
       3.10           
       3.17           
       3.14           
       3.10           
       3.22           
       3.18           
       3.19           
       3.22           
       3.18           
       3.21           
       3.16           
       3.18           
       3.18           
       3.19           
       3.16           
       3.18           
       3.21           
       3.20           
       3.17           
       3.21           
       3.18           
       3.20           
       3.20           
       3.23           
       3.17           
       3.30           
       3.24           
       3.31           
       3.21           
       3.23           
       3.23           
       3.22           
       3.14           
       3.16           
       3.20           
       3.15           
       3.12           
       3.18           
       3.10           
       3.12           
       3.08           
       3.27           
       3.14           
       3.14           
       3.14           
       3.07           
       3.12           
       3.17           
       3.13           
       3.16           
       3.15           
       3.17           
       3.13           
       3.16           
       3.17           
       3.11           
       3.18           
       3.17           
       3.19           
       3.16           
       3.21           
       3.05           
       3.17           
       3.09           
       3.05           
       2.94           
       3.06           
       3.06           
       3.20           
       3.17           
       3.17           
       3.15           
       3.16           
       3.12           
       3.13           
       3.13           
       3.22           
       3.13           
       3.19           
       3.16           
       3.08           
       3.13           
       3.13           
       3.00           
       3.00           
       3.01           
       3.12           
       3.13           
       3.09           
       3.14           
       3.15           
       3.14           
       3.14           
       3.14           
       3.09           
       3.08           
       3.14           
       3.14           
       3.17           
       3.15           
       3.13           
       3.11           
       3.11           
       3.09           
       3.13           
       3.16           
       3.12           
       3.14           
       3.13           
       3.11           
       3.04           
       3.07           
       3.05           
       3.05           
       3.16           
       3.13           
       3.19           
       3.22           
       3.10           
       2.99           
       3.18           
       3.18           
       3.14           
       3.16           
       3.13           
       3.18           
       3.15           
       3.16           
       3.23           
       3.24           
       3.22           
       3.16           
       3.19           
       3.24           
       3.15           
       3.15           
       3.22           
       3.22           
       3.14           
       3.16           
       3.20           
       3.16           
       3.21           
       3.22           
       3.20           
       3.11           
       3.18           
       3.17           
       3.22           
       3.11           
       3.00           
       3.15           
       3.13           
       3.15           
       3.17           
       3.25           
       3.26           
       3.19           
       3.20           
       3.20           
       3.29           
       3.19           
       3.20           
       3.23           
       3.23           
       3.18           
       3.17           
       3.08           
       3.17           
       3.17           
       3.19           
       3.10           
       3.16           
       3.00           
       3.18           
       3.17           
       3.27           
       3.29           
       3.34           
       3.06           
       3.18           
       3.20           
       3.13           
       3.11           
       3.17           
       3.18           
       3.14           
       3.15           
       3.15           
       3.14           
       3.15           
       3.17           
       3.14           
       3.19           
       3.18           
       3.20           
       3.17           
       3.19           
       3.27           
       3.21           
       3.20           
       3.23           
       3.17           
       3.17           
       3.19           
       3.21           
       3.27           
       3.23           
       3.24           
       3.27           
       3.19           
       3.17           
       3.17           
       3.25           
       3.27           
       3.26           
       3.18           
       3.26           
       3.21           
       3.19           
       3.19           
       3.20           
       3.19           
       3.13           
       3.12           
       3.14           
       3.13           
       3.14           
       3.12           
       3.15           
       3.13           
       3.13           
       3.12           
       3.13           
       3.23           
       3.21           
       3.16           
       3.15           
       3.14           
       3.22           
       3.20           
       3.15           
       3.17           
       3.16           
       3.10           
       3.13           
       3.18           
       3.18           
       3.18           
       3.12           
       3.12           
       3.20           
       3.22           
       3.12           
       3.15           
       3.14           
       3.14           
