45.00  0.00
36.00  0.00
37.00  0.00
37.00  0.00
38.00  0.00
38.00  0.00
37.00  0.00
37.00  0.00
37.00  0.00
36.00  0.00
37.00  0.00
38.00  0.00
37.00  0.00
38.00  0.00
40.00  0.00
40.00  0.00
39.00  0.00
38.00  0.00
39.00  0.00
38.00  0.00
38.00  0.00
37.00  0.00
35.00  0.00
36.00  0.00
36.00  0.00
36.00  0.00
37.00  0.00
37.00  0.00
37.00  0.00
38.00  0.00
38.00  0.00
36.00  0.00
37.00  0.00
39.00  0.00
39.00  0.00
38.00  0.00
37.00  0.00
38.00  0.00
38.00  0.00
37.00  0.00
38.00  0.00
39.00  0.00
39.00  0.00
37.00  0.00
36.00  0.00
37.00  0.00
37.00  0.00
37.00  0.00
38.00  0.00
39.00  0.00
38.00  0.00
37.00  0.00
37.00  0.00
38.00  0.00
37.00  0.00
37.00  0.00
37.00  0.00
37.00  0.00
37.00  0.00
38.00  0.00
38.00  0.00
37.00  0.00
38.00  0.00
39.00  0.00
39.00  0.00
37.00  0.00
36.00  0.00
37.00  0.00
37.00  0.00
36.00  0.00
37.00  0.00
37.00  0.00
36.00  0.00
37.00  0.00
37.00  0.00
36.00  0.00
38.00  0.00
39.00  0.00
39.00  0.00
39.00  0.00
38.00  0.00
38.00  0.00
39.00  0.00
39.00  0.00
38.00  0.00
37.00  0.00
37.00  0.00
37.00  0.00
35.00  0.00
35.00  0.00
35.00  0.00
35.00  0.00
36.00  0.00
37.00  0.00
35.00  0.00
36.00  0.00
36.00  0.00
35.00  0.00
36.00  0.00
37.00  0.00
37.00  0.00
38.00  0.00
38.00  0.00
36.00  0.00
36.00  0.00
37.00  0.00
37.00  0.00
37.00  0.00
37.00  0.00
37.00  0.00
38.00  0.00
37.00  0.00
37.00  0.00
38.00  0.00
38.00  0.00
37.00  0.00
38.00  0.00
39.00  0.00
38.00  0.00
38.00  0.00