261.00  0.00
253.00  0.00
253.00  0.00
252.00  0.00
254.00  0.00
253.00  0.00
253.00  0.00
254.00  0.00
254.00  0.00
254.00  0.00
254.00  0.00
254.00  0.00
253.00  0.00
251.00  0.00
251.00  0.00
253.00  0.00
253.00  0.00
253.00  0.00
254.00  0.00
253.00  0.00
251.00  0.00
251.00  0.00
251.00  0.00
251.00  0.00
251.00  0.00
252.00  0.00
252.00  0.00
251.00  0.00
251.00  0.00
251.00  0.00
251.00  0.00
253.00  0.00
253.00  0.00
251.00  0.00
251.00  0.00
251.00  0.00
251.00  0.00
251.00  0.00
253.00  0.00
253.00  0.00
253.00  0.00
253.00  0.00
251.00  0.00
252.00  0.00
252.00  0.00
251.00  0.00
251.00  0.00
253.00  0.00
254.00  0.00
251.00  0.00
246.00  0.00
246.00  0.00
247.00  0.00
252.00  0.00
250.00  0.00
250.00  0.00
257.00  0.00
257.00  0.00
259.00  0.00
257.00  0.00
254.00  0.00
254.00  0.00
254.00  0.00
251.00  0.00
252.00  0.00
251.00  0.00
249.00  0.00
257.00  0.00
257.00  0.00
251.00  0.00
251.00  0.00
254.00  0.00
254.00  0.00
253.00  0.00
251.00  0.25
251.00  0.00
251.00  0.00
251.00  0.00
251.00  0.00
253.00  0.00
253.00  0.00
251.00  0.00
253.00  0.00
253.00  0.00
250.00  0.00
250.00  0.00
250.00  0.00
248.00  0.00
250.00  0.00
251.00  0.00
251.00  0.00
251.00  0.00
251.00  0.00
251.00  0.00
253.00  0.00
253.00  0.00
253.00  0.31
254.00  0.00
254.00  0.00
254.00  0.00
254.00  0.00
254.00  0.00
254.00  0.00
254.00  0.00
254.00  0.00
254.00  0.00
250.00  0.00
251.00  0.00
259.00  0.00
259.00  0.00
254.00  0.06
254.00  0.00
251.00  0.00
254.00  0.00
264.00  0.00
261.00  0.00
254.00  0.00
254.00  0.00
253.00  0.00
254.00  0.00