279.00  0.00
265.00  0.00
274.00  0.00
274.00  0.00
268.00  0.00
270.00  0.00
268.00  0.00
270.00  0.00
277.00  0.00
274.00  0.00
268.00  0.00
268.00  0.00
265.00  0.00
267.00  0.00
275.00  0.00
275.00  0.00
270.00  0.00
270.00  0.00
268.00  0.00
268.00  0.00
275.00  0.00
274.00  0.00
270.00  0.00
272.00  0.00
267.00  0.00
267.00  0.00
276.00  0.00
274.00  0.00
268.00  0.00
268.00  0.00
265.00  0.00
265.00  0.00
274.00  0.00
274.00  0.00
268.00  0.00
268.00  0.00
265.00  0.00
269.00  0.00
277.00  0.00
272.00  0.00
265.00  0.00
267.00  0.00
264.00  0.00
265.00  0.00
275.00  0.00
274.00  0.00
267.00  0.00
267.00  0.00
265.00  0.00
267.00  0.00
275.00  0.00
272.00  0.00
265.00  0.00
268.00  0.00
267.00  0.00
267.00  0.00
274.00  0.00
270.00  0.00
265.00  0.00
268.00  0.00
267.00  0.00
265.00  0.00
274.00  0.00
274.00  0.00
267.00  0.00
267.00  0.00
265.00  0.00
267.00  0.00
275.00  0.00
274.00  0.00
268.00  0.00
270.00  0.00
267.00  0.00
267.00  0.00
276.00  0.00
274.00  0.00
267.00  0.00
267.00  0.00
265.00  0.00
267.00  0.00
276.00  0.00
272.00  0.00
265.00  0.00
265.00  0.00
264.00  0.00
267.00  0.00
274.00  0.00
272.00  0.00
267.00  0.00
268.00  0.00
267.00  0.00
267.00  0.00
276.00  0.00
274.00  0.00
267.00  0.00
267.00  0.00
265.00  0.00
269.00  0.00
277.00  0.00
274.00  0.00
268.00  0.00
270.00  0.00
269.00  0.00
269.00  0.00
278.00  0.00
276.00  0.00
268.00  0.00
268.00  0.00
267.00  0.00
269.00  0.00
276.00  0.00
275.00  0.00
270.00  0.00
268.00  0.00
265.00  0.00
265.00  0.00
272.00  0.00
270.00  0.00
263.00  0.00
265.00  0.00