201.00  0.00
191.00  0.00
193.00  0.00
193.00  0.00
191.00  0.00
193.00  0.00
189.00  0.00
189.00  0.00
193.00  0.00
191.00  0.00
192.00  0.00
187.00  0.00
186.00  0.00
186.00  0.00
187.00  0.00
192.00  0.19
192.00  0.00
191.00  0.00
192.00  0.00
192.00  0.00
191.00  0.00
192.00  0.00
190.00  0.00
191.00  0.00
188.00  0.00
188.00  0.00
187.00  0.00
181.00  0.00
187.00  0.00
192.00  0.00
193.00  0.00
193.00  0.00
191.00  0.00
193.00  0.00
194.00  0.00
193.00  0.00
195.00  0.00
196.00  0.00
194.00  0.00
194.00  0.00
194.00  0.00
192.00  0.00
193.00  0.00
193.00  0.00
191.00  0.00
193.00  0.00
189.00  0.00
188.00  0.00
192.00  0.00
191.00  0.00
193.00  0.00
194.00  0.00
193.00  0.00
194.00  0.00
194.00  0.00
192.00  0.00
192.00  0.00
192.00  0.00
191.00  0.00
192.00  0.00
189.00  0.00
189.00  0.00
187.00  0.00
182.00  0.00
189.00  0.00
188.00  0.00
182.00  0.00
190.00  0.00
187.00  0.00
181.00  0.00
188.00  0.00
187.00  0.00
182.00  0.09
190.00  0.00
188.00  0.00
183.00  0.00
190.00  0.00
188.00  0.00
182.00  0.00
190.00  0.00
188.00  0.00
182.00  0.00
190.00  0.00
188.00  0.00
182.00  0.00
191.00  0.00
188.00  0.00
181.00  0.00
189.00  0.00
188.00  0.00
182.00  0.00
188.00  0.00
192.00  0.00
191.00  0.00
193.00  0.00
193.00  0.00
191.00  0.00
192.00  0.00
188.00  0.00
189.00  0.00
188.00  0.00
182.00  0.00
190.00  0.00
188.00  0.00
182.00  0.00
189.00  0.00
188.00  0.00
182.00  0.00
190.00  0.00
193.00  0.00
191.00  0.00
192.00  0.00
188.00  0.00
188.00  0.00
187.00  0.00
182.00  0.00
190.00  0.00
188.00  0.00
184.00  0.00
192.00  0.00