89.00  0.00
79.00  0.00
78.00  0.00
76.00  0.00
79.00  0.00
78.00  0.00
76.00  0.00
78.00  0.00
77.00  0.00
75.00  0.00
78.00  0.00
78.00  0.00
76.00  0.00
79.00  0.00
79.00  0.00
77.00  0.00
79.00  0.00
79.00  0.00
77.00  0.00
79.00  0.00
79.00  0.00
79.00  0.00
80.00  0.00
81.00  0.00
81.00  0.00
81.00  0.00
80.00  0.00
80.00  0.00
79.00  0.00
79.00  0.00
79.00  0.00
79.00  0.00
79.00  0.00
79.00  0.00
79.00  0.00
80.00  0.00
80.00  0.00
80.00  0.00
79.00  0.00
79.00  0.00
79.00  0.00
79.00  0.00
79.00  0.06
78.00  0.00
79.00  0.00
79.00  0.06
79.00  0.00
78.00  0.00
78.00  0.00
77.00  0.00
78.00  0.00
79.00  0.00
78.00  0.00
78.00  0.00
78.00  0.00
77.00  0.00
77.00  0.00
79.00  0.00
79.00  0.00
79.00  0.00
79.00  0.00
78.00  0.00
77.00  0.00
77.00  0.00
76.00  0.00
77.00  0.00
77.00  0.00
77.00  0.00
76.00  0.00
77.00  0.00
77.00  0.00
76.00  0.00
77.00  0.00
77.00  0.00
77.00  0.00
77.00  0.00
77.00  0.00
77.00  0.00
77.00  0.00
76.00  0.00
76.00  0.00
76.00  0.00
76.00  0.00
76.00  0.00
76.00  0.10
76.00  0.00
76.00  0.00
76.00  0.00
76.00  0.00
76.00  0.00
77.00  0.00
76.00  0.00
76.00  0.00
77.00  0.00
77.00  0.00
77.00  0.00
78.00  0.00
78.00  0.00
78.00  0.00
79.00  0.00
79.00  0.00
80.00  0.00
81.00  0.00
80.00  0.00
78.00  0.00
77.00  0.00
77.00  0.00
78.00  0.00
78.00  0.00
77.00  0.00
77.00  0.00
76.00  0.00
75.00  0.00
75.00  0.00
76.00  0.00
76.00  0.00
77.00  0.00
78.00  0.00
78.00  0.00
78.00  0.00