281.00  0.00
279.00  0.00
283.00  0.00
285.00  0.00
281.00  0.00
289.00  0.00
289.00  0.00
279.00  0.00
285.00  0.00
287.00  0.00
281.00  0.00
289.00  0.00
289.00  0.00
279.00  0.00
285.00  0.00
287.00  0.00
281.00  0.00
287.00  0.00
287.00  0.00
281.00  0.00
287.00  0.00
286.00  0.00
279.00  0.00
285.00  0.00
287.00  0.00
281.00  0.00
287.00  0.00
287.00  0.00
279.00  0.00
285.00  0.00
289.00  0.00
281.00  0.00
287.00  0.18
289.00  0.00
281.00  0.00
287.00  0.00
289.00  0.00
283.00  0.00
289.00  0.00
291.00  0.00
283.00  0.00
289.00  0.00
291.00  0.00
284.00  0.00
291.00  0.00
289.00  0.00
281.00  0.00
289.00  0.00
291.00  0.00
283.00  0.00
286.00  0.00
287.00  0.00
281.00  0.00
287.00  0.00
287.00  0.00
281.00  0.00
287.00  0.00
289.00  0.00
283.00  0.00
289.00  0.00
289.00  0.00
280.00  0.00
289.00  0.00
289.00  0.00
283.00  0.00
291.00  0.00
291.00  0.00
285.00  0.00
293.00  0.00
295.00  0.00
287.00  0.00
291.00  0.00
293.00  0.00
285.00  0.00
289.00  0.00
293.00  0.00
286.00  0.00
291.00  0.00
293.00  0.00
285.00  0.00
289.00  0.00
291.00  0.00
283.00  0.00
291.00  0.00
295.00  0.00
286.00  0.00
291.00  0.00
291.00  0.00
285.00  0.00
293.00  0.00
291.00  0.00
283.00  0.00
291.00  0.00
289.00  0.00
283.00  0.00
289.00  0.00
289.00  0.00
283.00  0.00
289.00  0.00
289.00  0.00
279.00  0.00
287.00  0.00
289.00  0.00
281.00  0.00
287.00  0.00
289.00  0.00
283.00  0.00
289.00  0.00
291.00  0.00
283.00  0.00
289.00  0.00
291.00  0.00
285.00  0.00
291.00  0.00
291.00  0.00
285.00  0.00
293.00  0.00
295.00  0.00
286.00  0.00
291.00  0.00