247.00  0.00
234.00  0.00
235.00  0.00
236.00  0.00
237.00  0.00
237.00  0.00
237.00  0.00
236.00  0.00
236.00  0.00
236.00  0.00
236.00  0.00
237.00  0.00
237.00  0.00
237.00  0.00
237.00  0.00
237.00  0.00
238.00  0.00
239.00  0.00
238.00  0.00
237.00  0.00
238.00  0.00
239.00  0.00
238.00  0.00
238.00  0.00
239.00  0.00
239.00  0.00
239.00  0.00
239.00  0.00
238.00  0.00
238.00  0.00
238.00  0.00
237.00  0.00
236.00  0.00
234.00  0.00
234.00  0.00
234.00  0.00
234.00  0.00
230.00  0.00
226.00  0.00
226.00  0.00
226.00  0.00
228.00  0.00
228.00  0.13
228.00  0.00
229.00  0.00
228.00  0.00
226.00  0.00
228.00  0.00
228.00  0.00
226.00  0.00
228.00  0.00
229.00  0.00
229.00  0.00
228.00  0.00
226.00  0.00
226.00  0.00
226.00  0.00
226.00  0.00
226.00  0.00
226.00  0.00
228.00  0.00
228.00  0.00
226.00  0.00
226.00  0.00
228.00  0.00
228.00  0.00
226.00  0.00
226.00  0.00
228.00  0.00
228.00  0.00
226.00  0.00
228.00  0.00
229.00  0.00
228.00  0.00
226.00  0.00
227.00  0.07
228.00  0.00
229.00  0.00
229.00  0.00
229.00  0.00
229.00  0.00
229.00  0.00
229.00  0.00
229.00  0.00
229.00  0.00
229.00  0.00
229.00  0.00
229.00  0.00
229.00  0.00
230.00  0.00
230.00  0.00
230.00  0.00
230.00  0.00
230.00  0.00
230.00  0.00
230.00  0.00
231.00  0.00
231.00  0.00
231.00  0.00
231.00  0.00
231.00  0.00
230.00  0.00
229.00  0.00
229.00  0.00
229.00  0.00
229.00  0.00
229.00  0.00
229.00  0.00
229.00  0.00
229.00  0.00
229.00  0.00
229.00  0.00
228.00  0.00
226.00  0.00
226.00  0.00
226.00  0.00
226.00  0.00
226.00  0.00
229.00  0.00
235.00  0.00