245.00  0.00
217.00  0.00
238.00  0.00
262.00  0.00
359.00  0.00
334.00  0.00
216.00  0.00
218.00  0.00
260.00  0.00
283.00  0.00
359.00  0.00
335.00  0.00
219.00  0.00
221.00  0.00
240.00  0.00
277.00  0.00
379.00  0.00
342.00  0.00
220.00  0.00
221.00  0.00
261.00  0.00
285.00  0.00
305.00  0.00
278.00  0.00
215.00  0.00
215.00  0.00
253.00  0.00
279.00  0.00
359.00  0.00
333.00  0.00
214.00  0.00
217.00  0.00
258.00  0.00
284.00  0.00
363.00  0.00
334.00  0.00
216.00  0.00
218.00  0.00
238.00  0.00
262.00  0.00
361.00  0.00
333.00  0.00
214.00  0.00
216.00  0.00
237.00  0.00
261.00  0.00
359.00  0.00
333.00  0.00
214.00  0.00
218.00  0.00
261.00  0.00
288.00  0.00
370.00  0.00
342.00  0.00
220.00  0.00
221.00  0.00
261.00  0.00
285.00  0.00
367.00  0.00
340.00  0.00
216.00  0.00
218.00  0.00
239.00  0.00
277.00  0.00
379.00  0.00
339.00  0.00
216.00  0.00
218.00  0.00
258.00  0.00
294.00  0.00
368.00  0.00
329.00  0.00
213.00  0.00
215.00  0.00
235.00  0.00
270.00  0.00
365.00  0.00
328.00  0.00
213.00  0.00
214.00  0.06
253.00  0.00
288.00  0.00
364.00  0.00
328.00  0.00
212.00  0.00
212.00  0.00
230.00  0.00
255.00  0.00
353.00  0.00
327.00  0.00
212.00  0.00
214.00  0.00
255.00  0.00
279.00  0.00
353.00  0.00
327.00  0.00
212.00  0.00
214.00  0.00
256.00  0.00
280.00  0.00
299.00  0.00
274.00  0.00
213.00  0.00
214.00  0.00
234.00  0.00
261.00  0.00
361.00  0.00
335.00  0.00
216.00  0.00
216.00  0.00
257.00  0.00
281.00  0.00
359.00  0.00
333.00  0.00
214.00  0.00
217.00  0.00
254.00  0.00
288.00  0.00
371.00  0.00
336.00  0.00