280.00  0.00
263.00  0.00
338.00  0.00
382.00  0.00
356.00  0.00
317.00  0.00
269.00  0.00
266.00  0.00
340.00  0.00
385.00  0.00
337.00  0.00
296.00  0.00
271.00  0.00
267.00  0.00
341.00  0.00
385.00  0.00
334.00  0.00
293.00  0.00
272.00  0.00
269.00  0.00
341.00  0.00
382.00  0.00
331.00  0.00
292.00  0.00
269.00  0.00
267.00  0.00
408.00  0.00
449.00  0.00
331.00  0.00
292.00  0.00
269.00  0.00
266.00  0.00
406.00  0.00
451.00  0.00
356.00  0.00
312.00  0.00
267.00  0.00
266.00  0.00
340.00  0.00
382.00  0.00
331.00  0.00
292.00  0.00
267.00  0.00
266.00  0.00
341.00  0.00
385.00  0.00
359.00  0.00
317.00  0.00
267.00  0.00
264.00  0.00
406.00  0.00
451.00  0.00
334.00  0.00
292.00  0.00
269.00  0.00
267.00  0.00
415.00  0.00
457.00  0.00
357.00  0.00
319.00  0.00
269.00  0.00
264.00  0.00
340.00  0.00
388.00  0.00
365.00  0.00
322.00  0.00
273.00  0.00
269.00  0.00
342.00  0.00
385.00  0.00
336.00  0.00
294.00  0.00
269.00  0.00
266.00  0.00
407.00  0.00
450.00  0.00
329.00  0.00
289.00  0.00
269.00  0.00
267.00  0.00
342.00  0.00
385.00  0.00
334.00  0.00
294.00  0.00
271.00  0.00
266.00  0.00
414.00  0.00
459.00  0.00
337.00  0.00
298.00  0.00
274.00  0.00
269.00  0.00
416.00  0.00
462.00  0.00
337.00  0.00
295.00  0.00
269.00  0.00
417.00  0.00
462.00  0.00
339.00  0.00
296.00  0.00
273.00  0.00
269.00  0.00
408.00  0.00
452.00  0.00
334.00  0.00
294.00  0.00
273.00  0.00
269.00  0.00
341.00  0.00
385.00  0.00
334.00  0.00
293.00  0.00
270.00  0.00
266.00  0.00
400.00  0.00
445.00  0.00
334.00  0.00
290.00  0.00
266.00  0.00