120.00  0.00
92.00  0.00
92.00  0.00
109.00  0.00
120.00  0.00
127.00  0.00
117.00  0.00
92.00  0.00
91.00  0.00
108.00  0.00
120.00  0.00
129.00  0.00
117.00  0.00
92.00  0.00
92.00  0.00
108.00  0.00
117.00  0.00
126.00  0.00
116.00  0.00
90.00  0.00
90.00  0.00
106.00  0.00
115.00  0.00
123.00  0.00
113.00  0.00
88.00  0.00
89.00  0.00
108.00  0.00
120.00  0.00
128.00  0.00
116.00  0.00
91.00  0.00
92.00  0.00
109.00  0.03
120.00  0.00
127.00  0.00
115.00  0.00
90.00  0.00
90.00  0.00
106.00  0.00
117.00  0.00
125.00  0.00
113.00  0.00
89.00  0.00
89.00  0.00
105.00  0.00
115.00  0.00
124.00  0.00
114.00  0.00
89.00  0.00
89.00  0.00
107.00  0.00
117.00  0.00
124.00  0.00
114.00  0.00
89.00  0.00
89.00  0.00
106.00  0.00
117.00  0.00
124.00  0.00
114.00  0.00
90.00  0.00
90.00  0.00
107.00  0.00
116.00  0.00
124.00  0.00
115.00  0.00
90.00  0.00
90.00  0.00
107.00  0.00
119.00  0.00
128.00  0.00
117.00  0.00
91.00  0.00
90.00  0.00
105.00  0.00
116.00  0.00
126.00  0.00
115.00  0.00
90.00  0.00
90.00  0.00
106.00  0.00
117.00  0.00
111.00  0.00
100.00  0.00
89.00  0.00
88.00  0.00
104.00  0.00
115.00  0.00
123.00  0.00
113.00  0.00
88.00  0.00
88.00  0.00
108.00  0.00
119.00  0.00
125.00  0.00
114.00  0.00
88.00  0.00
88.00  0.00
107.00  0.00
118.00  0.00
127.00  0.00
117.00  0.00
90.00  0.00
90.00  0.00
108.00  0.00
119.00  0.00
128.00  0.00
118.00  0.00
92.00  0.00
92.00  0.00
110.00  0.00
121.00  0.00
129.00  0.00
117.00  0.00
91.00  0.00
92.00  0.00
109.00  0.00
119.00  0.00
128.00  0.00