353.00  0.00
331.00  0.00
334.00  0.00
332.00  0.00
332.00  0.00
332.00  0.00
329.00  0.00
331.00  0.00
331.00  0.00
331.00  0.00
332.00  0.00
332.00  0.00
331.00  0.00
330.00  0.01
333.00  0.00
334.00  0.00
334.00  0.00
332.00  0.00
329.00  0.00
329.00  0.00
329.00  0.00
329.00  0.00
329.00  0.00
329.00  0.00
329.00  0.00
329.00  0.00
329.00  0.00
331.00  0.00
334.00  0.00
332.00  0.00
329.00  0.00
329.00  0.00
329.00  0.00
329.00  0.00
329.00  0.00
331.00  0.00
328.00  0.00
326.00  0.00
354.00  0.00
354.00  0.00
329.00  0.00
329.00  0.00
329.00  0.00
327.00  0.00
327.00  0.00
329.00  0.00
329.00  0.00
327.00  0.00
327.00  0.00
327.00  0.00
324.00  0.00
324.00  0.00
327.00  0.00
329.00  0.00
329.00  0.00
329.00  0.00
329.00  0.00
329.00  0.00
332.00  0.00
332.00  0.00
329.00  0.00
329.00  0.00
358.00  0.00
358.00  0.00
354.00  0.00
354.00  0.00
329.00  0.00
329.00  0.00
329.00  0.00
329.00  0.00
329.00  0.00
328.00  0.00
324.00  0.00
326.00  0.00
329.00  0.00
329.00  0.12
326.00  0.00
324.00  0.00
356.00  0.00
356.00  0.00
327.00  0.00
329.00  0.00
329.00  0.00
329.00  0.00
332.00  0.00
332.00  0.00
329.00  0.00
329.00  0.00
329.00  0.00
329.00  0.00
329.00  0.00
329.00  0.00
329.00  0.00
329.00  0.00
329.00  0.00
329.00  0.00
329.00  0.00
329.00  0.00
329.00  0.00
331.00  0.01
331.00  0.00
329.00  0.00
358.00  0.00
358.00  0.00
329.00  0.00
329.00  0.00
358.00  0.00
360.00  0.00
331.00  0.00
331.00  0.00
334.00  0.00
332.00  0.00
329.00  0.00
329.00  0.00
354.00  0.00
354.00  0.00
329.00  0.00
327.00  0.00
327.00  0.00
327.00  0.00