857.00  0.00
657.00  0.00
658.00  0.00
658.00  0.00
649.00  0.00
649.00  0.00
658.00  0.00
657.00  0.00
657.00  0.00
658.00  0.00
658.00  0.00
658.00  0.00
658.00  0.00
630.00  0.00
602.00  0.00
610.00  0.00
618.00  0.00
610.00  0.00
610.00  0.00
610.00  0.00
610.00  0.00
610.00  0.00
611.00  0.00
619.00  0.00
619.00  0.00
619.00  0.00
610.00  0.00
610.00  0.00
618.00  0.00
610.00  0.00
610.00  0.00
610.00  0.00
610.00  0.00
619.00  0.00
619.00  0.00
619.00  0.00
618.00  0.00
609.00  0.00
601.00  0.00
602.00  0.00
610.00  0.00
616.00  0.00
607.00  0.00
610.00  0.00
610.00  0.00
602.00  0.00
600.00  0.00
599.00  0.00
601.00  0.00
602.00  0.00
602.00  0.00
601.00  0.00
601.00  0.00
601.00  0.00
602.00  0.00
602.00  0.00
594.00  0.00
594.00  0.00
601.00  0.00
601.00  0.00
601.00  0.00
602.00  0.00
602.00  0.00
601.00  0.00
594.00  0.00
594.00  0.00
609.00  0.00
617.00  0.00
610.00  0.00
601.00  0.00
601.00  0.00
610.00  0.00
610.00  0.00
610.00  0.00
611.00  0.00
610.00  0.00
610.00  0.00
601.00  0.00
602.00  0.00
610.00  0.00
619.00  0.00
611.00  0.00
602.00  0.00
601.00  0.00
610.00  0.00
610.00  0.00
610.00  0.04
618.00  0.00
610.00  0.00
610.00  0.00
618.00  0.00
610.00  0.00
601.00  0.00
601.00  0.00
601.00  0.00
602.00  0.00
602.00  0.00
601.00  0.00
610.00  0.00
617.00  0.00
609.00  0.00
610.00  0.00
610.00  0.00
601.00  0.00
601.00  0.00
601.00  0.00
601.00  0.00
601.00  0.00
610.00  0.00
610.00  0.00
601.00  0.00
609.00  0.00
617.00  0.00
610.00  0.00
601.00  0.00
602.00  0.00
608.00  0.00
600.00  0.00
593.00  0.00
601.00  0.00