368.00  0.00
362.00  0.00
392.00  0.00
443.00  0.00
592.00  0.00
535.00  0.00
353.00  0.00
359.00  0.00
388.00  0.00
438.00  0.00
591.00  0.00
532.00  0.00
350.00  0.00
358.00  0.00
388.00  0.00
434.00  0.00
587.00  0.00
532.00  0.00
350.00  0.00
358.00  0.00
383.00  0.00
434.00  0.00
591.00  0.00
530.00  0.00
347.00  0.00
355.00  0.00
385.00  0.00
438.00  0.00
579.00  0.00
517.00  0.00
347.00  0.00
355.00  0.00
385.00  0.00
439.00  0.00
592.00  0.00
532.00  0.00
350.00  0.00
356.00  0.00
385.00  0.00
439.00  0.00
592.00  0.00
536.00  0.00
353.00  0.00
356.00  0.00
385.00  0.00
439.00  0.00
592.00  0.00
535.00  0.36
353.00  0.00
359.00  0.00
388.00  0.00
438.00  0.00
591.00  0.00
532.00  0.00
347.00  0.00
353.00  0.00
381.00  0.00
434.00  0.00
591.00  0.00
529.00  0.00
345.00  0.00
356.00  0.00
388.00  0.00
439.00  0.00
591.00  0.00
535.00  0.00
353.00  0.00
359.00  0.00
388.00  0.00
438.00  0.00
592.00  0.00
533.00  0.00
350.00  0.00
356.00  0.00
381.00  0.00
434.00  0.00
591.00  0.00
532.00  0.00
350.00  0.00
359.00  0.00
388.00  0.00
438.00  0.00
591.00  0.00
535.00  0.00
353.00  0.00
359.00  0.00
384.00  0.00
435.00  0.00
591.00  0.00
534.00  0.00
356.00  0.00
362.00  0.00
388.00  0.00
444.00  0.00
597.00  0.00
535.00  0.00
353.00  0.00
359.00  0.00
388.00  0.00
439.00  0.00
592.00  0.00
533.00  0.00
354.00  0.00
362.00  0.00
387.00  0.00
438.00  0.00
592.00  0.00
532.00  0.00
350.00  0.00
356.00  0.00
385.00  0.00
439.00  0.00
592.00  0.00
535.00  0.00
356.00  0.00
362.00  0.00
392.00  0.00
442.00  0.00
591.00  0.00
535.00  0.00