181.00  0.00
165.00  0.00
165.00  0.00
148.00  0.00
167.00  0.00
168.00  0.00
148.00  0.00
166.00  0.00
167.00  0.00
149.00  0.00
175.00  0.00
175.00  0.00
147.00  0.00
163.00  0.00
163.00  0.00
146.00  0.00
163.00  0.00
163.00  0.00
146.00  0.00
164.00  0.00
165.00  0.00
147.00  0.00
165.00  0.00
164.00  0.00
146.00  0.00
164.00  0.00
165.00  0.00
148.00  0.00
166.00  0.00
166.00  0.00
148.00  0.00
166.00  0.00
166.00  0.00
147.00  0.00
165.00  0.00
165.00  0.00
148.00  0.00
166.00  0.00
167.00  0.00
149.00  0.00
167.00  0.00
167.00  0.00
149.00  0.00
167.00  0.00
167.00  0.00
147.00  0.00
165.00  0.00
165.00  0.00
146.00  0.00
162.00  0.00
162.00  0.00
145.00  0.00
164.00  0.10
164.00  0.00
147.00  0.00
173.00  0.00
173.00  0.00
146.00  0.00
163.00  0.00
163.00  0.00
146.00  0.00
164.00  0.00
164.00  0.00
146.00  0.00
163.00  0.00
164.00  0.00
146.00  0.00
165.00  0.00
167.00  0.00
149.00  0.00
167.00  0.00
167.00  0.00
148.00  0.00
165.00  0.00
165.00  0.00
147.00  0.00
164.00  0.00
165.00  0.00
147.00  0.00
166.00  0.00
166.00  0.00
147.00  0.00
165.00  0.00
165.00  0.00
148.00  0.00
168.00  0.00
168.00  0.00
149.00  0.00
167.00  0.00
166.00  0.00
148.00  0.00
164.00  0.00
164.00  0.00
147.00  0.00
164.00  0.00
164.00  0.00
145.00  0.00
163.00  0.00
163.00  0.00
145.00  0.00
164.00  0.00
164.00  0.00
146.00  0.00
165.00  0.00
165.00  0.00
146.00  0.00
165.00  0.00
166.00  0.00
148.00  0.00
165.00  0.00
165.00  0.00
148.00  0.00
165.00  0.00
164.00  0.00
146.00  0.03
162.00  0.00
162.00  0.00
145.00  0.00
164.00  0.00
165.00  0.00