472.00  0.00
465.00  0.00
472.00  0.00
412.00  0.00
465.00  0.00
473.00  0.00
412.00  0.01
465.00  0.00
469.00  0.00
408.00  0.00
465.00  0.00
473.00  0.00
412.00  0.00
472.00  0.00
479.00  0.00
412.00  0.00
472.00  0.00
480.00  0.00
412.00  0.00
465.00  0.00
473.00  0.00
412.00  0.00
465.00  0.00
473.00  0.00
408.00  0.00
461.00  0.00
469.00  0.00
408.00  0.00
465.00  0.00
473.00  0.00
408.00  0.00
461.00  0.00
469.00  0.00
404.00  0.00
619.00  0.00
684.00  0.00
469.00  0.00
404.00  0.00
603.00  0.00
645.00  0.00
454.00  0.00
636.00  0.00
667.00  0.00
455.00  0.00
615.00  0.00
644.00  0.10
449.00  0.00
615.00  0.00
644.00  0.00
449.00  0.00
615.00  0.00
644.00  0.00
454.00  0.00
620.00  0.00
650.00  0.00
459.00  0.00
620.00  0.00
651.00  0.00
459.00  0.00
621.00  0.00
651.00  0.00
459.00  0.00
635.00  0.00
665.00  0.00
459.00  0.00
635.00  0.15
666.00  0.00
459.00  0.00
636.00  0.00
666.00  0.00
459.00  0.00
635.00  0.00
661.00  0.00
454.00  0.00
620.00  0.00
651.00  0.00
455.00  0.00
615.00  0.00
644.00  0.00
449.00  0.00
632.00  0.00
661.00  0.00
450.00  0.00
633.00  0.00
667.00  0.00
455.00  0.00
631.00  0.00
665.00  0.00
459.00  0.00
635.00  0.00
666.00  0.00
459.00  0.00
619.00  0.00
650.00  0.00
458.00  0.00
634.00  0.00
665.00  0.00
459.00  0.00
635.00  0.00
661.00  0.00
454.00  0.00
635.00  0.00
666.00  0.00
459.00  0.00
636.00  0.00
667.00  0.00
459.00  0.00
636.00  0.00
660.00  0.00
449.00  0.00
631.00  0.00
660.00  0.00
453.00  0.00
635.00  0.00
660.00  0.00
454.00  0.00
636.00  0.00
660.00  0.00
453.00  0.00
635.00  0.00