344.00  0.00
857.00  0.00
895.00  0.00
659.00  0.00
629.00  0.00
836.00  0.00
846.00  0.00
619.00  0.00
856.00  0.00
875.00  0.00
628.00  0.00
865.00  0.00
875.00  0.00
628.00  0.00
863.00  0.00
873.00  0.00
628.00  0.00
864.00  0.00
883.00  0.00
647.00  0.00
847.00  0.00
847.00  0.00
629.00  0.00
838.00  0.00
847.00  0.00
629.00  0.00
866.00  0.00
875.00  0.00
629.00  0.00
837.00  0.00
847.00  0.00
628.00  0.00
838.00  0.00
848.00  0.00
638.00  0.00
847.00  0.00
847.00  0.00
637.00  0.00
874.00  0.00
875.00  0.00
628.00  0.00
865.00  0.00
875.00  0.00
629.00  0.00
863.00  0.00
873.00  0.00
629.00  0.00
864.00  0.00
873.00  0.00
629.00  0.00
838.00  0.00
848.00  0.00
638.00  0.00
873.00  0.00
873.00  0.00
629.00  0.00
865.00  0.00
875.00  0.00
630.00  0.00
865.00  0.00
874.00  0.00
628.00  0.00
838.00  0.00
848.00  0.00
629.00  0.00
843.00  0.00
853.00  0.00
629.00  0.00
865.00  0.00
885.00  0.00
638.00  0.00
865.00  0.00
884.00  0.00
647.00  0.00
849.00  0.00
850.00  0.00
639.00  0.00
875.00  0.00
884.00  0.00
638.00  0.00
865.00  0.00
885.00  0.00
648.00  0.00
872.00  0.00
873.00  0.00
630.00  0.00
866.00  0.00
884.00  0.00
647.00  0.00
874.00  0.00
885.00  0.00
648.00  0.00
870.00  0.00
880.00  0.00
638.00  0.00
865.00  0.00
884.00  0.00
638.00  0.00
865.00  0.00
884.00  0.00
647.00  0.00
874.00  0.00
875.00  0.00
638.00  0.00
874.00  0.00
884.00  0.00
638.00  0.00
863.00  0.00
874.00  0.00
629.00  0.00
840.00  0.00
850.00  0.00
630.00  0.00
866.00  0.00
875.00  0.00
629.00  0.00
836.00  0.00
846.00  0.00
629.00  0.00
839.00  0.00