592.00  0.00
511.00  0.00
452.00  0.00
517.00  0.00
508.00  0.00
457.00  0.00
526.00  0.00
511.00  0.00
448.00  0.00
514.00  0.00
504.00  0.00
453.00  0.00
534.00  0.00
519.00  0.00
447.00  0.00
520.00  0.00
510.00  0.00
452.00  0.00
518.00  0.00
509.00  0.00
457.00  0.00
525.00  0.00
516.00  0.00
452.00  0.00
685.00  0.00
690.00  0.00
691.00  0.00
697.00  0.00
502.00  0.00
721.00  0.00
697.00  0.00
508.00  0.00
728.00  0.00
697.00  0.00
508.00  0.00
728.00  0.00
697.00  0.00
508.00  0.00
727.00  0.00
697.00  0.00
507.00  0.00
726.00  0.00
697.00  0.00
508.00  0.00
729.00  0.00
698.00  0.00
508.00  0.00
727.00  0.00
697.00  0.00
508.00  0.00
710.00  0.00
680.00  0.00
508.00  0.00
727.00  0.00
697.00  0.00
509.00  0.00
728.00  0.00
697.00  0.00
509.00  0.00
728.00  0.00
697.00  0.00
509.00  0.00
728.00  0.00
703.00  0.00
515.00  0.00
728.00  0.00
697.00  0.00
508.00  0.00
728.00  0.00
697.00  0.00
502.00  0.00
721.00  0.00
697.00  0.00
508.00  0.00
709.00  0.00
673.00  0.00
692.00  0.00
686.00  0.00
686.00  0.00
697.00  0.00
508.00  0.00
727.00  0.00
697.00  0.00
508.00  0.00
728.00  0.00
692.00  0.00
519.00  0.00
523.00  0.00
531.00  0.00
531.00  0.00
523.00  0.00
518.00  0.00
526.00  0.00
531.00  0.00
531.00  0.00
511.00  0.00
489.00  0.00
729.00  0.00
688.00  0.00
669.00  0.00
669.00  0.00
684.00  0.00
684.00  0.00
685.00  0.00
685.00  0.00
668.00  0.00
668.00  0.00
687.00  0.00
686.00  0.00
513.00  0.00
504.00  0.00
447.00  0.00
521.00  0.00
516.00  0.00
457.00  0.00
691.00  0.00
697.00  0.00
523.00  0.00
503.00  0.00
489.00  0.00