       4.55           
       4.61           
       4.59           
       4.58           
       4.39           
       4.29           
       4.34           
       4.38           
       4.51           
       4.53           
       4.47           
       4.57           
       4.51           
       4.49           
       4.36           
       4.38           
       4.45           
       4.54           
       4.55           
       4.48           
       4.39           
       4.36           
       4.41           
       4.43           
       4.47           
       4.59           
       4.44           
       4.42           
       4.45           
       4.34           
       4.39           
       4.49           
       4.48           
       4.57           
       4.48           
       4.50           
       4.56           
       4.56           
       4.53           
       4.54           
       4.58           
       4.54           
       4.49           
       4.46           
       4.42           
       4.46           
       4.52           
       4.23           
       4.35           
       4.05           
       3.98           
       4.32           
       4.02           
       3.95           
       3.77           
       4.20           
       4.30           
       4.31           
       4.31           
       4.22           
       4.31           
       4.30           
       4.25           
       4.53           
       4.40           
       4.47           
       4.46           
       4.48           
       4.39           
       4.38           
       4.37           
       4.30           
       4.48           
       4.56           
       4.45           
       4.49           
       4.47           
       4.38           
       4.35           
       4.42           
       4.50           
       4.45           
       4.45           
       4.67           
       4.52           
       4.46           
       4.39           
       4.46           
       4.42           
       4.50           
       4.42           
       4.42           
       4.25           
       4.38           
       4.51           
       4.52           
       4.27           
       4.36           
       4.40           
       4.42           
       4.44           
       4.39           
       4.54           
       4.53           
       4.50           
       4.51           
       4.45           
       4.60           
       4.46           
       4.52           
       4.62           
       4.48           
       4.49           
       4.70           
       4.55           
       4.60           
       4.59           
       4.55           
       4.65           
       4.56           
       4.58           
       4.58           
       4.36           
       4.49           
       4.48           
       4.65           
       4.64           
       4.57           
       4.55           
       4.60           
       4.56           
       4.57           
       4.45           
       4.51           
       4.59           
       4.59           
       4.54           
       4.44           
       4.58           
       4.56           
       4.52           
       4.62           
       4.50           
       4.63           
       4.62           
       4.63           
       4.55           
       4.64           
       4.60           
       4.59           
       4.53           
       4.64           
       4.43           
       4.38           
       4.50           
       4.61           
       4.57           
       4.64           
       4.61           
       4.68           
       4.56           
       4.60           
       4.46           
       4.62           
       4.56           
       4.50           
       4.47           
       4.37           
       4.53           
       4.36           
       4.63           
       4.55           
       4.29           
       4.54           
       4.31           
       4.36           
       4.63           
       4.62           
       4.48           
       4.50           
       4.50           
       4.50           
       4.54           
       4.61           
       4.44           
       4.59           
       4.54           
       4.49           
       4.56           
       4.56           
       4.58           
       4.66           
       4.73           
       4.75           
       4.61           
       4.47           
       4.51           
       4.52           
       4.53           
       4.58           
       4.64           
       4.65           
       4.57           
       4.59           
       4.48           
       4.64           
       4.64           
       4.61           
       4.69           
       4.66           
       4.66           
       4.60           
       4.54           
       4.55           
       4.48           
       4.18           
       4.41           
       4.48           
       4.50           
       4.47           
       4.67           
       4.66           
       4.60           
       4.79           
       4.63           
       4.57           
       4.59           
       4.58           
       4.56           
       4.53           
       4.47           
       4.49           
       4.57           
       4.71           
       4.59           
       4.63           
       4.45           
       4.43           
       4.31           
       4.49           
       4.51           
       4.48           
       4.46           
       4.56           
       4.41           
       4.58           
       4.55           
       4.55           
       4.36           
       4.45           
       4.52           
       4.56           
       4.59           
       4.59           
       4.56           
       4.57           
       4.67           
       4.70           
       4.56           
       4.58           
       4.54           
       4.58           
       4.67           
       4.60           
       4.55           
       4.57           
       4.61           
       4.60           
       4.72           
       4.60           
       4.45           
       4.53           
       4.59           
       4.56           
       4.73           
       4.64           
       4.74           
       4.75           
       4.82           
       4.94           
       4.82           
       4.64           
       4.67           
       4.70           
       4.72           
       4.60           
       4.55           
       4.52           
       4.44           
       4.38           
       4.43           
       4.45           
       4.41           
       4.46           
       4.46           
       4.48           
       4.49           
       4.49           
       4.55           
       4.52           
       4.53           
       4.74           
       4.80           
       4.63           
       4.54           
       4.49           
       4.47           
       4.49           
       4.53           
       4.54           
       4.58           
       4.50           
       4.59           
       4.55           
       4.53           
       4.49           
       4.55           
       4.48           
       4.53           
       4.58           
       4.40           
       4.36           
       4.50           
       4.40           
       4.42           
       4.51           
       4.43           
       4.48           
       4.49           
       4.62           
       4.57           
       4.55           
       4.56           
       4.52           
       4.59           
       4.57           
       4.52           
       4.63           
       4.66           
       4.75           
       4.53           
       4.49           
       4.52           
       4.58           
       4.51           
       4.52           
       4.57           
       4.46           
       4.50           
       4.37           
       4.24           
       4.23           
       4.40           
       4.57           
       4.60           
       4.58           
       4.53           
       4.61           
       4.57           
       4.48           
       4.51           
       4.55           
       4.58           
       4.66           
       4.70           
       4.62           
       4.55           
       4.49           
       4.42           
       4.40           
       3.98           
       4.26           
       4.55           
       4.54           
       4.52           
       4.62           
       4.44           
       4.50           
       4.60           
       4.77           
       4.64           
       4.60           
       4.50           
       4.56           
       4.61           
       4.50           
       4.66           
       4.61           
       4.59           
       4.58           
       4.55           
       4.53           
       4.53           
       4.53           
       4.61           
       4.47           
       4.53           
       4.55           
       4.62           
       4.53           
       4.44           
       4.48           
       4.48           
       4.51           
       4.66           
       4.52           
       4.51           
       4.48           
       4.53           
       4.51           
       4.48           
       4.50           
       4.30           
       4.52           
       4.57           
       4.67           
       4.64           
       4.67           
       4.54           
       4.53           
       4.44           
       4.46           
       4.45           
       4.26           
       4.33           
       4.68           
       4.71           
       4.81           
       4.87           
       4.84           
       4.74           
       4.66           
       4.73           
       4.72           
       4.71           
       4.69           
       4.57           
       4.61           
       4.63           
       4.74           
       4.63           
       4.68           
       4.70           
       4.85           
       4.81           
       4.74           
       4.65           
       4.61           
       4.50           
       4.54           
       4.52           
       4.46           
       4.38           
       4.59           
       4.55           
       4.54           
       4.47           
       4.30           
       4.62           
       4.56           
       4.69           
       4.74           
       4.80           
       4.73           
       4.69           
       4.72           
       4.58           
       4.59           
       4.65           
       4.60           
       4.46           
       4.40           
       4.49           
       4.56           
       4.50           
       4.49           
       4.43           
       4.48           
       4.56           
       4.46           
       4.53           
       4.55           
       4.59           
       4.51           
       4.50           
       4.54           
       4.54           
       4.62           
       4.44           
       4.51           
       4.48           
       4.61           
       4.48           
       4.61           
       4.49           
       4.53           
       4.26           
       4.32           
       4.38           
       4.44           
       4.52           
       4.46           
       4.55           
       4.46           
       4.46           
       4.57           
       4.55           
       4.56           
       4.35           
       4.37           
       4.56           
       4.51           
       4.37           
       4.38           
       4.37           
       4.40           
       4.52           
       4.52           
       4.49           
       4.49           
       4.46           
       4.45           
       4.49           
       4.56           
       4.45           
       4.46           
       4.45           
       4.49           
       4.47           
       4.56           
       4.50           
       4.51           
       4.49           
       4.56           
       4.77           
       4.77           
       4.64           
       4.53           
       4.61           
       4.55           
       4.52           
       4.55           
       4.52           
       4.44           
       4.43           
       4.52           
       4.53           
       4.52           
       4.50           
       4.53           
       4.39           
       4.54           
       4.56           
       4.45           
       4.44           
       4.58           
       4.43           
       4.49           
       4.40           
       4.41           
       4.38           
       4.43           
       4.49           
       4.47           
       4.39           
       4.32           
       4.45           
       4.29           
       4.52           
       4.57           
       4.52           
       4.50           
       4.48           
       4.44           
       4.53           
       4.59           
       4.51           
       4.47           
       4.49           
       4.48           
       4.49           
       4.54           
       4.71           
       4.75           
       4.78           
       4.79           
       4.63           
       4.48           
       4.50           
       4.55           
       4.62           
       4.55           
       4.51           
       4.50           
       4.54           
       4.59           
       4.62           
       4.60           
       4.64           
       4.64           
       4.51           
       4.55           
       4.51           
       4.61           
       4.57           
       4.57           
       4.57           
       4.55           
       4.48           
       4.57           
       4.78           
       4.90           
       4.83           
       4.55           
       4.55           
       4.62           
       4.53           
       4.55           
       4.52           
       4.45           
       4.50           
       4.10           
       4.40           
       4.52           
       4.40           
       4.45           
       4.49           
       4.44           
       4.48           
       4.46           
       4.52           
       4.53           
       4.60           
       4.59           
       4.45           
       4.20           
       4.52           
       4.54           
       4.50           
       4.47           
       4.54           
       4.47           
       4.45           
       4.56           
       4.59           
       4.59           
       4.54           
       4.52           
       4.62           
       4.57           
       4.63           
       4.39           
       4.38           
       4.35           
       4.40           
       4.54           
       4.40           
       4.43           
       4.43           
       4.50           
       4.42           
       4.57           
       4.37           
       4.27           
       4.43           
       4.46           
       4.48           
       4.51           
       4.59           
       4.52           
       4.64           
       4.41           
       4.40           
       4.47           
       4.63           
       4.59           
       4.56           
       4.54           
       4.72           
       4.78           
       4.65           
       4.45           
       4.54           
       4.51           
       4.56           
       4.49           
       4.56           
       4.55           
       4.59           
       4.54           
       4.67           
       4.63           
       4.59           
       4.50           
       4.50           
       4.63           
       4.51           
       4.42           
       4.47           
       4.49           
       4.51           
       4.55           
       4.56           
       4.40           
       4.50           
       4.66           
       4.53           
       4.42           
       4.41           
       4.46           
       4.50           
       4.58           
       4.47           
       4.56           
       4.48           
       4.49           
       4.40           
       4.56           
       4.46           
       4.22           
       4.45           
       4.23           
       4.47           
       4.17           
       4.69           
       4.46           
       4.50           
       4.19           
       4.44           
       4.31           
       4.45           
       4.53           
       4.63           
       4.55           
       4.59           
       4.51           
       4.56           
       4.54           
       4.50           
       4.48           
       4.48           
       4.51           
       4.53           
       4.55           
       4.48           
       4.47           
       4.43           
       4.60           
       4.62           
       4.68           
       4.46           
       4.62           
       4.54           
       4.48           
       4.49           
       4.42           
       4.37           
       4.38           
       4.49           
       4.49           
       4.52           
       4.61           
       4.54           
       4.51           
       4.49           
       4.52           
       4.44           
       4.41           
       4.50           
       4.47           
       4.50           
       4.54           
       4.45           
       4.45           
       4.43           
       4.38           
       4.27           
       4.45           
       4.53           
       4.54           
       4.54           
       4.50           
       4.54           
       4.55           
       4.51           
       4.54           
       4.50           
       4.51           
       4.42           
       4.43           
       4.55           
       4.36           
       4.41           
       4.52           
       4.52           
       4.57           
       4.60           
       4.59           
       4.58           
       4.58           
       4.55           
       4.53           
       4.51           
       4.54           
       4.55           
       4.59           
       4.53           
       4.53           
       4.54           
       4.46           
       4.46           
       4.46           
       4.51           
       4.71           
       4.62           
       4.64           
       4.58           
       4.73           
       4.62           
       4.65           
       4.72           
       4.55           
       4.42           
       4.39           
       4.54           
       4.54           
       4.48           
       4.41           
       4.31           
       4.47           
       4.41           
       4.31           
       4.32           
       4.32           
       4.44           
       4.48           
       4.43           
       4.40           
       4.40           
       4.48           
       4.35           
       4.26           
       4.55           
       4.59           
       4.48           
       4.57           
       4.58           
       4.52           
       4.55           
       4.50           
       4.53           
       4.46           
       4.47           
       4.57           
       4.58           
       4.55           
       4.41           
       4.35           
       4.51           
       4.61           
       4.49           
       4.46           
       4.40           
       4.62           
       4.52           
       4.58           
       4.58           
       4.68           
       4.64           
       4.35           
       3.98           
       4.31           
       4.39           
       4.48           
       4.47           
       4.27           
       4.35           
       4.18           
       4.42           
       4.39           
       4.47           
       4.49           
       4.41           
       4.42           
       4.17           
       4.19           
       4.29           
       4.39           
       4.40           
       4.39           
       4.41           
       4.45           
       4.47           
       4.51           
       4.68           
       4.48           
       4.46           
       4.48           
       4.46           
       4.54           
       4.47           
       4.45           
       4.34           
       4.50           
       4.25           
       4.37           
       4.51           
       4.49           
       4.44           
       4.43           
       4.45           
       4.47           
       4.42           
       4.20           
       4.51           
       4.31           
       4.40           
       4.49           
       4.40           
       4.40           
       4.39           
       4.54           
       4.43           
       4.25           
       4.22           
       4.43           
       4.47           
       4.42           
       4.47           
       4.53           
       4.47           
       4.41           
       4.46           
       4.40           
       4.35           
       4.49           
       4.37           
       4.39           
       4.53           
       4.57           
       4.44           
       4.42           
       4.47           
       4.49           
       4.47           
       4.46           
       4.47           
       4.42           
       4.40           
       4.37           
       4.42           
       4.43           
       3.90           
       4.25           
       4.31           
       4.35           
       4.11           
       4.29           
       4.26           
       4.32           
       4.35           
       4.44           
       4.53           
       4.47           
       4.44           
       4.34           
       4.40           
       4.46           
       4.44           
       4.44           
       4.41           
       4.48           
       4.55           
       4.60           
       4.41           
       4.46           
       4.51           
       4.51           
       4.62           
       4.46           
       4.43           
       4.54           
       4.61           
       4.55           
       4.52           
       4.55           
       4.50           
       4.47           
       4.43           
       4.45           
       4.42           
       4.42           
       4.49           
       4.47           
       4.44           
       4.41           
       4.46           
       4.45           
       4.51           
       4.47           
       4.39           
       4.48           
       4.52           
       4.51           
       4.46           
       4.33           
       4.06           
       4.24           
       4.38           
       4.50           
       4.35           
       4.45           
       4.43           
       4.28           
       4.26           
       4.40           
       4.46           
       4.43           
       4.50           
       4.44           
       4.40           
       4.33           
       4.48           
       4.47           
       4.49           
       4.51           
       4.46           
       4.56           
       4.41           
       4.47           
       4.12           
       4.16           
       4.42           
       4.43           
       4.26           
       4.50           
       4.50           
       4.61           
       4.60           
       4.66           
       4.72           
       4.57           
       4.55           
       4.47           
       4.33           
       4.20           
       4.30           
       4.33           
       4.00           
       4.45           
       4.45           
       4.52           
       4.58           
       4.61           
       4.61           
       4.45           
       4.48           
       4.45           
       4.47           
       4.57           
       4.56           
       4.58           
       4.56           
       4.48           
       4.54           
       4.33           
       4.61           
       4.64           
       4.55           
       4.44           
       4.50           
       4.45           
       4.11           
       4.18           
       4.46           
       4.39           
       4.38           
       4.38           
       4.30           
       4.19           
       4.25           
       4.31           
       4.32           
       4.51           
       4.37           
       4.27           
       4.36           
       4.37           
       4.43           
       4.39           
       4.44           
       4.45           
       4.55           
       4.47           
       4.54           
       4.50           
       4.43           
       4.54           
       4.49           
       4.30           
       4.41           
       4.52           
       4.63           
       4.72           
       4.54           
       4.54           
       4.51           
       4.66           
       4.47           
       4.52           
