682.00  0.00
867.00  0.00
867.00  0.00
892.00  0.00
884.00  0.00
884.00  0.00
892.00  0.00
892.00  0.00
893.00  0.00
893.00  0.00
892.00  0.00
892.00  0.00
892.00  0.00
862.00  0.00
853.00  0.00
855.00  0.00
864.00  0.00
893.00  0.00
923.00  0.00
688.00  0.00
934.00  0.00
920.00  0.00
685.00  0.00
935.00  0.00
923.00  0.00
688.00  0.00
932.00  0.00
921.00  0.00
687.00  0.00
934.00  0.00
922.00  0.00
677.00  0.00
923.00  0.00
921.00  0.00
688.00  0.00
932.00  0.00
920.00  0.00
688.00  0.00
935.00  0.00
923.00  0.00
688.00  0.00
910.00  0.00
898.00  0.00
688.00  0.00
935.00  0.00
923.00  0.00
688.00  0.00
937.00  0.00
925.00  0.00
688.00  0.00
934.00  0.00
923.00  0.00
688.00  0.00
934.00  0.00
912.00  0.00
702.00  0.00
673.00  0.00
637.00  0.00
630.00  0.00
629.00  0.00
629.00  0.00
630.00  0.00
630.00  0.00
638.00  0.00
638.00  0.00
630.00  0.00
629.00  0.00
639.00  0.00
632.00  0.00
633.00  0.00
640.00  0.00
640.00  0.00
641.00  0.00
639.00  0.00
632.00  0.00
624.00  0.00
630.00  0.00
640.00  0.00
641.00  0.00
629.00  0.00
628.00  0.00
640.00  0.00
633.00  0.00
623.00  0.00
638.00  0.00
607.00  0.00
683.00  0.00
674.00  0.00
607.00  0.00
683.00  0.00
674.00  0.00
607.00  0.00
682.00  0.00
673.00  0.00
607.00  0.00
683.00  0.00
674.00  0.00
607.00  0.00
670.00  0.00
653.00  0.00
599.00  0.00
670.00  0.00
653.00  0.00
599.00  0.00
683.00  0.00
666.00  0.00
600.00  0.00
684.00  0.00
666.00  0.00
599.00  0.00
682.00  0.00
665.00  0.00
599.00  0.00
682.00  0.00
665.00  0.00
599.00  0.00
682.00  0.00
673.00  0.00
607.00  0.00
671.00  0.00