314.00  0.00
456.00  0.00
486.00  0.00
321.00  0.00
318.00  0.00
317.00  0.00
335.00  0.00
339.00  0.00
287.00  0.00
332.00  0.00
338.00  0.00
456.00  0.00
456.00  0.00
456.00  0.00
456.00  0.00
456.00  0.00
456.00  0.00
448.00  0.00
450.00  0.00
458.00  0.00
456.00  0.00
448.00  0.00
448.00  0.00
456.00  0.00
456.00  0.00
448.00  0.00
475.00  0.00
324.00  0.00
450.00  0.00
475.00  0.00
324.00  0.00
458.00  0.04
480.00  0.00
320.00  0.00
448.00  0.00
472.00  0.00
319.00  0.00
456.00  0.00
483.00  0.00
324.00  0.00
450.00  0.00
472.00  0.00
322.00  0.00
450.00  0.00
472.00  0.00
322.00  0.00
451.00  0.00
476.00  0.00
316.00  0.00
317.00  0.00
317.00  0.00
323.00  0.00
329.00  0.00
289.00  0.00
332.00  0.00
336.00  0.00
287.00  0.00
332.00  0.00
338.00  0.00
456.00  0.00
481.00  0.00
322.00  0.00
458.00  0.00
483.00  0.00
324.00  0.00
450.00  0.00
475.00  0.00
316.00  0.00
317.00  0.00
319.00  0.00
318.00  0.00
318.00  0.00
318.00  0.00
318.00  0.00
338.00  0.00
342.00  0.00
448.00  0.00
475.00  0.00
324.00  0.00
450.00  0.00
475.00  0.00
324.00  0.00
450.00  0.00
473.00  0.00
322.00  0.00
450.00  0.00
469.00  0.00
317.00  0.00
448.00  0.00
472.00  0.00
322.00  0.00
378.00  0.00
406.00  0.00
325.00  0.00
456.00  0.00
483.00  0.00
322.00  0.00
448.00  0.00
475.00  0.00
324.00  0.00
450.00  0.00
478.00  0.00
327.00  0.00
458.00  0.00
481.00  0.00
322.00  0.00
458.00  0.00
480.00  0.00
320.00  0.00
449.00  0.00
473.00  0.00
322.00  0.00
450.00  0.00
472.00  0.00
319.00  0.00
448.00  0.00
475.00  0.00
322.00  0.00
448.00  0.00
473.00  0.00