444.00  0.00
346.00  0.00
373.00  0.00
425.00  0.00
574.00  0.00
515.00  0.10
338.00  0.00
344.00  0.00
371.00  0.00
425.00  0.00
574.00  0.00
517.00  0.24
344.00  0.00
349.00  0.00
377.00  0.00
411.00  0.00
555.00  0.00
513.00  0.00
338.00  0.00
344.00  0.00
367.00  0.00
548.00  0.00
516.00  0.00
341.00  0.00
346.00  0.00
395.00  0.00
385.00  0.00
331.00  0.00
371.00  0.00
553.00  0.00
514.00  0.00
338.00  0.00
346.00  0.00
373.00  0.00
551.00  0.00
513.00  0.00
338.00  0.00
346.00  0.00
374.00  0.00
426.00  0.00
586.00  0.00
529.00  0.00
344.00  0.00
352.00  0.00
380.00  0.00
428.00  0.00
574.00  0.00
517.00  0.00
344.00  0.00
349.00  0.00
373.00  0.00
425.00  0.00
586.00  0.00
529.00  0.00
344.00  0.00
352.00  0.00
380.00  0.00
429.00  0.00
585.00  0.00
528.00  0.00
347.00  0.00
352.00  0.00
381.00  0.00
438.00  0.00
579.00  0.00
520.00  0.00
347.00  0.00
352.00  0.00
380.00  0.00
429.00  0.00
586.00  0.00
532.00  0.00
347.00  0.00
352.00  0.00
380.00  0.00
434.00  0.00
579.00  0.00
517.00  0.00
347.00  0.00
355.00  0.00
381.00  0.00
434.00  0.00
590.00  0.00
532.00  0.00
347.00  0.00
353.00  0.00
380.00  0.00
429.00  0.00
574.00  0.00
517.00  0.00
344.00  0.00
349.00  0.00
373.00  0.00
425.00  0.00
585.00  0.00
528.00  0.00
344.00  0.00
352.00  0.00
408.00  0.00
456.00  0.00
575.00  0.00
518.00  0.00
344.00  0.00
352.00  0.00
380.00  0.00
429.00  0.00
586.00  0.00
529.00  0.00
344.00  0.00
352.00  0.00
377.00  0.00
408.00  0.00
557.00  0.00
515.00  0.00
338.00  0.00
346.00  0.00
377.00  0.00
429.00  0.00
573.00  0.00
516.00  0.00