922.00  0.00
668.00  0.00
687.00  0.00
663.00  0.00
673.00  0.00
673.00  0.00
672.00  0.00
663.00  0.00
699.00  0.00
759.00  0.00
1005.00  0.00
935.00  0.00
633.00  0.00
633.00  0.00
643.00  0.00
652.00  0.00
643.00  0.00
633.00  0.00
643.00  0.00
643.00  0.00
633.00  0.00
633.00  0.00
633.00  0.00
643.00  0.00
652.00  0.00
642.00  0.00
634.00  0.00
634.00  0.00
634.00  0.00
634.00  0.00
634.00  0.00
634.00  0.00
666.00  0.00
676.00  0.00
700.00  0.00
760.00  0.00
1003.00  0.00
932.00  0.00
677.00  0.00
698.00  0.00
664.00  0.00
701.00  0.00
748.00  0.00
748.00  0.00
747.00  0.00
747.00  0.00
748.00  0.00
748.00  0.00
761.00  0.00
761.00  0.00
748.00  0.00
761.00  0.00
761.00  0.00
748.00  0.00
748.00  0.00
738.00  0.00
739.00  0.00
748.00  0.00
747.00  0.00
748.00  0.00
747.00  0.00
760.00  0.00
761.00  0.00
749.00  0.00
749.00  0.00
747.00  0.00
746.00  0.00
747.00  0.00
747.00  0.00
747.00  0.00
747.00  0.00
747.00  0.00
747.00  0.00
746.00  0.00
746.00  0.00
761.00  0.00
762.00  0.00
747.00  0.00
747.00  0.00
747.00  0.00
747.00  0.00
748.00  0.00
747.00  0.00
748.00  0.00
762.00  0.00
774.00  0.00
761.00  0.00
747.00  0.00
760.00  0.00
760.00  0.00
747.00  0.00
749.00  0.00
763.00  0.00
762.00  0.00
748.00  0.00
748.00  0.00
748.00  0.00
748.00  0.00
748.00  0.00
748.00  0.00
748.00  0.00
748.00  0.00
747.00  0.00
747.00  0.00
749.00  0.00
749.00  0.00
748.00  0.00
749.00  0.00
750.00  0.00
749.00  0.00
749.00  0.00
748.00  0.00
748.00  0.00
747.00  0.00
748.00  0.00
737.00  0.00
737.00  0.00
748.00  0.00
748.00  0.00