510.00  0.00
415.00  0.00
474.00  0.00
479.00  0.00
415.00  0.00
475.00  0.00
483.00  0.00
415.00  0.00
471.00  0.00
479.00  0.00
411.00  0.00
471.00  0.00
483.00  0.00
420.00  0.00
474.00  0.00
483.00  0.00
419.00  0.00
474.00  0.00
479.00  0.00
411.00  0.00
470.00  0.00
482.00  0.00
415.00  0.00
471.00  0.00
479.00  0.00
411.00  0.00
471.00  0.00
479.00  0.00
411.00  0.00
464.00  0.00
472.00  0.00
411.00  0.00
470.00  0.00
483.00  0.00
416.00  0.00
471.00  0.00
483.00  0.00
415.00  0.00
471.00  0.00
483.00  0.00
416.00  0.00
471.00  0.00
484.00  0.00
416.00  0.00
471.00  0.00
483.00  0.00
416.00  0.00
472.00  0.00
484.00  0.06
419.00  0.00
474.00  0.00
483.00  0.00
419.00  0.00
475.00  0.00
483.00  0.00
419.00  0.00
475.00  0.00
479.00  0.00
411.00  0.00
471.00  0.00
479.00  0.00
415.00  0.00
481.00  0.00
490.00  0.00
419.00  0.00
475.00  0.00
483.00  0.00
419.00  0.00
475.00  0.00
484.00  0.00
416.00  0.00
477.00  0.00
489.00  0.00
419.00  0.00
475.00  0.00
484.00  0.00
420.00  0.00
475.00  0.00
483.00  0.00
419.00  0.00
475.00  0.00
483.00  0.00
420.00  0.00
475.00  0.00
483.00  0.00
419.00  0.00
475.00  0.00
484.00  0.00
420.00  0.00
475.00  0.00
483.00  0.00
419.00  0.00
475.00  0.00
483.00  0.00
415.00  0.00
464.00  0.00
472.00  0.00
415.00  0.00
475.00  0.00
479.00  0.00
411.00  0.00
471.00  0.00
483.00  0.00
416.00  0.00
471.00  0.00
483.00  0.00
416.00  0.00
471.00  0.00
479.00  0.00
411.00  0.00
471.00  0.00
483.00  0.00
419.00  0.00
475.00  0.00
484.00  0.00
420.00  0.00
475.00  0.00
483.00  0.00
415.00  0.00
471.00  0.00