198.00  0.00
187.00  0.00
187.00  0.00
188.00  0.00
186.00  0.00
185.00  0.00
185.00  0.00
185.00  0.00
185.00  0.00
214.00  0.00
245.00  0.00
197.00  0.00
185.00  0.00
185.00  0.00
255.00  0.00
287.00  0.00
197.00  0.00
254.00  0.00
284.00  0.00
195.00  0.00
184.00  0.00
185.00  0.00
255.00  0.00
270.00  0.00
179.00  0.00
195.00  0.00
195.00  0.00
197.00  0.00
197.00  0.00
197.00  0.00
198.00  0.00
183.00  0.00
184.00  0.00
198.00  0.00
197.00  0.00
183.00  0.00
183.00  0.00
200.00  0.00
200.00  0.00
184.00  0.00
184.00  0.00
183.00  0.00
184.00  0.00
202.00  0.00
202.00  0.00
186.00  0.00
186.00  0.00
202.00  0.00
203.00  0.00
203.00  0.00
204.00  0.00
187.00  0.00
186.00  0.00
186.00  0.00
186.00  0.00
184.00  0.00
183.00  0.00
198.00  0.00
198.00  0.00
200.00  0.00
199.00  0.00
181.00  0.00
181.00  0.00
199.00  0.00
201.00  0.00
202.00  0.00
202.00  0.00
202.00  0.00
202.00  0.00
183.00  0.00
182.00  0.00
200.00  0.00
201.00  0.00
201.00  0.00
200.00  0.00
198.00  0.00
197.00  0.00
182.00  0.00
182.00  0.00
198.00  0.00
198.00  0.00
199.00  0.00
200.00  0.00
182.00  0.00
181.00  0.00
197.00  0.00
198.00  0.00
202.00  0.00
203.00  0.00
203.00  0.00
203.00  0.00
202.00  0.00
201.00  0.00
201.00  0.00
201.00  0.00
199.00  0.00
198.00  0.00
181.00  0.00
180.00  0.00
198.00  0.00
199.00  0.00
199.00  0.00
200.00  0.00
186.00  0.00
186.00  0.00
187.00  0.00
187.00  0.00
202.00  0.00
202.00  0.00
199.00  0.00
198.00  0.00
197.00  0.00
197.00  0.00
198.00  0.00
198.00  0.00
197.00  0.00
197.00  0.00
199.00  0.00
201.00  0.00
185.00  0.00