747.00  0.00
717.00  0.00
494.00  0.00
506.00  0.00
533.00  0.00
593.00  0.00
787.00  0.00
711.00  0.00
495.00  0.00
512.00  0.00
534.00  0.00
585.00  0.00
779.00  0.00
712.00  0.00
490.00  0.00
500.00  0.00
528.00  0.00
583.00  0.00
779.00  0.00
713.00  0.00
489.00  0.00
500.00  0.00
536.00  0.00
600.00  0.00
788.00  0.00
718.00  0.00
501.00  0.00
512.00  0.00
534.00  0.00
592.00  0.00
787.00  0.00
712.00  0.00
502.00  0.00
513.00  0.00
528.00  0.00
593.00  0.00
810.00  0.00
739.00  0.00
501.00  0.00
512.00  0.00
534.00  0.00
593.00  0.00
789.00  0.00
724.00  0.00
500.00  0.00
506.00  0.00
542.00  0.00
601.00  0.00
788.00  0.00
723.00  0.00
500.00  0.00
506.00  0.00
541.00  0.00
600.00  0.00
810.00  0.00
745.00  0.00
500.00  0.00
506.00  0.00
534.00  0.00
593.00  0.00
787.00  0.00
717.00  0.00
494.00  0.00
506.00  0.00
534.00  0.00
593.00  0.00
787.00  0.00
716.00  0.00
489.00  0.00
500.00  0.00
533.00  0.00
592.00  0.00
809.00  0.00
734.00  0.00
489.00  0.00
500.00  0.00
528.00  0.00
584.00  0.00
780.00  0.00
718.00  0.00
494.00  0.00
505.00  0.00
533.00  0.00
585.00  0.00
801.00  0.00
734.00  0.00
490.00  0.00
506.00  0.00
533.00  0.00
592.00  0.00
787.00  0.00
717.00  0.00
494.00  0.00
499.00  0.00
528.00  0.00
593.00  0.00
787.00  0.00
717.00  0.00
494.00  0.00
500.00  0.00
528.00  0.00
592.00  0.00
787.00  0.00
712.00  0.00
489.00  0.00
500.00  0.00
528.00  0.00
593.00  0.00
810.00  0.00
734.00  0.00
489.00  0.00
506.00  0.00
533.00  0.00
593.00  0.00
787.00  0.00
717.00  0.00
494.00  0.00
500.00  0.00
521.00  0.00
577.00  0.00