663.00  0.00
568.00  0.00
795.00  0.00
865.00  0.00
656.00  0.00
593.00  0.00
584.00  0.00
577.00  0.00
795.00  0.00
865.00  0.00
657.00  0.00
594.00  0.00
584.00  0.00
570.00  0.00
790.00  0.00
867.00  0.00
657.00  0.00
594.00  0.00
575.00  0.00
562.00  0.00
787.00  0.00
863.00  0.03
656.00  0.00
593.00  0.00
584.00  0.00
570.00  0.00
789.00  0.00
865.00  0.00
648.00  0.00
585.00  0.00
575.00  0.00
569.00  0.00
796.00  0.00
865.00  0.00
657.00  0.00
594.00  0.00
575.00  0.00
562.00  0.00
789.00  0.00
866.00  0.00
648.00  0.00
585.00  0.00
576.00  0.00
569.00  0.00
797.00  0.00
856.00  0.00
647.00  0.00
602.00  0.00
584.00  0.00
569.00  0.00
796.00  0.00
865.00  0.00
657.00  0.00
595.00  0.00
584.00  0.00
577.00  0.00
795.00  0.00
865.00  0.00
657.00  0.00
594.00  0.00
575.00  0.00
562.00  0.00
789.00  0.00
865.00  0.00
647.00  0.00
584.00  0.00
575.00  0.00
562.00  0.00
788.00  0.00
854.00  0.00
637.00  0.00
585.00  0.00
576.00  0.00
562.00  0.00
789.00  0.00
856.00  0.00
638.00  0.00
584.00  0.00
575.00  0.00
562.00  0.00
788.00  0.00
865.00  0.00
647.00  0.00
578.00  0.00
561.00  0.00
554.00  0.00
788.00  0.00
854.00  0.00
637.00  0.00
578.00  0.00
569.00  0.00
562.00  0.00
787.00  0.00
862.00  0.00
656.00  0.00
594.00  0.00
576.00  0.00
562.00  0.00
789.00  0.00
865.00  0.00
648.00  0.00
579.00  0.00
569.00  0.04
562.00  0.00
789.00  0.00
866.00  0.00
648.00  0.00
585.00  0.00
575.00  0.00
562.00  0.00
787.00  0.00
853.00  0.00
637.00  0.00
578.00  0.00
568.00  0.00
562.00  0.00
789.00  0.00
865.00  0.00
648.00  0.00
578.00  0.00