287.00  0.00
226.00  0.00
265.00  0.00
289.00  0.00
368.00  0.00
342.00  0.00
223.00  0.00
225.00  0.00
246.00  0.00
274.00  0.00
378.00  0.00
477.00  0.00
483.00  0.00
489.00  0.00
489.00  0.00
487.00  0.00
482.00  0.00
477.00  0.00
349.00  0.00
222.00  0.00
225.00  0.00
225.00  0.00
245.00  0.00
270.00  0.00
365.00  0.00
337.00  0.00
219.00  0.00
221.00  0.00
243.00  0.00
269.00  0.00
375.00  0.00
477.00  0.00
477.00  0.00
478.00  0.00
349.00  0.00
224.00  0.00
224.00  0.00
244.00  0.00
282.00  0.00
381.00  0.00
343.00  0.00
223.00  0.00
225.00  0.00
268.00  0.00
295.00  0.00
377.00  0.00
349.00  0.00
224.00  0.00
225.00  0.00
242.00  0.00
267.00  0.00
365.00  0.00
336.00  0.00
220.00  0.00
222.00  0.00
242.00  0.00
269.00  0.00
380.00  0.00
355.00  0.00
227.00  0.00
229.00  0.00
225.00  0.00
249.00  0.00
286.00  0.00
388.00  0.00
349.00  0.00
225.00  0.00
226.00  0.00
246.00  0.00
273.00  0.00
377.00  0.00
349.00  0.07
225.00  0.00
226.00  0.00
245.00  0.00
272.00  0.00
377.00  0.00
349.00  0.00
225.00  0.00
226.00  0.00
245.00  0.00
272.00  0.00
376.00  0.00
349.00  0.00
225.00  0.00
228.00  0.00
225.00  0.00
226.00  0.00
227.00  0.00
226.00  0.00
269.00  0.00
298.00  0.00
380.00  0.00
347.00  0.00
223.00  0.00
225.00  0.00
247.00  0.00
274.00  0.00
371.00  0.00
343.00  0.00
223.00  0.00
224.00  0.00
244.00  0.00
269.00  0.00
368.00  0.00
344.00  0.00
226.00  0.00
229.00  0.00
269.00  0.00
306.00  0.00
383.00  0.00
344.00  0.00
224.00  0.00
225.00  0.00
245.00  0.00
270.00  0.00
375.00  0.00
351.00  0.00
224.00  0.00
224.00  0.00