714.00  0.00
750.00  0.00
750.00  0.00
726.00  0.00
726.00  0.00
715.00  0.00
717.00  0.00
766.00  0.00
752.00  0.00
714.00  0.00
728.00  0.00
766.00  0.00
765.00  0.00
739.00  0.00
691.00  0.00
719.00  0.00
741.00  0.00
739.00  0.00
716.00  0.00
807.00  0.00
856.00  0.00
754.00  0.00
716.00  0.00
729.00  0.00
717.00  0.00
805.00  0.00
856.00  0.00
769.00  0.00
730.00  0.00
715.00  0.00
704.00  0.00
946.00  0.00
996.00  0.00
768.00  0.00
729.00  0.00
715.00  0.00
704.00  0.00
806.00  0.00
842.00  0.13
754.00  0.00
729.00  0.00
715.00  0.00
704.00  0.00
806.00  0.00
856.00  0.00
767.00  0.00
740.00  0.00
727.00  0.00
704.00  0.00
947.00  0.00
998.00  0.00
768.00  0.00
740.00  0.00
729.00  0.00
706.00  0.00
947.00  0.00
997.00  0.00
768.00  0.00
729.00  0.00
716.00  0.00
705.00  0.00
809.00  0.00
859.00  0.00
769.00  0.00
731.00  0.00
717.00  0.00
695.00  0.00
933.00  0.00
993.00  0.00
756.00  0.00
728.00  0.00
726.00  0.00
704.00  0.00
947.00  0.00
1011.00  0.00
783.00  0.00
730.00  0.00
717.00  0.00
705.00  0.00
947.00  0.00
997.00  0.00
768.00  0.00
741.00  0.00
729.00  0.00
706.00  0.00
719.00  0.00
783.00  0.00
782.00  0.00
741.00  0.00
741.00  0.00
729.00  0.00
957.00  0.00
1010.00  0.00
783.00  0.00
742.00  0.00
741.00  0.00
708.00  0.00
938.00  0.00
1014.00  0.00
770.00  0.00
717.00  0.00
718.00  0.00
706.00  0.00
948.00  0.00
1014.00  0.00
784.00  0.00
731.00  0.00
717.00  0.00
705.00  0.00
947.00  0.00
1012.00  0.00
785.00  0.00
742.00  0.00
740.00  0.01
719.00  0.00
947.00  0.00