       5.14           
       5.12           
       5.18           
       5.21           
       5.21           
       5.18           
       5.19           
       5.23           
       5.10           
       5.17           
       5.29           
       5.16           
       5.12           
       5.11           
       4.85           
       4.59           
       5.03           
       5.12           
       5.15           
       5.12           
       5.12           
       5.15           
       5.13           
       5.10           
       5.09           
       5.24           
       5.17           
       5.11           
       5.14           
       5.04           
       4.92           
       5.08           
       5.35           
       5.39           
       5.20           
       5.15           
       4.89           
       5.16           
       5.10           
       5.16           
       5.28           
       5.16           
       5.23           
       5.23           
       5.20           
       5.27           
       5.13           
       5.16           
       5.21           
       5.09           
       5.15           
       5.14           
       4.96           
       5.11           
       5.26           
       5.18           
       5.18           
       5.13           
       5.15           
       5.13           
       5.04           
       5.09           
       4.90           
       5.00           
       5.03           
       5.02           
       4.96           
       5.13           
       5.17           
       5.10           
       5.08           
       5.15           
       5.06           
       5.17           
       5.21           
       5.22           
       5.15           
       5.11           
       5.12           
       5.14           
       5.15           
       5.27           
       5.18           
       5.14           
       5.23           
       5.21           
       5.26           
       5.25           
       5.18           
       5.33           
       5.19           
       5.13           
       5.05           
       5.06           
       5.10           
       5.15           
       5.13           
       5.17           
       5.08           
       5.12           
       5.10           
       5.27           
       5.10           
       5.14           
       4.83           
       5.16           
       5.21           
       4.80           
       5.04           
       4.95           
       5.12           
       5.14           
       5.22           
       5.16           
       5.16           
       5.29           
       5.45           
       5.30           
       5.12           
       5.07           
       5.13           
       5.21           
       5.09           
       5.07           
       5.13           
       5.22           
       5.19           
       5.28           
       5.17           
       5.18           
       5.12           
       5.09           
       4.94           
       5.16           
       5.06           
       5.29           
       5.13           
       5.19           
       5.18           
       5.33           
       5.18           
       5.20           
       5.21           
       5.10           
       5.08           
       5.13           
       5.09           
       5.03           
       5.13           
       5.08           
       5.16           
       5.13           
       5.30           
       5.21           
       5.18           
       5.18           
       5.10           
       5.11           
       5.23           
       5.35           
       5.26           
       5.23           
       5.16           
       5.17           
       5.18           
       5.08           
       5.15           
       5.22           
       5.04           
       5.04           
       5.02           
       4.88           
       5.16           
       5.17           
       5.07           
       5.18           
       5.11           
       5.15           
       5.18           
       5.18           
       5.25           
       5.31           
       5.27           
       5.23           
       5.18           
       5.14           
       5.19           
       5.27           
       5.20           
       5.26           
       5.13           
       5.21           
       5.23           
       5.26           
       5.21           
       5.17           
       5.14           
       5.07           
       5.11           
       5.03           
       5.02           
       5.06           
       5.16           
       5.19           
       5.12           
       5.11           
       5.15           
       5.20           
       5.19           
       5.12           
       5.03           
       5.08           
       5.10           
       5.13           
       5.04           
       5.19           
       5.13           
       5.17           
       5.09           
       5.23           
       5.33           
       5.04           
       5.01           
       5.14           
       4.68           
       5.10           
       5.09           
       5.18           
       5.19           
       5.19           
       5.14           
       5.30           
       5.00           
       4.79           
       5.05           
       5.13           
       5.18           
       4.98           
       5.02           
       5.15           
       5.14           
       5.24           
       5.25           
       5.17           
       5.35           
       5.20           
       5.19           
       5.13           
       5.12           
       5.23           
       5.01           
       5.14           
       5.14           
       5.16           
       5.23           
       5.14           
       5.16           
       5.21           
       5.24           
       5.15           
       5.24           
       4.99           
       5.10           
       5.07           
       5.18           
       5.22           
       5.13           
       5.14           
       5.05           
       5.02           
       5.18           
       5.11           
       5.19           
       5.08           
       5.16           
       5.16           
       5.14           
       5.31           
       5.14           
       5.12           
       5.12           
       5.13           
       5.09           
       5.14           
       5.17           
       5.11           
       5.16           
       5.16           
       5.18           
       5.21           
       5.16           
       5.24           
       5.20           
       5.18           
       5.20           
       5.19           
       5.18           
       5.15           
       5.12           
       5.15           
       5.17           
       5.08           
       5.01           
       5.26           
       5.25           
       5.16           
       5.30           
       5.13           
       5.24           
       5.31           
       5.16           
       5.12           
       5.13           
       5.13           
       5.11           
       5.07           
       5.15           
       5.18           
       5.26           
       5.21           
       5.45           
       5.36           
       5.35           
       5.26           
       5.25           
       5.21           
       5.17           
       5.14           
       5.08           
       4.96           
       4.89           
       4.90           
       5.13           
       5.02           
       5.05           
       5.03           
       5.12           
       5.15           
       5.15           
       5.13           
       5.08           
       5.08           
       5.14           
       5.09           
       5.13           
       5.06           
       5.13           
       5.14           
       5.21           
       5.18           
       5.11           
       5.30           
       5.15           
       5.15           
       5.22           
       5.17           
       5.20           
       5.22           
       5.28           
       5.23           
       5.28           
       5.20           
       5.26           
       5.23           
       5.20           
       5.17           
       5.16           
       5.17           
       5.16           
       5.14           
       5.10           
       5.10           
       5.09           
       5.14           
       5.31           
       5.21           
       5.20           
       5.07           
       4.39           
       4.94           
       5.03           
       4.74           
       5.04           
       5.10           
       5.07           
       5.11           
       5.18           
       5.16           
       5.12           
       5.26           
       5.18           
       5.21           
       5.07           
       5.14           
       5.08           
       5.05           
       5.04           
       5.07           
       5.00           
       5.16           
       4.92           
       5.10           
       5.20           
       5.10           
       5.06           
       5.04           
       5.04           
       5.14           
       5.14           
       5.07           
       5.13           
       5.15           
       5.16           
       5.29           
       5.23           
       5.16           
       5.33           
       5.30           
       5.07           
       5.10           
       5.03           
       5.15           
       5.19           
       5.13           
       5.10           
       5.03           
       5.05           
       5.14           
       5.22           
       5.11           
       5.21           
       5.16           
       5.02           
       5.07           
       5.15           
       5.23           
       5.21           
       5.11           
       5.20           
       5.16           
       5.12           
       5.16           
       5.23           
       5.09           
       5.04           
       5.17           
       5.33           
       5.27           
       5.21           
       5.32           
       5.29           
       5.27           
       5.19           
       5.13           
       5.07           
       5.21           
       5.12           
       5.18           
       5.15           
       5.09           
       5.13           
       5.11           
       5.20           
       5.21           
       5.13           
       5.21           
       5.08           
       5.13           
       5.01           
       5.14           
       5.12           
       5.12           
       5.01           
       4.91           
       5.00           
       5.02           
       5.02           
       5.01           
       5.10           
       5.10           
       5.11           
       5.11           
       5.09           
       5.14           
       5.15           
       5.04           
       5.08           
       5.11           
       5.17           
       5.21           
       5.12           
       5.03           
       5.04           
       5.11           
       5.10           
       5.01           
       4.90           
       5.04           
       5.16           
       5.05           
       5.12           
       5.19           
       5.03           
       4.95           
       5.17           
       5.11           
       5.11           
       5.34           
       5.30           
       5.23           
       5.14           
       5.13           
       5.14           
       5.11           
       5.13           
       5.12           
       5.11           
       5.08           
       5.08           
       5.08           
       5.11           
       5.14           
       5.10           
       5.17           
       5.13           
       4.80           
       5.20           
       5.12           
       4.90           
       4.85           
       5.09           
       5.05           
       5.10           
       5.07           
       5.07           
       5.05           
       5.00           
       5.04           
       5.10           
       5.14           
       5.10           
       5.16           
       5.04           
       5.02           
       5.05           
       5.02           
       5.06           
       5.09           
       5.12           
       5.10           
       5.10           
       5.07           
       5.08           
       5.19           
       5.27           
       5.25           
       5.10           
       5.11           
       5.04           
       5.05           
       4.96           
       5.02           
       5.07           
       5.06           
       5.06           
       4.95           
       5.00           
       5.06           
       4.74           
       4.94           
       5.04           
       5.18           
       5.16           
       5.05           
       5.03           
       4.67           
       4.92           
       5.11           
       5.05           
       5.09           
       5.20           
       5.14           
       5.20           
       5.15           
       5.14           
       5.14           
       5.08           
       5.10           
       5.09           
       5.11           
       5.10           
       5.08           
       5.07           
       5.14           
       5.13           
       5.04           
       4.99           
       5.05           
       5.00           
       5.01           
       4.97           
       5.11           
       5.06           
       5.04           
       5.02           
       5.05           
       5.03           
       5.09           
       4.97           
       5.14           
       5.14           
       5.21           
       5.22           
       5.22           
       5.02           
       4.80           
       5.14           
       4.94           
       5.02           
       5.01           
       4.99           
       5.08           
       5.13           
       5.04           
       5.09           
       5.05           
       5.15           
       5.14           
       5.22           
       5.20           
       5.24           
       5.03           
       5.08           
       4.84           
       5.11           
       5.06           
       5.10           
       5.22           
       5.22           
       5.19           
       5.04           
       4.90           
       5.11           
       5.15           
       5.13           
       5.05           
       5.24           
       5.19           
       5.16           
       5.20           
       5.05           
       5.28           
       5.34           
       5.07           
       5.21           
       5.03           
       4.93           
       4.80           
       4.93           
       4.96           
       5.09           
       5.20           
       5.11           
       5.09           
       5.14           
       5.20           
       5.13           
       5.21           
       5.15           
       5.35           
       5.19           
       5.02           
       4.97           
       5.09           
       5.05           
       5.19           
       5.13           
       5.13           
       5.02           
       5.12           
       5.10           
       4.99           
       5.04           
       5.05           
       5.05           
       5.14           
       5.15           
       5.16           
       5.33           
       5.31           
       5.25           
       5.19           
       5.25           
       5.19           
       5.28           
       5.10           
       5.11           
       5.08           
       5.02           
       5.06           
       5.08           
       5.10           
       5.08           
       5.11           
       4.99           
       5.05           
       5.14           
       5.14           
       5.14           
       5.11           
       5.29           
       5.07           
       5.10           
       5.09           
       5.03           
       5.18           
       5.00           
       4.97           
       5.01           
       4.85           
       4.88           
       4.97           
       4.83           
       4.95           
       5.00           
       5.00           
       5.02           
       4.97           
       5.06           
       5.03           
       5.03           
       4.83           
       5.07           
       4.93           
       5.04           
       5.08           
       5.11           
       5.02           
       5.04           
       4.97           
       5.03           
       5.05           
       5.04           
       5.00           
       4.97           
       5.07           
       5.04           
       5.06           
       5.04           
       5.06           
       5.00           
       5.00           
       4.96           
       5.05           
       5.08           
       5.09           
       5.14           
       5.07           
       4.88           
       4.73           
       4.70           
       4.83           
       5.07           
       5.01           
       4.93           
       4.96           
       4.96           
       4.78           
       4.87           
       4.81           
       5.03           
       5.17           
       5.09           
       5.07           
       5.00           
       5.08           
       5.08           
       5.05           
       4.99           
       4.84           
       4.48           
       4.77           
       4.87           
       4.99           
       5.00           
       5.06           
       4.99           
       5.04           
       5.06           
       5.05           
       5.10           
       5.09           
       5.09           
       5.11           
       5.12           
       5.09           
       5.11           
       4.94           
       4.75           
       5.03           
       4.91           
       5.01           
       4.80           
       4.88           
       5.02           
       5.08           
       5.06           
       5.14           
       5.10           
       5.18           
       5.09           
       5.02           
       4.98           
       5.03           
       4.90           
       4.95           
       4.95           
       4.95           
       5.04           
       5.10           
       5.11           
       4.96           
       4.95           
       5.07           
       5.17           
       5.08           
       5.10           
       4.94           
       4.87           
       4.93           
       5.05           
       5.04           
       4.85           
       4.63           
       4.74           
       4.98           
       4.98           
       4.95           
       5.06           
       5.04           
       5.08           
       4.99           
       4.89           
       5.01           
       5.04           
       5.07           
       4.95           
       5.12           
       5.10           
