168.00  0.00
48.00  0.00
48.00  0.46
48.00  0.00
50.00  0.00
50.00  0.00
49.00  0.00
49.00  0.00
49.00  0.00
49.00  0.00
49.00  0.00
49.00  0.00
49.00  0.00
48.00  0.00
48.00  0.00
48.00  0.00
49.00  0.00
50.00  0.00
50.00  0.00
49.00  0.00
49.00  0.00
49.00  0.00
49.00  0.00
48.00  0.00
47.00  0.00
47.00  0.00
47.00  0.00
48.00  0.00
48.00  0.00
47.00  0.00
47.00  0.00
48.00  0.00
50.00  0.00
49.00  0.00
46.00  0.00
46.00  0.00
45.00  0.00
46.00  0.00
47.00  0.00
46.00  0.00
46.00  0.00
47.00  0.00
47.00  0.00
47.00  0.00
47.00  0.00
47.00  0.00
47.00  0.00
46.00  0.00
47.00  0.00
46.00  0.00
46.00  0.00
46.00  0.00
46.00  0.00
47.00  0.00
48.00  0.00
48.00  0.00
48.00  0.01
48.00  0.00
48.00  0.00
48.00  0.00
48.00  0.00
48.00  0.00
48.00  0.00
48.00  0.00
48.00  0.00
48.00  0.00
48.00  0.00
48.00  0.00
48.00  0.00
46.00  0.00
46.00  0.00
47.00  0.00
48.00  0.00
48.00  0.00
49.00  0.00
49.00  0.00
49.00  0.00
48.00  0.00
48.00  0.00
48.00  0.00
48.00  0.00
48.00  0.00
49.00  0.00
50.00  0.00
50.00  0.00
49.00  0.00
50.00  0.00
50.00  0.00
50.00  0.00
49.00  0.00
49.00  0.00
49.00  0.00
49.00  0.00
50.00  0.00
50.00  0.00
50.00  0.00
50.00  0.00
49.00  0.00
48.00  0.00
49.00  0.00
49.00  0.00
48.00  0.00
48.00  0.00
49.00  0.00
49.00  0.00
50.00  0.00
50.00  0.00
49.00  0.00
49.00  0.00
49.00  0.00
49.00  0.00
49.00  0.00
50.00  0.00
49.00  0.00
49.00  0.00
50.00  0.00
50.00  0.00
49.00  0.00
48.00  0.00
48.00  0.04