335.00  0.00
333.00  0.00
335.00  0.00
341.00  0.00
335.00  0.00
330.00  0.00
327.00  0.00
332.00  0.00
338.00  0.00
338.00  0.00
333.00  0.00
330.00  0.00
338.00  0.00
343.00  0.00
338.00  0.00
332.00  0.00
332.00  0.00
338.00  0.00
343.00  0.00
343.00  0.00
338.00  0.00
332.00  0.00
332.00  0.00
338.00  0.00
343.00  0.00
340.00  0.00
335.00  0.00
330.00  0.00
330.00  0.00
338.00  0.00
346.00  0.00
343.00  0.00
337.00  0.00
335.00  0.00
335.00  0.00
340.00  0.24
343.00  0.00
341.00  0.00
335.00  0.00
330.00  0.00
332.00  0.00
338.00  0.00
333.00  0.00
327.00  0.00
332.00  0.00
340.00  0.00
341.00  0.00
335.00  0.00
330.00  0.00
333.00  0.00
341.00  0.00
341.00  0.00
335.00  0.00
332.00  0.00
335.00  0.00
340.00  0.00
341.00  0.00
335.00  0.00
332.00  0.00
338.00  0.00
335.00  0.00
327.00  0.00
333.00  0.00
330.00  0.00
325.00  0.00
332.00  0.00
332.00  0.00
327.00  0.00
332.00  0.00
332.00  0.00
327.00  0.00
335.00  0.00
338.00  0.00
330.00  0.00
335.00  0.00
335.00  0.00
327.00  0.00
333.00  0.00
333.00  0.00
330.00  0.00
335.00  0.00
338.00  0.00
335.00  0.00
330.00  0.00
330.00  0.00
338.00  0.00
343.00  0.00
341.00  0.00
335.00  0.00
332.00  0.00
332.00  0.00
338.00  0.00
343.00  0.00
343.00  0.00
338.00  0.00
332.00  0.00
335.00  0.00
340.00  0.00
346.00  0.00
349.00  0.00
341.00  0.00
332.00  0.00
332.00  0.00
338.00  0.00
346.00  0.00
346.00  0.00
340.00  0.00
335.00  0.00
332.00  0.00
338.00  0.00
343.00  0.00
343.00  0.00
340.00  0.00
337.00  0.00
335.00  0.00
338.00  0.00
346.00  0.00
346.00  0.00
338.00  0.00
332.00  0.00