150.00  0.00
168.00  0.00
168.00  0.00
167.00  0.00
165.00  0.00
164.00  0.00
163.00  0.00
161.00  0.00
159.00  0.00
157.00  0.00
160.00  0.00
158.00  0.00
158.00  0.00
161.00  0.00
159.00  0.00
157.00  0.00
160.00  0.00
158.00  0.00
158.00  0.00
162.00  0.00
160.00  0.00
159.00  0.00
164.00  0.00
166.00  0.00
166.00  0.00
167.00  0.00
167.00  0.00
167.00  0.00
167.00  0.00
166.00  0.00
165.00  0.00
164.00  0.00
164.00  0.00
164.00  0.00
164.00  0.00
165.00  0.00
163.00  0.00
163.00  0.00
164.00  0.00
163.00  0.00
163.00  0.00
163.00  0.00
162.00  0.00
161.00  0.00
160.00  0.00
161.00  0.00
162.00  0.00
162.00  0.00
161.00  0.00
161.00  0.00
160.00  0.00
161.00  0.00
162.00  0.00
162.00  0.00
162.00  0.00
162.00  0.00
162.00  0.00
164.00  0.00
165.00  0.00
163.00  0.00
164.00  0.00
165.00  0.00
165.00  0.00
162.00  0.00
162.00  0.00
161.00  0.00
162.00  0.00
162.00  0.00
161.00  0.00
165.00  0.00
163.00  0.00
162.00  0.00
159.00  0.00
158.00  0.00
161.00  0.00
158.00  0.00
157.00  0.00
161.00  0.00
159.00  0.00
159.00  0.00
162.00  0.00
159.00  0.00
159.00  0.00
162.00  0.00
164.00  0.00
166.00  0.00
162.00  0.00
162.00  0.00
164.00  0.00
163.00  0.00
165.00  0.00
162.00  0.00
163.00  0.00
164.00  0.00
165.00  0.00
165.00  0.00
164.00  0.00
163.00  0.00
162.00  0.00
163.00  0.00
163.00  0.00
162.00  0.00
162.00  0.00
162.00  0.00
162.00  0.00
164.00  0.00
163.00  0.00
164.00  0.00
164.00  0.00
162.00  0.00
162.00  0.00
164.00  0.00
166.00  0.00
166.00  0.00
166.00  0.00
162.00  0.00
162.00  0.00
162.00  0.00
162.00  0.00
162.00  0.00