350.00  0.00
367.00  0.00
364.00  0.00
364.00  0.00
367.00  0.00
367.00  0.00
364.00  0.00
361.00  0.00
361.00  0.00
364.00  0.00
367.00  0.00
364.00  0.00
364.00  0.00
364.00  0.00
361.00  0.00
364.00  0.00
364.00  0.00
361.00  0.00
355.00  0.00
349.00  0.00
349.00  0.00
349.00  0.00
352.00  0.00
358.00  0.00
361.00  0.00
364.00  0.00
367.00  0.00
367.00  0.00
364.00  0.00
361.00  0.00
361.00  0.00
361.00  0.00
361.00  0.00
355.00  0.00
349.00  0.00
349.00  0.00
355.00  0.25
361.00  0.00
361.00  0.00
358.00  0.00
349.00  0.00
349.00  0.00
361.00  0.00
364.00  0.00
361.00  0.00
358.00  0.00
351.00  0.00
349.00  0.00
352.00  0.00
358.00  0.00
364.00  0.00
364.00  0.00
361.00  0.00
361.00  0.00
361.00  0.00
358.00  0.00
352.00  0.00
349.00  0.00
349.00  0.00
349.00  0.00
349.00  0.00
349.00  0.00
352.00  0.00
354.00  0.00
352.00  0.00
352.00  0.00
355.00  0.00
354.00  0.00
354.00  0.00
355.00  0.00
355.00  0.00
355.00  0.00
354.00  0.00
354.00  0.00
355.00  0.00
358.00  0.00
358.00  0.00
358.00  0.00
361.00  0.00
357.00  0.00
354.00  0.03
358.00  0.00
358.00  0.00
355.00  0.00
355.00  0.00
354.00  0.00
355.00  0.00
355.00  0.00
355.00  0.00
355.00  0.00
355.00  0.00
355.00  0.00
352.00  0.00
352.00  0.00
355.00  0.00
354.00  0.00
352.00  0.00
352.00  0.00
355.00  0.00
355.00  0.00
355.00  0.00
355.00  0.00
351.00  0.00
352.00  0.00
355.00  0.00
355.00  0.00
355.00  0.00
357.00  0.00
360.00  0.12
358.00  0.00
358.00  0.00
361.00  0.00
361.00  0.00
357.00  0.00
357.00  0.00
360.00  0.00
360.00  0.00
361.00  0.00
361.00  0.00
360.00  0.00