217.00  0.07
224.00  0.00
228.00  0.00
228.00  0.00
226.00  0.00
223.00  0.00
221.00  0.00
224.00  0.00
227.00  0.00
226.00  0.00
224.00  0.00
223.00  0.00
221.00  0.00
222.00  0.00
226.00  0.00
226.00  0.00
223.00  0.00
221.00  0.00
217.00  0.00
219.00  0.00
225.00  0.00
225.00  0.00
220.00  0.00
217.00  0.00
215.00  0.00
217.00  0.00
221.00  0.00
221.00  0.00
220.00  0.00
220.00  0.00
218.00  0.00
219.00  0.00
225.00  0.00
226.00  0.00
222.00  0.00
221.00  0.00
220.00  0.00
221.00  0.00
226.00  0.00
226.00  0.00
224.00  0.00
224.00  0.00
222.00  0.00
223.00  0.00
228.00  0.00
227.00  0.00
224.00  0.00
224.00  0.00
222.00  0.00
222.00  0.00
226.00  0.00
226.00  0.00
224.00  0.00
223.00  0.00
221.00  0.00
222.00  0.00
227.00  0.00
227.00  0.00
223.00  0.00
222.00  0.00
221.00  0.00
223.00  0.00
228.00  0.00
228.00  0.00
226.00  0.00
224.00  0.00
222.00  0.00
224.00  0.00
228.00  0.00
229.00  0.00
228.00  0.00
226.00  0.00
223.00  0.00
220.00  0.00
221.00  0.00
226.00  0.00
226.00  0.00
223.00  0.00
223.00  0.00
222.00  0.00
222.00  0.00
227.00  0.00
228.00  0.00
226.00  0.00
224.00  0.00
222.00  0.00
222.00  0.00
227.00  0.00
227.00  0.00
223.00  0.00
222.00  0.00
221.00  0.00
222.00  0.00
226.00  0.00
225.00  0.00
221.00  0.00
220.00  0.00
218.00  0.00
219.00  0.00
224.00  0.00
224.00  0.00
222.00  0.00
221.00  0.00
218.00  0.00
218.00  0.00
222.00  0.00
223.00  0.00
222.00  0.00
221.00  0.00
219.00  0.00
220.00  0.00
223.00  0.00
223.00  0.00
221.00  0.00
221.00  0.00
220.00  0.00
221.00  0.00
226.00  0.00
226.00  0.00
223.00  0.00