234.00  0.00
240.00  0.00
240.00  0.00
242.00  0.00
242.00  0.00
240.00  0.00
240.00  0.00
240.00  0.00
240.00  0.00
239.00  0.00
239.00  0.00
240.00  0.00
240.00  0.00
240.00  0.00
240.00  0.00
240.00  0.00
239.00  0.00
237.00  0.00
237.00  0.00
237.00  0.00
237.00  0.00
237.00  0.00
236.00  0.00
235.00  0.00
236.00  0.00
237.00  0.00
237.00  0.00
237.00  0.00
237.00  0.00
237.00  0.00
236.00  0.00
235.00  0.00
235.00  0.00
233.00  0.00
232.00  0.00
232.00  0.00
232.00  0.00
232.00  0.00
232.00  0.00
232.00  0.00
232.00  0.00
233.00  0.00
234.00  0.00
234.00  0.00
236.00  0.00
237.00  0.00
236.00  0.00
236.00  0.00
239.00  0.00
239.00  0.00
237.00  0.00
236.00  0.00
236.00  0.00
236.00  0.00
235.00  0.00
236.00  0.00
236.00  0.10
236.00  0.00
236.00  0.00
234.00  0.00
232.00  0.00
231.00  0.31
229.00  0.00
229.00  0.00
229.00  0.00
232.00  0.00
234.00  0.00
236.00  0.00
237.00  0.00
239.00  0.00
239.00  0.00
237.00  0.00
239.00  0.00
240.00  0.00
240.00  0.00
240.00  0.00
240.00  0.00
242.00  0.00
242.00  0.00
240.00  0.00
240.00  0.00
239.00  0.00
237.00  0.00
236.00  0.00
236.00  0.00
237.00  0.00
236.00  0.00
235.00  0.00
235.00  0.00
233.00  0.00
233.00  0.00
232.00  0.00
231.00  0.00
232.00  0.00
232.00  0.00
232.00  0.00
233.00  0.00
234.00  0.00
233.00  0.01
232.00  0.00
232.00  0.00
232.00  0.00
232.00  0.00
233.00  0.00
233.00  0.00
232.00  0.00
232.00  0.00
232.00  0.00
232.00  0.00
232.00  0.00
232.00  0.00
232.00  0.00
233.00  0.00
234.00  0.00
235.00  0.00
236.00  0.00
236.00  0.00
235.00  0.00
235.00  0.00
235.00  0.00