239.00  0.00
245.00  0.00
246.00  0.00
244.00  0.00
245.00  0.00
246.00  0.00
245.00  0.00
245.00  0.00
245.00  0.00
245.00  0.00
245.00  0.00
245.00  0.00
245.00  0.00
243.00  0.00
243.00  0.00
243.00  0.00
243.00  0.00
242.00  0.00
242.00  0.00
242.00  0.00
240.00  0.00
242.00  0.00
242.00  0.00
242.00  0.00
243.00  0.00
243.00  0.00
243.00  0.00
243.00  0.00
242.00  0.00
240.00  0.00
242.00  0.00
242.00  0.00
240.00  0.00
240.00  0.00
240.00  0.00
239.00  0.00
239.00  0.00
240.00  0.00
239.00  0.00
239.00  0.00
240.00  0.00
240.00  0.00
240.00  0.00
240.00  0.00
240.00  0.00
240.00  0.00
239.00  0.00
237.00  0.00
239.00  0.00
240.00  0.00
240.00  0.00
240.00  0.00
239.00  0.00
239.00  0.00
240.00  0.00
240.00  0.00
239.00  0.00
237.00  0.00
237.00  0.00
237.00  0.00
237.00  0.00
239.00  0.00
239.00  0.00
237.00  0.00
239.00  0.00
239.00  0.00
239.00  0.00
239.00  0.00
237.00  0.00
237.00  0.00
237.00  0.00
239.00  0.00
240.00  0.00
240.00  0.00
240.00  0.00
242.00  0.00
242.00  0.00
240.00  0.00
240.00  0.00
240.00  0.30
240.00  0.00
239.00  0.00
237.00  0.00
237.00  0.00
237.00  0.00
237.00  0.00
237.00  0.00
237.00  0.00
237.00  0.00
237.00  0.00
237.00  0.00
236.00  0.00
236.00  0.00
236.00  0.00
235.00  0.00
236.00  0.00
237.00  0.00
239.00  0.00
240.00  0.00
240.00  0.00
240.00  0.00
240.00  0.00
242.00  0.00
243.00  0.00
243.00  0.00
243.00  0.00
243.00  0.00
243.00  0.00
243.00  0.00
243.00  0.00
242.00  0.00
239.00  0.00
237.00  0.00
239.00  0.00
239.00  0.00
237.00  0.00
239.00  0.00
239.00  0.00
237.00  0.00
239.00  0.00