78.00  0.00
93.00  0.00
94.00  0.00
93.00  0.00
93.00  0.00
95.00  0.00
96.00  0.00
95.00  0.00
94.00  0.00
92.00  0.00
93.00  0.00
94.00  0.00
94.00  0.00
93.00  0.00
93.00  0.00
91.00  0.00
92.00  0.00
94.00  0.00
94.00  0.00
93.00  0.00
92.00  0.00
90.00  0.00
90.00  0.00
92.00  0.00
93.00  0.00
94.00  0.00
95.00  0.00
95.00  0.00
95.00  0.00
96.00  0.00
96.00  0.00
96.00  0.00
95.00  0.00
94.00  0.00
94.00  0.00
96.00  0.00
95.00  0.00
94.00  0.00
93.00  0.00
92.00  0.00
92.00  0.00
94.00  0.00
94.00  0.00
91.00  0.00
90.00  0.00
90.00  0.00
91.00  0.00
94.00  0.46
94.00  0.00
93.00  0.00
93.00  0.00
92.00  0.00
93.00  0.00
95.00  0.00
95.00  0.00
95.00  0.00
95.00  0.00
94.00  0.00
95.00  0.00
98.00  0.00
97.00  0.00
95.00  0.00
93.00  0.00
92.00  0.00
92.00  0.00
94.00  0.00
94.00  0.00
93.00  0.00
92.00  0.00
91.00  0.00
92.00  0.00
94.00  0.00
95.00  0.00
94.00  0.00
94.00  0.00
93.00  0.00
94.00  0.00
96.00  0.00
95.00  0.00
93.00  0.31
93.00  0.00
92.00  0.00
92.00  0.00
94.00  0.00
93.00  0.00
92.00  0.00
92.00  0.00
92.00  0.00
93.00  0.00
96.00  0.00
97.00  0.00
95.00  0.00
94.00  0.00
93.00  0.00
94.00  0.00
97.00  0.00
96.00  0.00
95.00  0.00
95.00  0.00
94.00  0.00
94.00  0.00
95.00  0.00
95.00  0.00
94.00  0.00
93.00  0.00
91.00  0.00
91.00  0.19
92.00  0.00
92.00  0.00
91.00  0.00
92.00  0.00
92.00  0.00
93.00  0.00
96.00  0.00
96.00  0.00
95.00  0.00
95.00  0.00
94.00  0.00
95.00  0.00
98.00  0.00