262.00  0.00
265.00  0.00
267.00  0.00
268.00  0.00
268.00  0.00
265.00  0.00
260.00  0.00
260.00  0.00
265.00  0.00
270.00  0.00
270.00  0.00
265.00  0.00
263.00  0.00
264.00  0.00
270.00  0.00
270.00  0.00
266.00  0.00
272.00  0.00
270.00  0.00
266.00  0.00
272.00  0.00
270.00  0.00
266.00  0.00
272.00  0.00
270.00  0.00
266.00  0.00
268.00  0.00
270.00  0.00
270.00  0.00
263.00  0.00
260.00  0.00
261.00  0.00
261.00  0.00
265.00  0.00
266.00  0.00
261.00  0.00
258.00  0.00
258.00  0.00
260.00  0.00
263.00  0.00
263.00  0.00
260.00  0.00
260.00  0.00
261.00  0.00
263.00  0.00
265.00  0.00
265.00  0.00
261.00  0.00
260.00  0.00
261.00  0.00
263.00  0.00
266.00  0.00
266.00  0.00
260.00  0.00
255.00  0.00
257.00  0.00
258.00  0.00
260.00  0.03
260.00  0.00
255.00  0.00
254.00  0.00
257.00  0.00
260.00  0.00
263.00  0.00
263.00  0.00
257.00  0.00
255.00  0.00
258.00  0.00
261.00  0.00
265.00  0.00
265.00  0.00
262.00  0.00
258.00  0.00
260.00  0.00
263.00  0.00
266.00  0.00
268.00  0.00
263.00  0.00
260.00  0.00
261.00  0.00
263.00  0.00
266.00  0.01
267.00  0.00
262.00  0.00
260.00  0.00
260.00  0.00
258.00  0.00
261.00  0.00
261.00  0.00
255.00  0.53
254.00  0.00
255.00  0.00
257.00  0.00
260.00  0.00
261.00  0.00
257.00  0.00
255.00  0.00
258.00  0.00
260.00  0.00
263.00  0.00
264.00  0.00
260.00  0.00
257.00  0.00
258.00  0.00
261.00  0.00
264.00  0.00
263.00  0.00
258.00  0.00
255.00  0.00
255.00  0.00
258.00  0.00
263.00  0.00
263.00  0.00
258.00  0.00
257.00  0.00
258.00  0.00
262.00  0.00
265.00  0.00
265.00  0.00
260.00  0.00