367.00  0.00
374.00  0.00
374.00  0.00
374.00  0.00
374.00  0.00
371.00  0.00
367.00  0.00
368.00  0.00
368.00  0.00
367.00  0.00
367.00  0.00
367.00  0.00
367.00  0.00
367.00  0.00
367.00  0.00
364.00  0.00
360.00  0.00
361.00  0.00
364.00  0.00
364.00  0.00
360.00  0.00
361.00  0.00
358.00  0.00
355.00  0.00
358.00  0.00
358.00  0.00
358.00  0.00
360.00  0.00
360.00  0.00
360.00  0.00
358.00  0.00
355.00  0.00
355.00  0.00
354.00  0.00
355.00  0.00
352.00  0.00
352.00  0.00
355.00  0.00
355.00  0.00
358.00  0.00
358.00  0.00
358.00  0.00
357.00  0.00
355.00  0.00
355.00  0.00
355.00  0.00
355.00  0.00
355.00  0.00
355.00  0.00
355.00  0.00
355.00  0.00
358.00  0.00
357.00  0.25
358.00  0.00
361.00  0.00
364.00  0.00
367.00  0.00
367.00  0.00
367.00  0.00
364.00  0.00
364.00  0.00
364.00  0.00
364.00  0.00
367.00  0.00
364.00  0.00
361.00  0.00
361.00  0.00
361.00  0.00
361.00  0.00
364.00  0.00
367.00  0.00
365.00  0.00
365.00  0.00
364.00  0.00
364.00  0.00
367.00  0.00
367.00  0.00
367.00  0.00
367.00  0.00
367.00  0.00
370.00  0.00
370.00  0.00
370.00  0.00
370.00  0.00
367.00  0.00
367.00  0.00
368.00  0.00
368.00  0.00
367.00  0.00
367.00  0.00
367.00  0.00
367.00  0.00
367.00  0.00
367.00  0.00
367.00  0.00
367.00  0.00
368.00  0.00
368.00  0.00
367.00  0.00
367.00  0.00
367.00  0.00
367.00  0.00
367.00  0.00
371.00  0.00
371.00  0.00
371.00  0.00
381.00  0.00
388.00  0.00
392.00  0.00
392.00  0.00
388.00  0.00
385.00  0.00
378.00  0.00
374.00  0.00
377.00  0.00
384.00  0.00
388.00  0.00
385.00  0.00
381.00  0.00
374.00  0.00