263.00  0.00
273.00  0.00
273.00  0.00
270.00  0.00
270.00  0.00
272.00  0.00
270.00  0.00
268.00  0.00
272.00  0.00
270.00  0.00
265.00  0.00
269.00  0.00
272.00  0.00
268.00  0.00
267.00  0.00
270.00  0.00
272.00  0.00
270.00  0.00
270.00  0.00
273.00  0.00
273.00  0.00
273.00  0.00
273.00  0.00
271.00  0.00
271.00  0.00
273.00  0.00
273.00  0.00
273.00  0.00
277.00  0.00
275.00  0.00
273.00  0.00
275.00  0.00
272.00  0.00
270.00  0.00
273.00  0.00
272.00  0.00
270.00  0.00
273.00  0.00
270.00  0.00
266.00  0.00
272.00  0.00
270.00  0.00
267.00  0.00
272.00  0.00
272.00  0.00
268.00  0.00
272.00  0.00
272.00  0.00
270.00  0.00
273.00  0.00
272.00  0.00
270.00  0.00
276.00  0.00
274.00  0.00
270.00  0.00
273.00  0.00
272.00  0.00
270.00  0.00
273.00  0.21
270.00  0.00
265.00  0.00
267.00  0.00
270.00  0.00
270.00  0.00
263.00  0.00
261.00  0.00
263.00  0.00
265.00  0.00
268.00  0.00
267.00  0.00
263.00  0.00
261.00  0.00
261.00  0.00
263.00  0.00
268.00  0.00
270.00  0.00
265.00  0.00
261.00  0.00
263.00  0.00
268.00  0.00
271.00  0.00
271.00  0.00
266.00  0.00
261.00  0.00
263.00  0.00
267.00  0.00
268.00  0.00
268.00  0.00
265.00  0.00
263.00  0.00
264.00  0.00
266.00  0.00
272.00  0.00
273.00  0.00
268.00  0.00
265.00  0.00
267.00  0.00
268.00  0.00
270.00  0.00
271.00  0.00
268.00  0.00
264.00  0.00
264.00  0.00
268.00  0.00
273.00  0.00
273.00  0.00
268.00  0.00
265.00  0.00
267.00  0.00
270.00  0.00
271.00  0.00
268.00  0.00
264.00  0.00
266.00  0.00
268.00  0.00
270.00  0.00
271.00  0.00
266.00  0.00
263.00  0.00
264.00  0.00