282.00  0.00
302.00  0.00
299.00  0.00
299.00  0.00
299.00  0.00
299.00  0.00
299.00  0.00
299.00  0.00
299.00  0.00
297.00  0.00
295.00  0.00
295.00  0.00
295.00  0.00
294.00  0.00
292.00  0.00
289.00  0.00
289.00  0.00
292.00  0.00
294.00  0.00
292.00  0.00
292.00  0.00
293.00  0.00
291.00  0.00
290.00  0.00
292.00  0.00
295.00  0.00
295.00  0.00
292.00  0.00
292.00  0.00
293.00  0.00
291.00  0.00
291.00  0.00
148.00  0.00
145.00  0.00
294.00  0.00
294.00  0.00
295.00  0.00
295.00  0.00
294.00  0.00
294.00  0.00
294.00  0.00
295.00  0.00
295.00  0.00
295.00  0.00
295.00  0.00
297.00  0.00
296.00  0.00
294.00  0.00
294.00  0.00
294.00  0.00
292.00  0.00
294.00  0.00
297.00  0.00
297.00  0.00
297.00  0.00
297.00  0.00
299.00  0.00
299.00  0.00
299.00  0.00
301.00  0.00
301.00  0.00
301.00  0.09
301.00  0.00
301.00  0.00
301.00  0.00
301.00  0.00
303.00  0.00
303.00  0.00
301.00  0.00
301.00  0.00
301.00  0.00
301.00  0.00
303.00  0.00
303.00  0.00
303.00  0.00
303.00  0.00
301.00  0.00
299.00  0.00
299.00  0.00
301.00  0.00
301.00  0.00
301.00  0.00
301.00  0.00
301.00  0.00
301.00  0.00
299.00  0.00
299.00  0.00
301.00  0.00
301.00  0.00
299.00  0.00
299.00  0.00
299.00  0.00
297.00  0.00
297.00  0.00
299.00  0.00
299.00  0.00
299.00  0.00
299.00  0.00
297.00  0.00
297.00  0.00
299.00  0.00
299.00  0.00
299.00  0.00
299.00  0.00
299.00  0.00
299.00  0.00
299.00  0.00
301.00  0.00
301.00  0.00
299.00  0.00
297.00  0.00
297.00  0.00
299.00  0.00
299.00  0.00
297.00  0.00
299.00  0.00
301.00  0.00
301.00  0.00
301.00  0.00
299.00  0.00