117.00  0.00
135.00  0.00
135.00  0.00
137.00  0.00
137.00  0.00
134.00  0.00
133.00  0.00
134.00  0.00
134.00  0.00
135.00  0.00
135.00  0.00
132.00  0.00
132.00  0.00
134.00  0.00
134.00  0.00
135.00  0.00
135.00  0.00
133.00  0.00
133.00  0.00
135.00  0.00
136.00  0.00
138.00  0.00
139.00  0.00
137.00  0.00
135.00  0.00
136.00  0.00
136.00  0.00
137.00  0.00
136.00  0.00
133.00  0.00
133.00  0.00
134.00  0.00
134.00  0.00
135.00  0.00
136.00  0.00
134.00  0.00
135.00  0.00
137.00  0.00
137.00  0.00
137.00  0.00
137.00  0.00
134.00  0.00
133.00  0.00
134.00  0.00
135.00  0.00
136.00  0.00
136.00  0.00
133.00  0.00
133.00  0.00
135.00  0.00
134.00  0.00
135.00  0.00
136.00  0.00
133.00  0.00
133.00  0.00
135.00  0.00
137.00  0.00
138.00  0.00
138.00  0.00
136.00  0.00
134.00  0.00
135.00  0.00
134.00  0.00
134.00  0.00
134.00  0.00
131.00  0.00
131.00  0.00
134.00  0.00
134.00  0.00
135.00  0.00
135.00  0.00
132.00  0.00
132.00  0.00
134.00  0.00
135.00  0.00
136.00  0.00
136.00  0.00
134.00  0.00
134.00  0.00
136.00  0.00
137.00  0.00
139.00  0.00
140.00  0.00
137.00  0.00
137.00  0.00
138.00  0.00
138.00  0.00
139.00  0.00
139.00  0.00
135.00  0.00
133.00  0.00
134.00  0.00
135.00  0.00
136.00  0.00
136.00  0.00
133.00  0.00
133.00  0.00
135.00  0.00
136.00  0.00
137.00  0.00
137.00  0.00
134.00  0.00
133.00  0.00
135.00  0.00
136.00  0.00
138.00  0.00
138.00  0.00
134.00  0.00
133.00  0.00
134.00  0.00
134.00  0.00
135.00  0.00
136.00  0.00
134.00  0.00
134.00  0.00
135.00  0.00
136.00  0.00
138.00  0.00
139.00  0.00
136.00  0.00