311.00  0.00
322.00  0.00
322.00  0.00
325.00  0.00
318.00  0.00
320.00  0.01
327.00  0.00
322.00  0.00
322.00  0.00
327.00  0.00
322.00  0.00
320.00  0.00
325.00  0.00
320.00  0.00
320.00  0.00
325.00  0.00
319.00  0.00
322.00  0.00
325.00  0.00
320.00  0.00
322.00  0.00
327.00  0.00
322.00  0.00
320.00  0.00
322.00  0.00
317.00  0.00
319.00  0.00
324.00  0.00
319.00  0.00
319.00  0.00
320.00  0.00
315.00  0.00
317.00  0.00
320.00  0.00
315.00  0.00
315.00  0.00
320.00  0.00
317.00  0.00
317.00  0.00
320.00  0.00
315.00  0.00
317.00  0.00
322.00  0.00
317.00  0.00
317.00  0.00
320.00  0.00
315.00  0.00
317.00  0.00
322.00  0.00
317.00  0.00
317.00  0.00
322.00  0.00
320.00  0.00
320.00  0.00
322.00  0.00
320.00  0.00
320.00  0.00
322.00  0.00
320.00  0.00
322.00  0.00
327.00  0.00
322.00  0.00
322.00  0.00
325.00  0.00
317.00  0.00
317.00  0.00
322.00  0.00
317.00  0.00
317.00  0.00
320.00  0.00
315.00  0.00
317.00  0.00
322.00  0.00
320.00  0.00
320.00  0.00
322.00  0.00
320.00  0.00
322.00  0.00
325.00  0.00
320.00  0.00
322.00  0.00
325.00  0.00
320.00  0.00
322.00  0.00
325.00  0.00
317.00  0.00
317.00  0.00
324.00  0.00
319.00  0.00
317.00  0.00
322.00  0.00
317.00  0.00
320.00  0.00
325.00  0.00
320.00  0.00
322.00  0.00
327.00  0.00
320.00  0.00
320.00  0.00
327.00  0.00
322.00  0.00
320.00  0.00
322.00  0.00
320.00  0.00
322.00  0.00
327.00  0.00
322.00  0.00
322.00  0.00
327.00  0.00
322.00  0.00
322.00  0.00
327.00  0.00
322.00  0.00
322.00  0.00
327.00  0.00
322.00  0.00
322.00  0.00
325.00  0.00
320.00  0.00
324.00  0.00