399.00  0.00
399.00  0.00
392.00  0.00
388.00  0.00
400.00  0.00
407.00  0.00
403.00  0.00
399.00  0.00
392.00  0.00
392.00  0.00
399.00  0.00
403.00  0.00
403.00  0.00
399.00  0.00
391.00  0.00
388.00  0.00
396.00  0.00
403.00  0.00
403.00  0.00
396.00  0.00
385.00  0.00
385.00  0.00
396.00  0.00
407.00  0.00
403.00  0.00
392.00  0.00
384.00  0.00
384.00  0.00
392.00  0.00
399.00  0.00
399.00  0.00
392.00  0.00
384.00  0.00
384.00  0.00
392.00  0.00
399.00  0.00
399.00  0.00
392.00  0.00
384.00  0.00
381.00  0.00
385.00  0.00
392.00  0.00
395.00  0.00
388.00  0.00
378.00  0.00
378.00  0.00
385.00  0.00
391.00  0.00
391.00  0.00
384.00  0.00
377.00  0.00
378.00  0.00
388.00  0.00
392.00  0.00
388.00  0.00
384.00  0.00
374.00  0.00
367.00  0.00
370.00  0.00
374.00  0.00
371.00  0.00
378.00  0.00
388.00  0.00
391.00  0.00
391.00  0.00
384.00  0.00
377.00  0.00
374.00  0.00
381.00  0.00
388.00  0.00
388.00  0.00
385.00  0.00
378.00  0.00
375.00  0.00
381.00  0.00
392.00  0.00
392.00  0.00
385.00  0.00
378.00  0.00
374.00  0.00
381.00  0.00
392.00  0.00
392.00  0.00
385.00  0.00
378.00  0.00
378.00  0.00
388.00  0.00
395.00  0.00
391.00  0.00
385.00  0.00
381.00  0.00
381.00  0.00
384.00  0.00
391.00  0.00
392.00  0.00
385.00  0.00
375.00  0.00
371.00  0.00
381.00  0.00
391.00  0.00
395.00  0.00
388.00  0.00
378.00  0.00
374.00  0.00
381.00  0.00
388.00  0.00
388.00  0.00
385.00  0.00
378.00  0.00
378.00  0.00
388.00  0.00
395.00  0.00
392.00  0.00
388.00  0.00
384.00  0.00
381.00  0.00
388.00  0.00
395.00  0.00
392.00  0.00
388.00  0.00