263.00  0.00
230.00  0.00
209.00  0.00
211.00  0.00
229.00  0.00
264.00  0.00
267.00  0.00
230.00  0.00
209.00  0.00
210.00  0.00
228.00  0.00
254.00  0.00
257.00  0.00
230.00  0.00
207.00  0.00
208.00  0.00
244.00  0.00
281.00  0.00
267.00  0.00
229.00  0.00
207.00  0.00
209.00  0.00
225.00  0.00
248.00  0.00
252.00  0.00
230.00  0.00
225.00  0.00
246.00  0.00
228.00  0.00
225.00  0.00
248.00  0.00
230.00  0.00
241.00  0.00
262.00  0.00
229.00  0.00
208.00  0.00
244.00  0.00
281.00  0.00
264.00  0.00
229.00  0.00
225.00  0.00
245.00  0.00
228.00  0.00
243.00  0.00
264.00  0.00
229.00  0.00
224.00  0.00
245.00  0.00
230.00  0.00
209.00  0.00
225.00  0.00
249.00  0.00
254.00  0.00
231.00  0.00
226.00  0.00
247.00  0.00
230.00  0.00
208.00  0.00
225.00  0.00
261.00  0.00
261.00  0.00
223.00  0.00
208.00  0.00
210.00  0.00
225.00  0.00
261.00  0.00
266.00  0.00
227.00  0.00
207.00  0.00
208.00  0.00
246.00  0.00
283.00  0.00
266.00  0.00
231.00  0.00
225.00  0.00
246.00  0.00
230.00  0.00
242.00  0.00
262.00  0.00
226.00  0.00
203.00  0.00
228.00  0.00
251.00  0.00
226.00  0.00
206.00  0.00
209.00  0.00
227.00  0.00
262.00  0.00
269.00  0.00
232.00  0.00
209.00  0.00
211.00  0.00
228.00  0.00
263.00  0.00
305.00  0.00
268.00  0.00
208.00  0.00
209.00  0.00
245.00  0.00
269.00  0.00
254.00  0.00
228.00  0.00
207.00  0.00
209.00  0.00
245.00  0.00
267.00  0.00
254.00  0.00
229.00  0.00
207.00  0.00
209.00  0.00
226.00  0.00
262.00  0.00
265.00  0.00
227.00  0.00
207.00  0.00
208.00  0.00
224.00  0.00
259.00  0.00
238.00  0.00
201.00  0.00