766.00  0.00
951.00  0.00
766.00  0.00
766.00  0.00
718.00  0.00
480.00  0.00
474.00  0.00
512.00  0.00
550.00  0.00
529.00  0.00
536.00  0.00
598.00  0.00
792.00  0.00
952.00  0.00
766.00  0.00
788.00  0.00
975.00  0.00
975.00  0.00
974.00  0.00
973.00  0.00
973.00  0.00
774.00  0.00
794.00  0.00
971.00  0.00
951.00  0.00
952.00  0.00
973.00  0.00
972.00  0.00
974.00  0.00
995.00  0.00
995.00  0.00
996.00  0.00
974.00  0.00
952.00  0.00
952.00  0.00
766.00  0.00
787.00  0.00
973.00  0.00
849.00  0.00
611.00  0.00
480.00  0.00
517.00  0.00
550.00  0.00
557.00  0.00
556.00  0.00
557.00  0.00
557.00  0.00
550.00  0.00
549.00  0.00
550.00  0.00
550.00  0.10
550.00  0.00
550.00  0.00
550.00  0.00
557.00  0.00
564.00  0.00
557.00  0.00
550.00  0.00
557.00  0.00
556.00  0.00
557.00  0.00
557.00  0.00
556.00  0.00
564.00  0.00
563.00  0.00
563.00  0.00
563.00  0.00
564.00  0.00
564.00  0.00
557.00  0.00
556.00  0.00
564.00  0.00
564.00  0.00
557.00  0.00
557.00  0.00
557.00  0.00
557.00  0.00
557.00  0.00
550.00  0.00
557.00  0.00
564.00  0.00
564.00  0.00
563.00  0.00
563.00  0.00
563.00  0.00
556.00  0.00
550.00  0.00
557.00  0.00
564.00  0.00
564.00  0.00
564.00  0.00
558.00  0.00
551.00  0.00
557.00  0.00
556.00  0.00
557.00  0.00
558.00  0.00
551.00  0.00
550.00  0.00
557.00  0.00
557.00  0.00
550.00  0.00
550.00  0.00
557.00  0.00
562.00  0.00
562.00  0.00
557.00  0.00
550.00  0.00
556.00  0.00
556.00  0.00
549.00  0.00
556.00  0.00
536.00  0.00
537.00  0.00
590.00  0.00
783.00  0.00
718.00  0.00
517.00  0.00
523.00  0.00
531.00  0.00