322.00  0.00
289.00  0.00
332.00  0.00
326.00  0.00
286.00  0.00
268.00  0.00
264.00  0.00
292.00  0.00
335.00  0.00
328.00  0.00
287.00  0.00
266.00  0.00
263.00  0.00
288.00  0.00
322.00  0.00
317.00  0.00
288.00  0.00
268.00  0.00
263.00  0.00
288.00  0.00
330.00  0.00
349.00  0.00
311.00  0.00
266.00  0.00
261.00  0.00
286.00  0.00
332.00  0.00
345.00  0.00
303.00  0.00
262.00  0.00
259.00  0.00
286.00  0.00
330.00  0.00
325.00  0.00
287.00  0.00
266.00  0.00
263.00  0.00
288.00  0.00
332.00  0.00
327.00  0.00
287.00  0.00
266.00  0.00
263.00  0.00
332.00  0.00
363.00  0.00
314.00  0.00
288.00  0.00
268.00  0.00
263.00  0.00
291.00  0.00
324.00  0.00
344.00  0.00
317.00  0.00
271.00  0.00
267.00  0.00
334.00  0.00
379.00  0.00
330.00  0.00
287.00  0.00
266.00  0.00
263.00  0.00
333.00  0.00
379.00  0.00
328.00  0.00
286.00  0.00
268.00  0.00
263.00  0.00
291.00  0.00
338.00  0.00
330.00  0.00
287.00  0.00
265.00  0.00
260.00  0.00
287.00  0.00
330.00  0.00
325.00  0.00
285.00  0.00
263.00  0.00
260.00  0.00
330.00  0.00
373.00  0.00
346.00  0.00
306.00  0.00
263.00  0.00
260.00  0.00
284.00  0.00
327.00  0.00
322.00  0.00
284.00  0.00
265.00  0.00
262.00  0.00
288.00  0.00
332.00  0.00
328.00  0.00
287.00  0.00
266.00  0.00
263.00  0.00
333.00  0.00
377.00  0.00
328.00  0.00
288.00  0.00
268.00  0.00
264.00  0.00
334.00  0.00
380.00  0.00
333.00  0.00
292.00  0.00
271.00  0.00
267.00  0.00
293.00  0.07
324.00  0.00
317.00  0.00
288.00  0.00
268.00  0.00
264.00  0.00
338.00  0.00
381.00  0.00
355.00  0.00
316.00  0.00
268.00  0.00