359.00  0.00
349.00  0.00
346.00  0.21
399.00  0.00
399.00  0.00
399.00  0.00
399.00  0.00
399.00  0.00
399.00  0.00
399.00  0.00
399.00  0.00
342.00  0.00
342.00  0.00
393.00  0.00
393.00  0.00
342.00  0.00
340.00  0.00
337.00  0.00
339.00  0.00
393.00  0.00
391.00  0.00
391.00  0.00
393.00  0.00
393.00  0.00
393.00  0.00
346.00  0.00
344.00  0.00
391.00  0.00
393.00  0.00
394.00  0.00
394.00  0.00
394.00  0.00
394.00  0.00
399.00  0.00
399.00  0.00
393.00  0.00
393.00  0.00
399.00  0.00
399.00  0.00
400.00  0.00
397.00  0.00
397.00  0.00
397.00  0.00
391.00  0.00
393.00  0.00
399.00  0.00
399.00  0.00
346.00  0.00
348.00  0.00
401.00  0.00
401.00  0.00
401.00  0.00
399.00  0.00
343.00  0.00
343.00  0.00
346.00  0.00
346.00  0.00
343.00  0.00
342.00  0.00
343.00  0.00
345.00  0.00
345.00  0.00
343.00  0.00
346.00  0.00
346.00  0.00
342.00  0.00
342.00  0.00
342.00  0.00
342.00  0.00
393.00  0.00
391.00  0.00
340.00  0.00
342.00  0.00
473.00  0.00
471.00  0.00
340.00  0.00
342.00  0.00
394.00  0.00
394.00  0.00
342.00  0.00
342.00  0.00
342.00  0.00
340.00  0.00
397.00  0.00
399.00  0.00
339.00  0.00
339.00  0.00
339.00  0.00
337.00  0.00
340.00  0.00
342.00  0.00
399.00  0.00
399.00  0.00
342.00  0.00
340.00  0.00
391.00  0.00
393.00  0.00
342.00  0.00
340.00  0.00
391.00  0.00
393.00  0.00
394.00  0.00
394.00  0.00
473.00  0.00
474.00  0.00
399.00  0.00
399.00  0.00
342.00  0.00
343.00  0.00
400.00  0.00
399.00  0.00
394.00  0.00
394.00  0.00
339.00  0.00
339.00  0.00
342.00  0.00
342.00  0.00
393.00  0.00
393.00  0.00
349.00  0.00