142.00  0.00
114.00  0.00
102.00  0.00
94.00  0.00
95.00  0.00
114.00  0.00
125.00  0.00
117.00  0.00
107.00  0.00
97.00  0.00
96.00  0.00
112.00  0.00
124.00  0.00
118.00  0.00
107.00  0.00
98.00  0.00
98.00  0.00
116.00  0.04
125.00  0.00
116.00  0.00
106.00  0.00
97.00  0.00
97.00  0.00
113.00  0.00
124.00  0.00
116.00  0.00
104.00  0.00
95.00  0.00
96.00  0.00
112.00  0.00
123.00  0.00
116.00  0.00
105.00  0.00
96.00  0.00
97.00  0.00
114.00  0.00
125.00  0.00
118.00  0.00
107.00  0.00
97.00  0.00
96.00  0.00
113.00  0.00
124.00  0.00
116.00  0.00
105.00  0.00
97.00  0.00
97.00  0.00
113.00  0.00
123.00  0.00
116.00  0.00
105.00  0.00
97.00  0.00
97.00  0.00
115.00  0.00
127.00  0.00
118.00  0.00
106.00  0.00
96.00  0.00
96.00  0.00
112.00  0.00
123.00  0.00
115.00  0.00
105.00  0.00
96.00  0.00
96.00  0.00
114.00  0.00
124.00  0.00
116.00  0.00
105.00  0.00
95.00  0.00
95.00  0.00
112.00  0.00
123.00  0.00
116.00  0.00
105.00  0.00
95.00  0.00
95.00  0.00
113.00  0.00
123.00  0.00
114.00  0.00
104.00  0.00
94.00  0.00
94.00  0.00
110.00  0.00
121.00  0.00
115.00  0.00
104.00  0.00
95.00  0.00
94.00  0.00
111.00  0.00
123.00  0.00
115.00  0.00
103.00  0.00
94.00  0.00
95.00  0.00
112.00  0.00
123.00  0.00
114.00  0.00
102.00  0.00
93.00  0.00
93.00  0.00
109.00  0.00
120.00  0.00
113.00  0.00
102.00  0.00
93.00  0.00
94.00  0.00
111.00  0.04
123.00  0.00
115.00  0.00
105.00  0.00
95.00  0.00
94.00  0.00
110.00  0.00
120.00  0.00
113.00  0.00
103.00  0.00
95.00  0.00
95.00  0.00
111.00  0.00