374.00  0.00
419.00  0.00
491.00  0.00
435.00  0.00
342.00  0.00
351.00  0.00
371.00  0.00
419.00  0.00
427.00  0.00
368.00  0.00
337.00  0.00
345.00  0.00
368.00  0.00
419.00  0.00
571.00  0.00
512.00  0.00
337.00  0.00
345.00  0.00
372.00  0.00
423.00  0.00
570.00  0.00
514.00  0.00
340.00  0.00
345.00  0.00
369.00  0.00
416.00  0.00
419.00  0.00
364.00  0.00
337.00  0.00
345.00  0.00
368.00  0.00
458.00  0.00
424.00  0.00
337.00  0.00
345.00  0.00
372.00  0.00
423.00  0.00
571.00  0.00
512.00  0.00
340.00  0.00
348.00  0.00
372.00  0.00
423.00  0.00
571.00  0.00
515.00  0.00
342.00  0.00
348.00  0.00
368.00  0.00
420.00  0.00
572.00  0.00
512.00  0.00
340.00  0.00
348.00  0.00
368.00  0.00
419.00  0.00
427.00  0.00
368.00  0.00
340.00  0.00
348.00  0.00
368.00  0.00
420.00  0.00
484.00  0.00
425.00  0.00
337.00  0.00
343.00  0.00
366.00  0.00
420.00  0.00
427.00  0.00
368.00  0.00
340.00  0.00
348.00  0.00
369.00  0.00
420.00  0.00
560.00  0.00
501.00  0.00
340.00  0.00
348.00  0.00
372.00  0.00
419.00  0.00
423.00  0.00
370.00  0.00
343.00  0.00
348.00  0.00
372.00  0.00
423.00  0.00
571.00  0.00
515.00  0.00
343.00  0.00
348.00  0.00
368.00  0.00
420.00  0.00
484.00  0.00
425.00  0.00
337.00  0.00
345.00  0.00
372.00  0.00
423.00  0.00
571.00  0.00
512.00  0.00
340.00  0.00
348.00  0.00
372.00  0.00
423.00  0.00
490.00  0.00
431.00  0.00
337.00  0.00
345.00  0.00
372.00  0.00
423.00  0.00
483.00  0.00
427.00  0.00
343.00  0.00
348.00  0.00
369.00  0.00
420.00  0.00
423.00  0.00
367.00  0.00
342.00  0.00
348.00  0.00
372.00  0.00