409.00  0.00
354.00  0.00
354.00  0.00
354.00  0.00
354.00  0.00
354.00  0.00
354.00  0.00
351.00  0.00
348.00  0.00
351.00  0.00
354.00  0.00
354.00  0.00
353.00  0.00
351.00  0.00
351.00  0.00
354.00  0.00
354.00  0.00
354.00  0.00
354.00  0.00
353.00  0.00
354.00  0.00
354.00  0.00
353.00  0.00
353.00  0.00
353.00  0.00
354.00  0.00
357.00  0.00
356.00  0.00
353.00  0.00
354.00  0.00
354.00  0.00
354.00  0.00
354.00  0.00
351.00  0.00
351.00  0.00
351.00  0.12
351.00  0.00
351.00  0.00
351.00  0.00
351.00  0.00
351.00  0.00
354.00  0.00
354.00  0.00
354.00  0.00
354.00  0.00
354.00  0.00
354.00  0.00
354.00  0.00
354.00  0.00
353.00  0.00
353.00  0.00
354.00  0.00
357.00  0.00
357.00  0.00
354.00  0.00
354.00  0.00
357.00  0.00
356.00  0.00
354.00  0.00
354.00  0.00
357.00  0.00
357.00  0.00
354.00  0.00
357.00  0.00
360.00  0.00
357.00  0.00
354.00  0.00
354.00  0.00
354.00  0.00
354.00  0.00
354.00  0.00
354.00  0.00
354.00  0.00
354.00  0.00
351.00  0.00
351.00  0.00
353.00  0.00
354.00  0.00
354.00  0.00
354.00  0.00
354.00  0.00
357.00  0.00
357.00  0.00
354.00  0.00
354.00  0.00
354.00  0.00
354.00  0.00
354.00  0.00
354.00  0.00
356.00  0.00
357.00  0.00
354.00  0.00
354.00  0.00
354.00  0.00
353.00  0.00
353.00  0.00
354.00  0.00
354.00  0.00
354.00  0.00
354.00  0.00
356.00  0.00
359.00  0.00
356.00  0.06
354.00  0.00
354.00  0.00
357.00  0.00
357.00  0.00
357.00  0.00
360.00  0.00
357.00  0.00
357.00  0.00
359.00  0.00
356.00  0.00
353.00  0.00
356.00  0.00
360.00  0.00
357.00  0.00
357.00  0.00
359.00  0.00
356.00  0.00