838.00  0.00
622.00  0.00
622.00  0.00
631.00  0.00
622.00  0.00
829.00  0.00
829.00  0.00
613.00  0.00
829.00  0.00
830.00  0.00
613.00  0.00
622.00  0.00
632.00  0.00
623.00  0.00
830.00  0.00
848.00  0.00
632.00  0.00
829.00  0.00
847.00  0.00
631.00  0.00
830.00  0.00
839.00  0.00
623.00  0.00
832.00  0.00
840.00  0.00
631.00  0.00
864.00  0.00
864.00  0.00
631.00  0.00
838.00  0.00
838.00  0.00
623.00  0.00
830.00  0.00
849.00  0.00
633.00  0.00
857.00  0.00
866.00  0.00
622.00  0.00
857.00  0.00
866.00  0.00
631.00  0.00
838.00  0.00
848.00  0.00
641.00  0.00
839.00  0.00
849.00  0.00
641.00  0.00
840.00  0.00
840.00  0.00
631.00  0.00
837.00  0.00
847.00  0.00
641.00  0.00
839.00  0.00
849.00  0.00
641.00  0.00
839.00  0.00
839.00  0.00
631.00  0.00
839.00  0.00
839.00  0.00
632.00  0.00
867.00  0.00
867.00  0.00
632.00  0.00
839.00  0.00
839.00  0.00
631.00  0.00
839.00  0.00
848.00  0.00
641.00  0.00
839.00  0.00
839.00  0.00
631.00  0.00
733.00  0.00
733.00  0.00
631.00  0.04
864.00  0.00
865.00  0.00
632.00  0.00
839.00  0.00
849.00  0.00
632.00  0.00
854.00  0.00
864.00  0.00
632.00  0.00
839.00  0.00
849.00  0.00
641.00  0.00
866.00  0.00
876.00  0.00
641.00  0.00
837.00  0.00
847.00  0.00
641.00  0.00
839.00  0.00
839.00  0.00
632.00  0.00
866.00  0.00
866.00  0.00
631.00  0.00
837.00  0.00
838.00  0.00
632.00  0.00
641.00  0.00
642.00  0.00
632.00  0.00
837.00  0.00
838.00  0.00
623.00  0.00
857.00  0.00
876.00  0.00
641.00  0.00
839.00  0.00
849.00  0.00
641.00  0.00
866.00  0.00
876.00  0.00
641.00  0.00
864.00  0.00