523.00  0.00
501.00  0.00
509.00  0.00
509.00  0.00
502.00  0.00
502.00  0.00
502.00  0.00
503.00  0.00
502.00  0.00
502.00  0.00
509.00  0.00
510.00  0.00
502.00  0.00
502.00  0.00
502.00  0.00
502.00  0.00
509.00  0.00
509.00  0.00
502.00  0.00
502.00  0.00
501.00  0.00
502.00  0.00
503.00  0.00
508.00  0.00
514.00  0.00
514.00  0.00
515.00  0.00
509.00  0.00
509.00  0.00
514.00  0.00
507.00  0.00
507.00  0.00
507.00  0.00
507.00  0.00
506.00  0.00
502.00  0.00
502.00  0.00
507.00  0.00
507.00  0.00
502.00  0.00
502.00  0.00
501.00  0.00
502.00  0.00
502.00  0.00
502.00  0.00
501.00  0.00
502.00  0.00
502.00  0.00
502.00  0.00
506.00  0.00
505.00  0.00
501.00  0.00
501.00  0.00
502.00  0.00
509.00  0.00
509.00  0.00
502.00  0.00
502.00  0.00
501.00  0.00
501.00  0.00
502.00  0.00
502.00  0.00
502.00  0.00
502.00  0.00
502.00  0.00
502.00  0.00
502.00  0.00
501.00  0.00
501.00  0.00
501.00  0.00
501.00  0.00
501.00  0.00
501.00  0.00
501.00  0.00
495.00  0.00
495.00  0.00
502.00  0.00
502.00  0.00
502.00  0.00
502.00  0.00
502.00  0.00
501.00  0.00
501.00  0.00
502.00  0.00
489.00  0.00
484.00  0.00
497.00  0.00
502.00  0.00
501.00  0.00
501.00  0.00
502.00  0.00
502.00  0.00
495.00  0.00
495.00  0.00
503.00  0.00
503.00  0.00
502.00  0.00
497.00  0.00
490.00  0.00
494.00  0.00
501.00  0.00
502.00  0.00
482.00  0.00
482.00  0.00
501.00  0.00
497.00  0.00
497.00  0.00
501.00  0.00
509.00  0.00
509.00  0.00
502.00  0.00
501.00  0.00
502.00  0.00
502.00  0.00
488.00  0.00
489.00  0.00
502.00  0.00
502.00  0.00
502.00  0.00
507.00  0.00