649.00  0.00
605.00  0.00
605.00  0.00
598.00  0.00
598.00  0.00
605.00  0.00
596.00  0.00
596.00  0.00
605.00  0.00
605.00  0.00
605.00  0.00
598.00  0.00
598.00  0.00
605.00  0.00
605.00  0.00
605.00  0.00
605.00  0.00
605.00  0.00
605.00  0.00
613.00  0.00
613.00  0.00
605.00  0.00
605.00  0.00
605.00  0.00
605.00  0.00
606.00  0.00
606.00  0.00
605.00  0.00
615.00  0.00
615.00  0.00
605.00  0.00
613.00  0.01
613.00  0.00
606.00  0.00
607.00  0.00
606.00  0.00
605.00  0.00
606.00  0.00
616.00  0.00
615.00  0.00
605.00  0.00
605.00  0.00
605.00  0.00
605.00  0.00
605.00  0.00
606.00  0.00
606.00  0.00
606.00  0.00
606.00  0.00
613.00  0.00
623.00  0.00
623.00  0.00
623.00  0.00
623.00  0.00
614.00  0.00
607.00  0.00
616.00  0.00
623.00  0.01
614.00  0.00
614.00  0.00
613.00  0.00
605.00  0.00
616.00  0.00
623.00  0.00
613.00  0.00
605.00  0.00
616.00  0.00
616.00  0.00
616.00  0.00
616.00  0.00
605.00  0.00
605.00  0.00
616.00  0.00
616.00  0.00
606.00  0.00
606.00  0.00
606.00  0.00
606.00  0.00
606.00  0.00
613.00  0.00
613.00  0.00
606.00  0.00
606.00  0.00
606.00  0.00
606.00  0.00
605.00  0.00
606.00  0.00
607.00  0.00
616.00  0.00
616.00  0.00
606.00  0.00
606.00  0.00
616.00  0.00
616.00  0.00
616.00  0.00
616.00  0.00
606.00  0.00
606.00  0.00
616.00  0.00
616.00  0.00
616.00  0.00
616.00  0.00
605.00  0.00
606.00  0.00
606.00  0.00
613.00  0.00
613.00  0.00
606.00  0.00
606.00  0.00
605.00  0.00
616.00  0.00
616.00  0.00
606.00  0.00
605.00  0.00
605.00  0.00
598.00  0.00
598.00  0.00
605.00  0.00
606.00  0.00
606.00  0.00