537.00  0.00
497.00  0.00
518.00  0.00
582.00  0.00
764.00  0.00
688.00  0.00
487.00  0.00
503.00  0.00
523.00  0.00
573.00  0.00
755.00  0.00
688.00  0.00
499.00  0.00
510.00  0.00
517.00  0.00
573.00  0.00
774.00  0.00
707.00  0.00
486.00  0.00
497.00  0.00
518.00  0.00
582.00  0.00
782.00  0.00
707.00  0.00
493.00  0.00
505.00  0.00
518.00  0.00
582.00  0.00
783.00  0.00
707.00  0.00
500.00  0.00
511.00  0.00
518.00  0.00
582.00  0.00
784.00  0.00
709.00  0.00
499.00  0.00
510.00  0.00
517.00  0.00
582.00  0.00
783.00  0.00
707.00  0.00
499.00  0.00
510.00  0.00
518.00  0.00
582.00  0.00
784.00  0.00
709.00  0.00
487.00  0.00
503.00  0.00
523.00  0.00
574.00  0.00
774.00  0.00
706.00  0.00
499.00  0.00
510.00  0.00
518.00  0.00
574.00  0.00
581.00  0.00
514.00  0.00
499.00  0.00
510.00  0.00
517.00  0.00
573.00  0.00
774.00  0.00
707.00  0.00
486.00  0.00
497.00  0.00
517.00  0.00
573.00  0.00
774.00  0.00
707.00  0.00
480.00  0.00
491.00  0.00
517.00  0.00
582.00  0.00
763.00  0.00
688.00  0.00
500.00  0.00
510.00  0.00
517.00  0.00
582.00  0.00
783.00  0.00
707.00  0.00
480.00  0.00
491.00  0.00
525.00  0.00
590.00  0.00
763.00  0.00
688.00  0.00
494.00  0.00
505.00  0.00
525.00  0.00
581.00  0.00
755.00  0.00
688.00  0.00
486.00  0.00
497.00  0.00
518.00  0.00
574.00  0.00
774.00  0.00
737.00  0.00
529.00  0.00
723.00  0.00
704.00  0.00
517.00  0.00
543.00  0.00
524.00  0.00
517.00  0.00
724.00  0.00
705.00  0.00
516.00  0.00
723.00  0.00
703.00  0.00
523.00  0.00
624.00  0.00
598.00  0.00
523.00  0.00
624.00  0.00
598.00  0.00