       4.44           
       4.47           
       4.46           
       4.46           
       4.49           
       4.50           
       4.41           
       4.40           
       4.41           
       4.35           
       4.23           
       4.23           
       4.37           
       4.35           
       4.39           
       4.37           
       4.35           
       4.34           
       4.35           
       4.44           
       4.39           
       4.45           
       4.45           
       4.44           
       4.37           
       4.35           
       4.46           
       4.45           
       4.41           
       4.43           
       4.44           
       4.46           
       4.40           
       4.37           
       4.37           
       4.37           
       4.37           
       4.42           
       4.46           
       4.48           
       4.50           
       4.49           
       4.54           
       4.39           
       4.39           
       4.42           
       4.42           
       4.37           
       4.36           
       4.48           
       4.33           
       4.37           
       4.40           
       4.42           
       4.37           
       4.49           
       4.47           
       4.41           
       4.45           
       4.45           
       4.45           
       4.40           
       4.44           
       4.45           
       4.48           
       4.44           
       4.50           
       4.48           
       4.43           
       4.36           
       4.34           
       4.42           
       4.46           
       4.43           
       4.47           
       4.42           
       4.34           
       4.29           
       4.27           
       4.38           
       4.27           
       4.53           
       4.48           
       4.43           
       4.56           
       4.51           
       4.46           
       4.38           
       4.42           
       4.44           
       4.40           
       4.46           
       4.38           
       4.37           
       4.33           
       4.27           
       4.37           
       4.38           
       4.35           
       4.46           
       4.46           
       4.43           
       4.38           
       4.35           
       4.51           
       4.37           
       4.45           
       4.45           
       4.43           
       4.42           
       4.16           
       4.22           
       4.35           
       4.38           
       4.26           
       4.43           
       4.31           
       4.40           
       4.38           
       4.43           
       4.43           
       4.49           
       4.50           
       4.46           
       4.43           
       4.42           
       4.42           
       4.45           
       4.54           
       4.46           
       4.43           
       4.39           
       4.50           
       4.54           
       4.46           
       4.49           
       4.47           
       4.45           
       4.43           
       4.42           
       4.41           
       4.45           
       4.36           
       4.46           
       4.28           
       4.22           
       4.25           
       4.29           
       4.12           
       4.44           
       4.38           
       4.45           
       4.45           
       4.38           
       4.34           
       4.44           
       4.63           
       4.61           
       4.47           
       4.20           
       4.29           
       4.15           
       4.39           
       4.45           
       4.48           
       4.43           
       4.36           
       4.42           
       4.45           
       4.49           
       4.47           
       4.43           
       4.41           
       4.43           
       4.37           
       4.47           
       4.44           
       4.49           
       4.38           
       4.40           
       4.44           
       4.44           
       4.32           
       4.33           
       4.28           
       4.33           
       4.33           
       4.34           
       4.14           
       4.24           
       4.32           
       4.50           
       4.14           
       4.31           
       4.12           
       4.33           
       4.11           
       4.33           
       4.62           
       4.53           
       4.41           
       4.46           
       4.43           
       4.43           
       4.36           
       4.23           
       4.16           
       4.26           
       4.28           
       4.42           
       4.32           
       4.39           
       4.37           
       4.51           
       4.47           
       4.32           
       4.49           
       4.47           
       4.38           
       4.41           
       4.46           
       4.43           
       4.44           
       4.40           
       4.49           
       4.52           
       4.43           
       4.47           
       4.45           
       4.48           
       4.59           
       4.50           
       4.34           
       4.36           
       4.52           
       4.35           
       4.44           
       4.44           
       4.44           
       4.44           
       4.50           
       4.48           
       4.46           
       4.36           
       4.39           
       4.47           
       4.44           
       4.46           
       4.49           
       4.44           
       4.44           
       4.52           
       4.47           
       4.45           
       4.45           
       4.63           
       4.53           
       4.40           
       4.53           
       4.39           
       4.49           
       4.56           
       4.54           
       4.51           
       4.42           
       4.53           
       4.43           
       4.52           
       4.52           
       4.49           
       4.54           
       4.56           
       4.51           
       4.44           
       4.50           
       4.61           
       4.53           
       4.52           
       4.47           
       4.44           
       4.48           
       4.57           
       4.47           
       4.45           
       4.48           
       4.38           
       4.33           
       4.44           
       4.39           
       4.46           
       4.48           
       4.43           
       4.37           
       4.04           
       4.42           
       4.44           
       4.52           
       4.47           
       4.43           
       4.42           
       4.46           
       4.41           
       4.51           
       4.42           
       4.41           
       4.52           
       4.52           
       4.45           
       4.42           
       4.50           
       4.46           
       4.53           
       4.52           
       4.47           
       4.45           
       4.46           
       4.44           
       4.50           
       4.47           
       4.49           
       4.41           
       4.36           
       4.42           
       4.59           
       4.40           
       4.37           
       4.47           
       4.52           
       4.47           
       4.46           
       4.43           
       4.43           
       4.22           
       4.36           
       4.49           
       4.48           
       4.41           
       4.48           
       4.43           
       4.43           
       4.47           
       4.51           
       4.57           
       4.49           
       4.48           
       4.50           
       4.44           
       4.42           
       4.34           
       4.46           
       4.45           
       4.47           
       4.48           
       4.49           
       4.49           
       4.46           
       4.43           
       4.53           
       4.52           
       4.51           
       4.48           
       4.47           
       4.49           
       4.52           
       4.51           
       4.53           
       4.51           
       4.46           
       4.52           
       4.54           
       4.44           
       4.57           
       4.56           
       4.56           
       4.50           
       4.37           
       4.34           
       4.43           
       4.53           
       4.48           
       4.50           
       4.42           
       4.52           
       4.50           
       4.50           
       4.42           
       4.48           
       4.52           
       4.45           
       4.40           
       4.35           
       4.43           
       4.36           
       4.41           
       4.35           
       4.37           
       4.50           
       4.48           
       4.54           
       4.34           
       4.40           
       4.55           
       4.45           
       4.40           
       4.52           
       4.42           
       4.44           
       4.45           
       4.47           
       4.43           
       4.50           
       4.52           
       4.53           
       4.52           
       4.57           
       4.44           
       4.49           
       4.48           
       4.49           
       4.52           
       4.47           
       4.42           
       4.48           
       4.49           
       4.43           
       4.40           
       4.45           
       4.41           
       4.25           
       4.31           
       4.41           
       4.39           
       4.42           
       4.44           
       4.39           
       4.43           
       4.40           
       4.52           
       4.54           
       4.52           
       4.49           
       4.56           
       4.30           
       4.27           
       4.50           
       4.41           
       4.56           
       4.43           
       4.43           
       4.43           
       4.49           
       4.40           
       4.49           
       4.57           
       4.56           
       4.47           
       4.47           
       4.46           
       4.40           
       4.49           
       4.41           
       4.31           
       4.34           
       4.48           
       4.53           
       4.36           
       4.26           
       4.21           
       4.32           
       4.42           
       4.46           
       4.48           
       4.48           
       4.53           
       4.52           
       4.50           
       4.48           
       4.49           
       4.44           
       4.33           
       4.38           
       4.35           
       4.52           
       4.56           
       4.49           
       4.47           
       4.51           
       4.44           
       4.33           
       4.26           
       4.36           
       4.45           
       4.47           
       4.51           
       4.48           
       4.51           
       4.47           
       4.49           
       4.45           
       4.46           
       4.48           
       4.46           
       4.53           
       4.51           
       4.46           
       4.47           
       4.39           
       4.47           
       4.39           
       4.44           
       4.57           
       4.50           
       4.39           
       4.43           
       4.42           
       4.34           
       4.40           
       4.43           
       4.39           
       4.31           
       4.34           
       4.48           
       4.43           
       4.41           
       4.39           
       4.41           
       4.34           
       4.48           
       4.54           
       4.64           
       4.59           
       4.54           
       4.41           
       4.41           
       4.39           
       4.48           
       4.42           
       4.37           
       4.50           
       4.34           
       4.35           
       4.53           
       4.50           
       4.47           
       4.46           
       4.43           
       4.42           
       4.51           
       4.57           
       4.46           
       4.52           
       4.54           
       4.60           
       4.52           
       4.51           
       4.45           
       4.48           
       4.48           
       4.50           
       4.50           
       4.54           
       4.46           
       4.48           
       4.54           
       4.52           
       4.45           
       4.49           
       4.43           
       4.44           
       4.70           
       4.80           
       4.53           
       4.45           
       4.36           
       4.46           
       4.49           
       4.47           
       4.46           
       4.42           
       4.48           
       4.48           
       4.57           
       4.51           
       4.41           
       4.22           
       4.46           
       4.38           
       4.30           
       4.37           
       4.40           
       4.43           
       4.40           
       4.50           
       4.44           
       4.51           
       4.44           
       4.47           
       4.45           
       4.34           
       4.34           
       4.48           
       4.33           
       4.16           
       4.16           
       4.61           
       4.57           
       4.47           
       4.44           
       4.52           
       4.48           
       4.52           
       4.53           
       4.62           
       4.47           
       4.50           
       4.47           
       4.31           
       4.33           
       4.34           
       4.39           
       4.39           
       4.44           
       4.58           
       4.55           
       4.50           
       4.44           
       4.41           
       4.45           
       4.35           
       4.45           
       4.34           
       4.36           
       4.44           
       4.38           
       4.54           
       4.52           
       4.58           
       4.53           
       4.47           
       4.45           
       4.35           
       4.30           
       4.29           
       4.36           
       4.47           
       4.43           
       4.50           
       4.46           
       4.50           
       4.53           
       4.06           
       4.38           
       4.58           
       4.50           
       4.50           
       4.48           
       4.45           
       4.50           
       4.55           
       4.52           
       4.45           
       4.62           
       4.58           
       4.40           
       4.44           
       4.31           
       4.47           
       4.42           
       4.49           
       4.48           
       4.47           
       4.49           
       4.39           
       4.27           
       4.45           
       4.39           
       4.42           
       4.39           
       4.43           
       4.47           
       4.45           
       4.44           
       4.51           
       4.54           
       4.48           
       4.58           
       4.44           
       4.47           
       4.58           
       4.49           
       4.47           
       4.46           
       4.46           
       4.47           
       4.42           
       4.52           
       4.32           
       4.58           
       4.47           
       4.56           
       4.52           
       4.48           
       4.59           
       4.61           
       4.48           
       4.52           
       4.53           
       4.35           
       4.21           
       4.44           
       4.53           
       4.50           
       4.44           
       4.54           
       4.54           
       4.54           
       4.54           
       4.49           
       4.35           
       4.57           
       4.53           
       4.40           
       3.91           
       4.13           
       4.25           
       4.70           
       4.63           
       4.49           
       4.48           
       4.33           
       4.21           
       4.45           
       4.56           
       4.41           
       4.57           
       4.52           
       4.47           
       4.54           
       4.43           
       4.50           
       4.47           
       4.44           
       4.49           
       4.31           
       4.16           
       4.48           
       4.54           
       4.55           
       4.53           
       4.47           
       4.49           
       4.53           
       4.48           
       4.48           
       4.54           
       4.53           
       4.48           
       4.56           
       4.59           
       4.58           
       4.63           
       4.51           
       4.47           
       4.30           
       4.05           
       4.43           
       4.62           
       4.49           
       4.28           
       4.46           
       4.30           
       4.43           
       4.43           
       4.36           
       4.42           
       4.48           
       4.52           
       4.49           
       4.48           
       4.48           
       4.48           
       4.55           
       4.48           
       4.48           
       4.40           
       4.34           
       4.57           
       4.57           
       4.53           
       4.42           
       4.37           
       4.58           
       4.56           
       4.56           
       4.53           
       4.51           
       4.53           
       4.40           
       4.42           
       4.50           
       4.50           
       4.53           
       4.38           
       4.25           
       4.40           
       4.40           
       4.34           
       4.22           
       4.35           
       4.45           
       4.52           
       4.58           
       4.65           
       4.60           
       4.63           
       4.40           
       4.37           
       4.48           
       4.59           
       4.54           
       4.64           
       4.62           
       4.55           
       4.39           
       4.38           
       4.46           
       4.39           
       4.31           
       4.35           
       4.53           
       4.53           
       4.39           
       4.52           
       4.46           
       4.37           
       4.43           
       4.31           
       4.39           
       4.32           
       4.40           
       4.47           
       4.42           
       4.46           
       4.44           
       4.43           
       4.39           
       4.29           
       4.56           
       4.62           
       4.74           
       4.80           
       4.74           
       4.61           
       4.12           
       4.44           
       4.37           
       4.41           
       4.44           
       4.46           
       4.58           
       4.59           
       4.59           
       4.51           
       4.55           
       4.53           
       4.47           
       4.48           
       4.51           
       4.54           
       4.54           
       4.65           
       4.59           
       4.57           
       4.56           
       4.31           
       4.36           
       4.68           
       4.75           
       4.65           
       4.78           
       4.65           
       4.53           
       4.53           
       4.57           
       4.43           
       4.49           
       4.48           
       4.49           
       4.42           
       4.59           
       4.51           
       4.42           
       4.43           
       4.45           
       4.60           
       4.65           
       4.50           
       4.39           
       4.58           
       4.48           
       4.30           
       4.31           
       3.95           
       4.41           
       4.38           
       4.36           
       4.43           
       4.48           
       4.51           
       4.48           
       4.42           
       4.46           
       4.54           
       4.56           
       4.52           
       4.56           
       4.60           
       4.50           
       4.46           
       4.50           
       4.50           
       4.46           
       4.49           
       4.52           
       4.56           
       4.63           
       4.69           
       4.63           
       4.51           
       4.52           
       4.57           
       4.51           
       4.51           
       4.51           
       4.48           
       4.50           
       4.43           
       4.45           
       4.62           
       4.66           
       4.65           
       4.50           
       4.46           
       4.26           
       4.45           
       4.43           
       4.36           
       4.58           
       4.62           
       4.47           
       4.51           
       4.49           
       4.45           
       4.42           
       4.40           
       4.48           
       4.50           
       4.54           
       4.52           
       4.50           
       4.55           
       4.50           
       4.45           
       4.60           
       4.59           
       4.55           
       4.54           
       4.50           
       4.49           
       4.48           
       4.54           
       4.48           
       4.52           
       4.45           
       4.53           
       4.51           
       4.56           
       4.58           
       4.57           
       4.53           
       4.52           
       4.46           
       4.44           
       4.43           
       4.42           
       4.55           
       4.49           
       4.40           
       4.52           
       4.46           
       4.51           
       4.52           
       4.45           
       4.53           
       4.50           
       4.40           
       4.49           
       4.55           
       4.42           
       4.47           
       4.44           
       4.20           
       4.31           
       4.51           
       4.53           
       4.38           
       4.42           
       4.51           
       4.56           
       4.48           
       4.46           
       4.51           
       4.52           
       4.52           
       4.54           
       4.46           
       4.52           
       4.47           
       4.46           
       4.51           
       4.46           
       4.45           
       4.49           
       4.50           
       4.46           
       4.58           
       4.62           
       4.56           
       4.51           
       4.41           
       4.32           
       4.44           
       4.49           
       4.45           
       4.51           
       4.55           
       4.45           
       4.48           
       4.49           
       4.56           
       4.33           
       4.50           
       4.42           
       4.42           
       4.41           
       4.43           
       4.41           
       4.62           
       4.52           
       4.60           
       4.57           
       4.45           
       4.53           
       4.49           
       4.56           
       4.51           
       4.61           
       4.55           
       4.53           
       4.50           
       4.48           
       4.54           
       4.51           
       4.64           
       4.60           
       4.55           
       4.50           
       4.53           
       4.54           
       4.52           
       4.52           
       4.56           
       4.58           
       4.52           
       4.58           
       4.58           
       4.46           
       4.40           
       4.52           
       4.50           
       4.49           
       4.50           
       4.45           
       4.44           
       4.54           
       4.35           
       4.18           
       4.23           
       4.47           
       4.44           
       4.42           
       4.35           
       4.36           
       4.40           
       4.43           
       4.39           
       4.55           
       4.38           
       4.53           
       4.67           
       4.40           
       4.38           
       4.38           
       4.37           
       4.44           
       4.45           
       4.49           
       4.53           
       4.47           
       4.45           
       4.48           
       4.56           
       4.55           
       4.50           
       4.47           
       4.48           
       4.34           
       4.47           
       4.42           
       4.49           
       4.43           
       4.53           
       4.54           
       4.48           
       4.55           
       4.58           
       4.53           
       4.50           
       4.55           
       4.50           
       4.55           
       4.45           
       4.53           
       4.46           
       4.47           
       4.47           
       4.45           
       4.37           
       4.30           
       4.35           
       4.36           
       4.51           
       4.51           
       4.46           
       4.55           
       4.53           
       4.58           
       4.52           
       4.48           
       4.53           
       4.54           
       4.51           
       4.46           
       4.47           
       4.52           
       4.54           
       4.47           
       4.56           
       4.53           
       4.61           
       4.58           
       4.55           
       4.47           
       4.51           
       4.46           
       4.64           
       4.54           
       4.45           
       4.53           
       4.60           
       4.54           
       4.53           
       4.36           
       4.40           
       4.54           
       4.58           
       4.55           
       4.49           
       4.27           
       4.32           
       4.48           
       4.53           
       4.50           
       4.53           
       4.49           
       4.57           
       4.44           
       4.37           
       4.42           
       4.45           
       4.47           
       4.50           
       4.45           
       4.44           
       4.49           
       4.32           
       4.40           
       4.65           
       4.42           
       4.15           
       4.31           
       4.41           
       4.51           
       4.27           
       4.35           
       4.48           
       4.38           
       4.54           
       4.49           
       4.46           
       4.48           
       4.49           
       4.59           
       4.49           
       4.48           
       4.46           
       4.47           
       4.46           
       4.52           
       4.57           
       4.55           
       4.51           
       4.44           
       4.45           
       4.48           
       4.38           
       4.47           
       4.48           
       4.46           
       4.59           
       4.46           
       4.58           
       4.57           
       4.48           
       4.46           
       4.48           
       4.49           
       4.58           
       4.55           
       4.42           
       4.52           
       4.46           
       4.48           
       4.61           
       4.53           
       4.57           
       4.48           
       4.54           
       4.47           
       4.45           
       4.40           
       4.55           
       4.56           
       4.62           
       4.53           
       4.55           
       4.49           
       4.36           
       4.49           
       4.58           
       4.58           
       4.58           
       4.57           
       4.55           
       4.30           
       4.34           
       4.52           
       4.50           
       4.51           
       4.44           
       4.43           
       4.43           
       4.47           
       4.48           
       4.49           
       4.33           
       4.37           
       4.35           
       4.53           
       4.36           
       4.39           
       4.50           
       4.59           
       4.58           
       4.62           
       4.51           
       4.55           
       4.53           
       4.53           
       4.39           
       4.49           
       4.55           
       4.58           
       4.45           
       4.42           
       4.43           
       4.49           
       4.45           
       4.43           
       4.43           
       4.41           
       4.51           
       4.51           
       4.56           
       4.64           
       4.64           
       4.62           
       4.51           
       4.52           
       4.55           
       4.56           
       4.50           
       4.51           
       4.54           
       4.48           
       4.49           
       4.48           
       4.41           
       4.47           
       4.44           
       4.30           
       4.40           
       4.49           
       4.42           
       4.46           
       4.55           
       4.56           
       4.52           
       4.54           
       4.52           
       4.45           
       4.41           
       4.35           
       4.51           
       4.44           
       4.37           
       4.52           
       4.58           
       4.35           
       4.57           
       4.29           
       4.14           
       4.23           
       4.45           
       4.31           
       4.37           
       4.33           
       4.50           
       4.56           
       4.46           
       4.42           
       4.23           
       4.44           
       4.62           
       4.66           
       4.52           
       4.47           
       4.45           
       4.34           
       4.47           
       4.44           
       4.47           
       4.43           
       4.55           
       4.54           
       4.57           
       4.50           
       4.45           
       4.42           
       4.33           
       4.38           
       4.46           
       4.44           
       4.49           
       4.49           
       4.60           
       4.53           
       4.50           
       4.51           
       4.62           
       4.45           
       4.43           
       4.49           
       4.39           
       4.35           
       4.48           
       4.53           
       4.48           
       4.47           
       4.53           
       4.54           
       4.66           
       4.52           
       4.50           
       4.51           
       4.45           
       4.43           
       4.57           
       4.36           
       4.42           
       4.38           
       4.30           
       4.23           
       4.32           
       4.38           
       4.61           
       4.35           
       4.35           
       4.48           
       4.50           
       4.43           
       4.49           
       4.48           
       4.43           
       4.20           
       4.43           
       4.44           
       4.47           
       4.50           
       4.47           
       4.49           
       4.59           
       4.54           
       4.53           
       4.50           
       4.54           
       4.35           
       4.39           
       4.43           
       4.52           
       4.52           
       4.61           
       4.46           
       4.34           
       4.48           
       4.44           
       4.57           
       4.67           
       4.70           
       4.39           
       4.41           
       4.23           
       4.40           
       4.28           
       4.32           
       4.33           
       4.51           
       4.32           
       4.33           
       4.39           
       4.53           
       4.49           
       4.55           
       4.57           
       4.52           
       4.63           
       4.56           
       4.57           
       4.65           
       4.64           
       4.59           
       4.56           
       4.61           
       4.60           
       4.61           
       4.50           
       4.48           
       4.56           
       4.50           
       4.50           
       4.58           
       4.35           
       4.39           
       4.33           
       4.49           
       4.76           
       4.66           
       4.48           
       4.52           
       4.46           
       4.51           
       4.59           
       4.60           
       4.57           
       4.50           
       4.51           
       4.54           
       4.53           
       4.51           
       4.44           
       4.53           
       4.36           
       4.30           
       4.30           
       4.60           
       4.53           
       4.40           
       4.41           
       4.36           
       4.59           
       4.56           
       4.53           
       4.58           
       4.56           
       4.40           
       4.50           
       4.46           
       4.44           
       4.49           
       4.49           
       4.44           
       4.48           
       4.50           
       4.48           
       4.51           
       4.57           
       4.55           
       4.62           
       4.64           
       4.47           
       4.37           
       4.55           
       4.68           
       4.55           
       4.54           
       4.58           
       4.53           
       4.58           
       4.47           
       4.55           
       4.47           
       4.41           
       4.47           
       4.60           
       4.46           
       4.49           
       4.55           
       4.48           
       4.58           
       4.55           
       4.55           
