453.00  0.00
399.00  0.00
396.00  0.00
392.00  0.00
396.00  0.00
396.00  0.00
392.00  0.00
392.00  0.00
392.00  0.00
392.00  0.00
392.00  0.00
392.00  0.00
392.00  0.00
392.00  0.00
392.00  0.00
396.00  0.00
399.00  0.00
396.00  0.00
396.00  0.00
396.00  0.00
396.00  0.00
399.00  0.00
399.00  0.00
382.00  0.00
413.00  0.00
473.00  0.00
464.00  0.00
414.00  0.00
393.00  0.00
386.00  0.00
559.00  0.00
615.00  0.00
464.00  0.00
418.00  0.00
396.00  0.00
386.00  0.00
417.00  0.00
473.00  0.00
468.00  0.00
421.00  0.00
399.00  0.00
393.00  0.00
420.00  0.00
473.00  0.00
468.00  0.00
422.00  0.00
400.00  0.00
393.00  0.00
416.00  0.00
469.00  0.00
464.00  0.00
418.00  0.00
396.00  0.00
386.00  0.00
412.00  0.00
457.00  0.00
452.00  0.00
417.00  0.00
396.00  0.00
386.00  0.00
412.00  0.00
464.00  0.00
458.00  0.00
414.00  0.00
392.00  0.00
382.00  0.00
569.00  0.00
629.00  0.00
464.00  0.00
414.00  0.00
393.00  0.00
389.00  0.00
415.00  0.00
474.00  0.00
469.00  0.00
417.00  0.00
400.00  0.00
389.00  0.00
417.00  0.00
474.00  0.00
468.00  0.00
422.00  0.00
400.00  0.00
393.00  0.00
416.00  0.00
475.00  0.00
474.00  0.00
422.00  0.00
400.00  0.00
390.00  0.00
412.00  0.00
468.00  0.00
468.00  0.00
422.00  0.00
400.00  0.00
392.00  0.00
574.00  0.00
633.00  0.00
474.00  0.00
422.00  0.00
400.00  0.00
393.00  0.00
575.00  0.00
633.00  0.00
474.00  0.00
422.00  0.00
400.00  0.00
396.00  0.00
423.00  0.00
474.00  0.00
469.00  0.00
423.00  0.00
401.00  0.00
393.00  0.00
416.00  0.00
463.00  0.00
468.00  0.00
431.00  0.00
404.00  0.00
393.00  0.00