261.00  0.00
215.00  0.00
190.00  0.00
223.00  0.00
221.00  0.00
189.00  0.00
221.00  0.00
219.00  0.00
188.00  0.00
220.00  0.00
219.00  0.00
188.00  0.00
217.00  0.01
217.00  0.00
188.00  0.00
218.00  0.00
217.00  0.00
188.00  0.00
213.00  0.00
213.00  0.00
190.00  0.00
221.00  0.00
220.00  0.00
190.00  0.00
221.00  0.00
220.00  0.00
191.00  0.00
224.00  0.00
222.00  0.00
190.00  0.00
221.00  0.00
220.00  0.00
191.00  0.00
222.00  0.00
220.00  0.00
190.00  0.00
221.00  0.00
219.00  0.00
189.00  0.00
221.00  0.00
220.00  0.00
190.00  0.00
221.00  0.00
220.00  0.00
191.00  0.00
222.00  0.00
220.00  0.00
190.00  0.00
223.00  0.00
223.00  0.00
192.00  0.00
222.00  0.00
220.00  0.00
189.00  0.00
219.00  0.00
218.00  0.00
187.00  0.00
216.00  0.00
215.00  0.00
185.00  0.00
216.00  0.00
215.00  0.00
186.00  0.00
218.00  0.00
217.00  0.00
187.00  0.00
219.00  0.00
220.00  0.00
189.00  0.00
219.00  0.00
218.00  0.00
188.00  0.00
222.00  0.00
221.00  0.00
189.00  0.00
214.00  0.00
213.00  0.00
191.00  0.00
221.00  0.00
219.00  0.00
190.00  0.00
214.00  0.00
212.00  0.00
188.00  0.00
219.00  0.00
216.00  0.00
184.00  0.00
215.00  0.00
216.00  0.00
186.00  0.00
217.00  0.00
217.00  0.00
187.00  0.00
218.00  0.00
217.00  0.00
187.00  0.00
218.00  0.00
217.00  0.00
188.00  0.00
219.00  0.00
216.00  0.00
186.00  0.00
216.00  0.00
215.00  0.00
187.00  0.00
218.00  0.00
217.00  0.04
189.00  0.00
220.00  0.00
219.00  0.00
188.00  0.00
220.00  0.00
219.00  0.00
188.00  0.00
210.00  0.00
208.00  0.00
185.00  0.00
217.00  0.00
218.00  0.00
188.00  0.00