101.00  0.00
76.00  0.00
81.00  0.04
70.00  0.00
74.00  0.00
77.00  0.00
67.00  0.00
67.00  0.00
73.00  0.00
68.00  0.00
74.00  0.00
81.00  0.00
72.00  0.00
72.00  0.00
78.00  0.00
74.00  0.00
79.00  0.00
84.00  0.00
73.00  0.00
79.00  0.00
85.00  0.18
73.00  0.00
77.00  0.00
83.00  0.00
73.00  0.00
79.00  0.00
85.00  0.00
74.00  0.00
79.00  0.00
83.00  0.00
72.00  0.00
79.00  0.00
85.00  0.00
73.00  0.00
78.00  0.00
83.00  0.00
73.00  0.00
77.00  0.00
83.00  0.00
73.00  0.00
78.00  0.00
83.00  0.00
72.00  0.00
79.00  0.00
86.00  0.00
74.00  0.00
80.00  0.00
86.00  0.00
74.00  0.00
78.00  0.00
84.00  0.00
73.00  0.00
78.00  0.00
84.00  0.00
74.00  0.00
74.00  0.00
80.00  0.00
75.00  0.00
74.00  0.00
78.00  0.00
72.00  0.00
77.00  0.00
82.00  0.00
71.00  0.00
76.00  0.00
81.00  0.00
69.00  0.00
73.00  0.00
79.00  0.00
69.00  0.00
74.00  0.00
80.00  0.00
71.00  0.00
76.00  0.00
82.00  0.00
72.00  0.00
72.00  0.00
78.00  0.00
72.00  0.00
76.00  0.00
81.00  0.00
70.00  0.00
76.00  0.00
82.00  0.00
71.00  0.00
76.00  0.00
81.00  0.00
69.00  0.00
74.00  0.00
80.00  0.00
69.00  0.00
74.00  0.00
80.00  0.00
71.00  0.00
75.00  0.00
81.00  0.00
71.00  0.00
76.00  0.00
82.00  0.00
71.00  0.03
76.00  0.00
82.00  0.00
71.00  0.00
76.00  0.00
82.00  0.00
72.00  0.00
77.00  0.00
82.00  0.00
72.00  0.00
77.00  0.00
82.00  0.00
70.00  0.00
76.00  0.00
82.00  0.00
71.00  0.00
