305.00  0.00
271.00  0.00
310.00  0.00
314.00  0.00
269.00  0.00
306.00  0.00
311.00  0.00
269.00  0.00
308.00  0.00
312.00  0.00
266.00  0.00
304.00  0.00
311.00  0.00
269.00  0.00
306.00  0.00
311.00  0.00
271.00  0.00
307.00  0.00
311.00  0.00
269.00  0.00
308.00  0.00
314.00  0.00
271.00  0.00
307.00  0.00
312.00  0.00
272.00  0.00
313.00  0.00
318.00  0.00
272.00  0.00
313.00  0.00
318.00  0.00
272.00  0.00
310.00  0.00
314.00  0.00
269.00  0.00
308.00  0.00
314.00  0.00
269.00  0.00
309.00  0.00
314.00  0.00
271.00  0.00
311.00  0.00
314.00  0.00
271.00  0.00
311.00  0.00
316.00  0.00
271.00  0.00
309.00  0.00
314.00  0.00
271.00  0.00
310.00  0.00
312.00  0.00
267.00  0.00
308.00  0.00
312.00  0.00
268.00  0.00
309.00  0.00
314.00  0.00
271.00  0.00
310.00  0.00
315.00  0.00
272.00  0.00
310.00  0.00
314.00  0.00
269.00  0.00
306.00  0.00
310.00  0.00
267.00  0.00
312.00  0.00
315.00  0.00
267.00  0.00
306.00  0.00
310.00  0.00
267.00  0.00
306.00  0.00
309.00  0.00
267.00  0.00
305.00  0.00
311.00  0.00
269.00  0.00
305.00  0.00
311.00  0.00
269.00  0.00
414.00  0.00
456.00  0.00
311.00  0.00
267.00  0.00
304.00  0.00
309.00  0.00
267.00  0.00
415.00  0.00
466.00  0.00
318.00  0.00
274.00  0.00
270.00  0.00
295.00  0.00
337.00  0.09
332.00  0.00
297.00  0.00
414.00  0.00
451.00  0.00
335.00  0.00
293.00  0.00
272.00  0.00
268.00  0.00
291.00  0.00
332.00  0.00
329.00  0.00
293.00  0.00
272.00  0.00
300.00  0.00
339.00  0.00
335.00  0.00
297.00  0.00
302.00  0.00
324.00  0.00
301.00  0.00
423.00  0.00
443.00  0.00
301.00  0.00