651.00  0.00
470.00  0.00
465.00  0.00
465.00  0.00
466.00  0.00
466.00  0.00
465.00  0.00
465.00  0.00
466.00  0.00
466.00  0.00
470.00  0.00
475.00  0.00
475.00  0.00
469.00  0.00
465.00  0.00
465.00  0.00
469.00  0.00
470.00  0.00
466.00  0.00
466.00  0.00
465.00  0.00
465.00  0.00
461.00  0.00
455.00  0.00
460.00  0.00
465.00  0.00
465.00  0.00
465.00  0.00
465.00  0.00
459.00  0.00
459.00  0.00
459.00  0.00
456.00  0.00
462.00  0.00
461.00  0.00
455.00  0.00
456.00  0.00
456.00  0.00
460.00  0.00
466.00  0.00
461.00  0.00
461.00  0.00
465.00  0.00
459.00  0.00
455.00  0.00
455.00  0.00
459.00  0.00
459.00  0.00
459.00  0.00
465.00  0.00
466.00  0.00
465.00  0.00
465.00  0.00
465.00  0.00
465.00  0.00
465.00  0.00
465.00  0.00
465.00  0.00
462.00  0.00
456.00  0.00
460.00  0.00
465.00  0.00
461.00  0.00
455.00  0.00
460.00  0.00
460.00  0.00
459.00  0.00
465.00  0.00
465.00  0.00
459.00  0.00
455.00  0.00
455.00  0.00
455.00  0.00
455.00  0.00
455.00  0.00
455.00  0.00
460.00  0.00
460.00  0.00
456.00  0.00
461.00  0.00
465.00  0.00
465.00  0.00
465.00  0.00
460.00  0.00
460.00  0.00
465.00  0.00
466.00  0.00
466.00  0.00
466.00  0.00
466.00  0.00
466.00  0.00
466.00  0.00
466.00  0.00
466.00  0.00
465.00  0.00
465.00  0.00
465.00  0.00
465.00  0.00
470.00  0.00
476.00  0.00
472.00  0.00
465.00  0.00
469.00  0.00
470.00  0.00
465.00  0.00
465.00  0.00
466.00  0.00
466.00  0.00
466.00  0.00
460.00  0.00
460.00  0.00
466.00  0.00
466.00  0.00
466.00  0.00
465.00  0.00
465.00  0.00
465.00  0.00
465.00  0.00
466.00  0.00
466.00  0.00