120.00  0.00
106.00  0.00
105.00  0.00
105.00  0.00
105.00  0.00
105.00  0.00
105.00  0.00
105.00  0.00
106.00  0.00
107.00  0.00
108.00  0.00
108.00  0.00
108.00  0.00
109.00  0.00
109.00  0.00
107.00  0.00
106.00  0.00
106.00  0.00
106.00  0.00
107.00  0.00
107.00  0.00
106.00  0.00
107.00  0.00
107.00  0.00
108.00  0.00
108.00  0.00
107.00  0.00
106.00  0.00
106.00  0.00
106.00  0.00
106.00  0.00
106.00  0.00
105.00  0.00
105.00  0.00
104.00  0.00
104.00  0.00
104.00  0.00
104.00  0.00
105.00  0.00
106.00  0.00
106.00  0.00
106.00  0.00
107.00  0.00
108.00  0.00
107.00  0.00
107.00  0.00
107.00  0.00
106.00  0.00
106.00  0.00
106.00  0.00
106.00  0.00
106.00  0.00
105.00  0.00
104.00  0.00
105.00  0.00
106.00  0.00
106.00  0.00
105.00  0.00
104.00  0.00
104.00  0.00
103.00  0.00
102.00  0.00
102.00  0.00
102.00  0.00
102.00  0.00
102.00  0.00
102.00  0.00
102.00  0.00
102.00  0.00
102.00  0.00
102.00  0.00
102.00  0.00
101.00  0.00
100.00  0.00
107.00  0.03
123.00  0.00
125.00  0.00
109.00  0.00
100.00  0.00
100.00  0.00
108.00  0.00
121.00  0.00
121.00  0.00
109.00  0.00
100.00  0.00
99.00  0.00
108.00  0.00
123.00  0.00
126.00  0.00
127.00  0.00
133.00  0.00
133.00  0.00
133.00  0.00
134.00  0.00
133.00  0.00
132.00  0.00
131.00  0.00
132.00  0.00
133.00  0.00
134.00  0.00
135.00  0.00
135.00  0.00
135.00  0.00
130.00  0.00
130.00  0.04
133.00  0.00
133.00  0.00
131.00  0.00
132.00  0.00
137.00  0.00
137.00  0.00
133.00  0.00
129.00  0.00
132.00  0.00
131.00  0.00
130.00  0.00
134.00  0.00
135.00  0.00
132.00  0.00
132.00  0.00