401.00  0.00
386.00  0.00
361.00  0.00
361.00  0.00
386.00  0.00
361.00  0.00
358.00  0.00
383.00  0.00
364.00  0.00
360.00  0.00
517.00  0.00
495.00  0.00
358.00  0.00
386.00  0.00
367.00  0.00
364.00  0.00
393.00  0.00
371.00  0.00
364.00  0.00
390.00  0.00
367.00  0.00
364.00  0.00
520.00  0.00
497.00  0.00
364.00  0.00
390.00  0.00
365.00  0.00
361.00  0.00
386.00  0.00
361.00  0.00
358.00  0.00
526.00  0.00
507.00  0.00
364.00  0.00
390.00  0.00
367.00  0.00
364.00  0.00
390.00  0.00
365.00  0.00
361.00  0.00
390.00  0.00
367.00  0.00
364.00  0.00
386.00  0.21
364.00  0.00
364.00  0.00
530.00  0.00
507.00  0.00
364.00  0.00
391.00  0.00
366.00  0.00
361.00  0.00
520.00  0.00
495.00  0.00
361.00  0.00
529.00  0.00
507.00  0.00
364.00  0.00
529.00  0.00
504.00  0.00
361.00  0.00
390.00  0.00
365.00  0.00
361.00  0.00
519.00  0.00
497.00  0.00
364.00  0.00
390.00  0.00
367.00  0.00
364.00  0.00
390.00  0.00
367.00  0.00
360.00  0.00
527.00  0.00
505.00  0.00
358.00  0.00
386.00  0.00
365.00  0.00
361.00  0.00
390.00  0.00
367.00  0.00
364.00  0.00
520.00  0.00
497.00  0.00
364.00  0.00
520.00  0.00
495.00  0.00
358.00  0.00
516.00  0.00
495.00  0.00
358.00  0.00
383.00  0.00
361.00  0.00
357.00  0.00
383.00  0.00
361.00  0.00
358.00  0.00
516.00  0.00
492.00  0.00
355.00  0.00
516.00  0.00
492.00  0.00
355.00  0.00
383.00  0.00
361.00  0.00
357.00  0.00
517.00  0.00
495.00  0.00
357.00  0.00
516.00  0.00
495.00  0.00
358.00  0.00
516.00  0.00
495.00  0.00
358.00  0.00
516.00  0.00
494.00  0.00
358.00  0.00
386.00  0.00
365.00  0.00