368.00  0.00
387.00  0.00
430.00  0.00
434.00  0.00
383.00  0.00
353.00  0.00
362.00  0.00
387.00  0.00
426.00  0.00
577.00  0.00
533.00  0.00
359.00  0.00
368.00  0.00
361.00  0.00
387.00  0.00
430.00  0.00
435.00  0.00
425.00  0.00
383.00  0.00
357.00  0.00
366.00  0.00
388.00  0.00
435.00  0.00
439.00  0.00
386.00  0.00
359.00  0.00
368.00  0.00
390.00  0.00
434.00  0.00
585.00  0.00
530.00  0.00
356.00  0.00
365.00  0.00
391.00  0.00
438.00  0.00
439.00  0.00
383.00  0.00
356.00  0.00
365.00  0.00
387.00  0.00
434.00  0.00
435.00  0.00
379.00  0.00
356.00  0.00
362.00  0.00
385.00  0.00
435.00  0.00
587.00  0.00
531.00  0.00
353.00  0.00
362.00  0.00
384.00  0.00
431.00  0.00
439.00  0.00
383.00  0.00
353.00  0.00
362.00  0.00
387.00  0.00
434.00  0.00
439.00  0.00
386.00  0.00
359.00  0.00
365.00  0.00
388.00  0.00
434.00  0.00
434.00  0.00
379.00  0.00
353.00  0.00
362.00  0.00
384.00  0.00
426.00  0.00
434.00  0.00
383.00  0.00
353.00  0.00
362.00  0.00
387.00  0.00
430.00  0.00
435.00  0.00
384.00  0.00
356.00  0.00
365.00  0.00
383.00  0.00
430.00  0.00
435.00  0.00
379.00  0.00
356.00  0.00
365.00  0.00
387.00  0.00
435.00  0.00
435.00  0.00
382.00  0.00
359.00  0.00
365.00  0.00
387.00  0.00
434.00  0.00
586.00  0.00
577.00  0.00
577.00  0.00
573.00  0.00
572.00  0.00
719.00  0.00
576.00  0.00
577.00  0.00
577.00  0.00
430.00  0.00
425.00  0.00
421.00  0.00
421.00  0.00
383.00  0.00
357.00  0.00
363.00  0.00
381.00  0.00
427.00  0.00
434.00  0.00
383.00  0.00
353.00  0.00
362.00  0.00
383.00  0.00
430.00  0.00
434.00  0.00