455.00  0.00
671.00  0.00
496.00  0.00
696.00  0.00
695.00  0.00
526.00  0.00
719.00  0.00
713.00  0.00
527.00  0.00
701.00  0.00
671.00  0.00
497.00  0.03
528.00  0.00
509.00  0.00
507.00  0.00
717.00  0.00
688.00  0.00
497.00  0.00
713.00  0.00
683.00  0.00
511.00  0.00
501.00  0.00
480.00  0.00
695.00  0.00
666.00  0.00
511.00  0.00
501.00  0.00
452.00  0.00
512.00  0.00
517.00  0.00
517.00  0.00
535.00  0.00
514.00  0.00
695.00  0.00
666.00  0.00
665.00  0.00
665.00  0.00
665.00  0.00
665.00  0.00
683.00  0.00
694.00  0.00
515.00  0.00
510.00  0.00
496.00  0.00
476.00  0.00
476.00  0.00
480.00  0.00
480.00  0.00
476.00  0.00
476.00  0.00
476.00  0.00
471.00  0.00
471.00  0.00
476.00  0.00
476.00  0.00
476.00  0.00
476.00  0.00
476.00  0.00
480.00  0.00
480.00  0.00
476.00  0.00
471.00  0.00
470.00  0.00
476.00  0.00
476.00  0.00
476.00  0.00
477.00  0.00
477.00  0.00
476.00  0.00
476.00  0.00
480.00  0.00
480.00  0.00
476.00  0.00
476.00  0.00
527.00  0.00
492.00  0.00
507.00  0.00
502.00  0.00
452.00  0.00
512.00  0.00
497.00  0.00
446.00  0.00
511.00  0.00
502.00  0.00
451.00  0.00
511.00  0.00
501.00  0.00
452.00  0.00
519.00  0.00
509.00  0.00
452.00  0.00
519.00  0.00
509.00  0.00
457.00  0.00
517.00  0.00
502.00  0.00
451.00  0.00
512.00  0.00
502.00  0.00
451.00  0.00
512.00  0.00
502.00  0.00
451.00  0.00
511.00  0.00
501.00  0.00
451.00  0.00
512.00  0.00
503.00  0.00
452.00  0.00
519.00  0.00
504.00  0.00
447.00  0.00
512.00  0.00
498.00  0.00
470.00  0.00
706.00  0.00
683.00  0.00
666.00  0.00
661.00  0.00
661.00  0.00