162.00  0.00
148.00  0.00
170.00  0.00
170.00  0.00
147.00  0.00
135.00  0.00
135.00  0.00
147.00  0.00
170.00  0.00
169.00  0.00
147.00  0.00
135.00  0.00
135.00  0.00
148.00  0.00
169.00  0.00
168.00  0.00
147.00  0.00
137.00  0.00
137.00  0.00
150.00  0.00
172.00  0.00
183.00  0.00
161.00  0.00
137.00  0.00
137.00  0.00
148.00  0.00
170.00  0.00
181.00  0.00
159.00  0.00
137.00  0.00
137.00  0.00
150.00  0.00
171.00  0.00
181.00  0.00
159.00  0.00
136.00  0.00
135.00  0.00
147.00  0.00
169.00  0.00
182.00  0.00
160.00  0.00
136.00  0.00
135.00  0.00
147.00  0.00
168.00  0.00
179.00  0.00
158.00  0.00
135.00  0.00
135.00  0.00
148.00  0.00
170.00  0.00
168.00  0.00
146.00  0.00
134.00  0.00
134.00  0.00
147.00  0.00
170.00  0.00
169.00  0.00
146.00  0.00
135.00  0.00
135.00  0.00
146.00  0.00
168.00  0.00
179.00  0.00
157.00  0.00
134.00  0.00
134.00  0.00
147.00  0.00
169.00  0.00
182.00  0.00
162.00  0.00
137.00  0.00
137.00  0.00
150.00  0.00
171.00  0.00
183.00  0.00
161.00  0.00
136.00  0.00
136.00  0.00
148.00  0.00
170.00  0.00
169.00  0.00
147.00  0.00
136.00  0.00
136.00  0.00
148.00  0.00
169.00  0.00
168.00  0.00
147.00  0.00
136.00  0.00
136.00  0.00
149.00  0.00
171.00  0.00
168.00  0.00
145.00  0.00
135.00  0.00
134.00  0.00
145.00  0.00
166.00  0.00
165.00  0.00
144.00  0.00
134.00  0.00
134.00  0.00
147.00  0.00
169.00  0.00
167.00  0.00
146.00  0.00
135.00  0.00
135.00  0.00
147.00  0.00
169.00  0.00
167.00  0.00
144.00  0.00
133.00  0.00
133.00  0.00
147.00  0.00
164.00  0.00
162.00  0.00
145.00  0.00
133.00  0.00