  VEL                 
       4.17           
       4.19           
       4.21           
       4.18           
       4.18           
       4.20           
       4.23           
       4.19           
       4.19           
       4.36           
       4.33           
       4.33           
       4.38           
       4.22           
       4.33           
       4.43           
       4.39           
       4.42           
       4.44           
       4.36           
       4.42           
       4.43           
       4.38           
       4.40           
       4.35           
       4.30           
       4.25           
       4.24           
       4.31           
       4.38           
       4.37           
       4.40           
       4.30           
       4.33           
       4.37           
       4.34           
       4.38           
       4.28           
       4.31           
       4.32           
       4.33           
       4.37           
       4.33           
       4.33           
       4.27           
       4.29           
       4.15           
       4.25           
       4.30           
       4.26           
       4.31           
       4.34           
       4.38           
       4.34           
       4.34           
       4.42           
       4.38           
       4.33           
       4.29           
       4.35           
       4.36           
       4.34           
       4.32           
       4.31           
       4.30           
       4.36           
       4.34           
       4.31           
       4.31           
       4.33           
       4.32           
       4.33           
       4.26           
       4.31           
       4.15           
       4.30           
       4.29           
       4.30           
       4.25           
       4.31           
       4.26           
       4.21           
       4.30           
       4.36           
       4.31           
       4.30           
       4.37           
       4.37           
       4.33           
       4.42           
       4.28           
       4.32           
       4.34           
       4.36           
       4.38           
       4.35           
       4.27           
       4.30           
       4.36           
       4.33           
       4.30           
       4.35           
       4.32           
       4.40           
       4.38           
       4.42           
       4.32           
       4.33           
       4.31           
       4.33           
       4.41           
       4.36           
       4.34           
       4.31           
       4.38           
       4.38           
       4.38           
       4.39           
       4.33           
       4.32           
       4.34           
       4.26           
       4.34           
       4.27           
       4.24           
       4.25           
       4.23           
       4.29           
       4.34           
       4.35           
       4.28           
       4.26           
       3.95           
       4.04           
       4.30           
       4.39           
       4.46           
       4.44           
       4.30           
       4.29           
       4.17           
       4.19           
       4.31           
       4.30           
       4.37           
       4.30           
       4.38           
       4.33           
       4.29           
       4.35           
       4.28           
       4.37           
       4.34           
       4.31           
       4.29           
       4.23           
       4.30           
       4.34           
       4.26           
       4.29           
       4.34           
       4.27           
       4.30           
       4.33           
       4.26           
       4.34           
       4.32           
       4.40           
       4.43           
       4.35           
       4.28           
       4.26           
       4.27           
       4.31           
       4.34           
       4.22           
       4.23           
       4.12           
       4.12           
       4.37           
       4.33           
       4.30           
       4.17           
       4.24           
       4.30           
       4.35           
       4.29           
       4.31           
       4.26           
       4.31           
       4.40           
       4.30           
       4.36           
       4.29           
       4.29           
       4.21           
       4.27           
       4.27           
       4.29           
       4.32           
       4.22           
       4.35           
       4.28           
       4.26           
       4.22           
       4.22           
       4.20           
       4.22           
       4.12           
       4.15           
       4.01           
       4.28           
       4.38           
       4.25           
       4.34           
       4.20           
       4.24           
       4.35           
       4.40           
       4.49           
       4.41           
       4.42           
       4.49           
       4.37           
       4.28           
       4.28           
       4.27           
       4.25           
       4.26           
       4.29           
       4.30           
       4.36           
       4.33           
       4.22           
       4.23           
       4.20           
       4.16           
       4.24           
       4.27           
       4.23           
       4.26           
       4.25           
       4.23           
       4.14           
       4.14           
       4.28           
       4.24           
       4.23           
       4.22           
       4.28           
       4.38           
       4.23           
       4.22           
       4.29           
       4.25           
       4.27           
       4.30           
       4.37           
       4.39           
       4.37           
       4.37           
       4.25           
       4.20           
       4.26           
       4.26           
       4.16           
       4.28           
       4.33           
       4.32           
       4.36           
       4.32           
       4.32           
       4.28           
       4.28           
       4.30           
       4.30           
       4.26           
       4.29           
       4.34           
       4.29           
       4.33           
       4.24           
       4.30           
       4.28           
       4.31           
       4.37           
       4.31           
       4.31           
       4.27           
       4.27           
       4.31           
       4.29           
       4.32           
       4.32           
       4.29           
       4.33           
       4.40           
       4.45           
       4.39           
       4.34           
       4.29           
       4.23           
       4.26           
       4.27           
       4.26           
       4.30           
       4.30           
       4.36           
       4.31           
       4.26           
       4.13           
       4.20           
       4.25           
       4.21           
       4.22           
       4.18           
       4.27           
       4.28           
       4.32           
       4.30           
       4.34           
       4.35           
       4.37           
       4.30           
       4.35           
       4.40           
       4.39           
       4.37           
       4.42           
       4.32           
       4.30           
       4.30           
       4.37           
       4.30           
       4.36           
       4.31           
       4.32           
       4.32           
       4.38           
       4.43           
       4.36           
       4.33           
       4.24           
       4.30           
       4.30           
       4.33           
       4.31           
       4.29           
       4.31           
       4.33           
       4.32           
       4.29           
       4.30           
       4.22           
       4.30           
       4.25           
       4.34           
       4.34           
       4.35           
       4.29           
       4.29           
       4.35           
       4.38           
       4.23           
       4.30           
       4.32           
       4.33           
       4.36           
       4.37           
       4.29           
       4.17           
       4.04           
       4.25           
       4.34           
       4.28           
       4.30           
       4.34           
       4.38           
       4.30           
       4.23           
       4.21           
       4.34           
       4.29           
       4.30           
       4.24           
       4.32           
       4.28           
       4.27           
       4.26           
       4.34           
       4.25           
       4.34           
       4.32           
       4.32           
       4.35           
       4.32           
       4.37           
       4.33           
       4.34           
       4.29           
       4.36           
       4.26           
       4.31           
       4.24           
       4.27           
       4.30           
       4.36           
       4.18           
       4.24           
       4.28           
       4.29           
       4.24           
       4.22           
       4.59           
       4.54           
       4.32           
       4.30           
       4.38           
       4.31           
       4.33           
       4.29           
       4.30           
       4.32           
       4.35           
       4.35           
       4.35           
       4.36           
       4.35           
       4.34           
       4.33           
       4.33           
       4.33           
       4.35           
       4.29           
       4.40           
       4.33           
       4.37           
       4.33           
       4.36           
       4.31           
       4.30           
       4.40           
       4.27           
       4.35           
       4.30           
       4.32           
       4.32           
       4.18           
       4.15           
       4.28           
       4.33           
       4.42           
       4.36           
       4.35           
       4.33           
       4.37           
       4.34           
       4.31           
       4.31           
       4.30           
       4.36           
       4.35           
       4.45           
       4.60           
       4.63           
       4.43           
       4.42           
       4.16           
       4.35           
       4.32           
       4.20           
       4.24           
       4.28           
       4.33           
       4.32           
       4.36           
       4.32           
       4.32           
       4.14           
       4.27           
       4.33           
       4.35           
       4.24           
       4.28           
       4.34           
       4.32           
       4.27           
       4.27           
       4.30           
       4.42           
       4.42           
       4.37           
       4.36           
       4.35           
       4.25           
       4.25           
       4.26           
       4.25           
       4.26           
       4.26           
       4.30           
       4.22           
       4.25           
       4.27           
       4.27           
       4.29           
       4.32           
       4.38           
       4.35           
       4.33           
       4.30           
       4.29           
       4.32           
       4.37           
       4.33           
       4.32           
       4.34           
       4.40           
       4.36           
       4.38           
       4.32           
       4.35           
       4.29           
       4.25           
       4.34           
       4.35           
       4.23           
       4.35           
       4.35           
       4.31           
       4.33           
       4.37           
       4.34           
       4.23           
       4.23           
       4.28           
       4.29           
       4.29           
       4.23           
       4.21           
       4.28           
       4.40           
       4.53           
       4.48           
       4.40           
       4.17           
       4.21           
       4.29           
       4.35           
       4.36           
       4.30           
       4.28           
       4.11           
       4.35           
       4.31           
       4.34           
       4.42           
       4.40           
       4.32           
       4.32           
       4.31           
       3.97           
       4.37           
       4.34           
       4.35           
       4.30           
       4.37           
       4.33           
       4.37           
       4.34           
       4.27           
       4.24           
       4.33           
       4.34           
       4.42           
       4.36           
       4.42           
       4.44           
       4.45           
       4.27           
       4.27           
       4.18           
       4.19           
       4.20           
       4.36           
       4.36           
       4.17           
       4.31           
       4.34           
       4.29           
       4.29           
       4.38           
       4.32           
       4.32           
       4.37           
       4.32           
       4.33           
       4.33           
       4.29           
       4.29           
       4.31           
       4.26           
       4.33           
       4.31           
       4.34           
       4.30           
       4.22           
       4.31           
       4.30           
       4.27           
       4.32           
       4.33           
       4.28           
       4.38           
       4.36           
       4.35           
       4.33           
       4.34           
       4.37           
       4.11           
       4.16           
       4.29           
       4.35           
       4.29           
       4.20           
       4.21           
       4.35           
       4.42           
       4.19           
       3.99           
       4.26           
       4.28           
       4.28           
       4.30           
       4.32           
       4.42           
       4.30           
       4.33           
       4.34           
       4.34           
       4.40           
       4.33           
       4.32           
       4.26           
       4.22           
       4.30           
       4.36           
       4.32           
       4.30           
       4.40           
       4.40           
       4.30           
       4.33           
       4.36           
       4.36           
       4.36           
       4.38           
       4.38           
       4.32           
       4.35           
       4.36           
       4.36           
       4.28           
       4.29           
       4.19           
       4.22           
       4.28           
       4.29           
       4.20           
       4.23           
       4.25           
       4.23           
       4.21           
       4.27           
       4.23           
       4.27           
       4.27           
       4.23           
       4.27           
       4.18           
       4.29           
       4.48           
       4.26           
       4.29           
       4.29           
       4.35           
       4.27           
       4.31           
       4.28           
       4.23           
       4.25           
       4.23           
       4.28           
       4.25           
       4.26           
       4.27           
       4.33           
       4.28           
       4.24           
       4.35           
       4.44           
       4.41           
       4.45           
       4.51           
       4.35           
       4.27           
       4.26           
       4.32           
       4.34           
       4.43           
       4.36           
       4.36           
       4.44           
       4.38           
       4.35           
       4.36           
       4.30           
       4.36           
       4.27           
       4.32           
       4.30           
       4.13           
       4.16           
       4.14           
       4.22           
       4.37           
       4.35           
       4.29           
       4.34           
       4.28           
       4.31           
       4.36           
       4.28           
       4.29           
       4.28           
       4.25           
       4.30           
       4.37           
       4.33           
       4.29           
       4.35           
       4.32           
       4.38           
       4.39           
       4.30           
       4.35           
       4.18           
       4.32           
       4.37           
       4.29           
       4.30           
       4.30           
       4.29           
       4.29           
       4.40           
       4.41           
       4.38           
       4.45           
       4.35           
       4.31           
       4.35           
       4.34           
       4.32           
       4.34           
       4.35           
       4.36           
       4.32           
       4.39           
       4.38           
       4.29           
       4.39           
       4.43           
       4.34           
       4.32           
       4.35           
       4.23           
       4.23           
       4.27           
       4.30           
       4.30           
       4.31           
       4.31           
       4.33           
       4.38           
       4.37           
       4.36           
       4.42           
       4.46           
       4.44           
       4.33           
       4.42           
       4.27           
       4.31           
       4.28           
       4.23           
       4.34           
       4.28           
       4.38           
       4.36           
       4.35           
       4.29           
       4.40           
       4.37           
       4.32           
       4.30           
       4.25           
       4.17           
       4.05           
       4.27           
       4.28           
       4.37           
       4.34           
       4.33           
       4.23           
       4.26           
       4.27           
       4.31           
       4.34           
       4.31           
       4.31           
       4.27           
       4.32           
       4.36           
       4.33           
       4.35           
       4.34           
       4.31           
       4.35           
       4.30           
       4.27           
       4.39           
       4.37           
       4.31           
       4.30           
       4.30           
       4.29           
       4.27           
       4.25           
       4.25           
       4.32           
       4.29           
       4.26           
       4.22           
       4.33           
       4.32           
       4.34           
       4.29           
       4.30           
       4.32           
       4.32           
       4.34           
       4.28           
       4.25           
       4.34           
       4.35           
       4.38           
       4.27           
       4.29           
       4.30           
       4.33           
       4.39           
       4.45           
       4.37           
       4.42           
       4.40           
       4.35           
       4.22           
       4.24           
       4.37           
       4.42           
       4.33           
       4.32           
       4.35           
       4.23           
       4.34           
       4.24           
       4.39           
       4.30           
       4.29           
       4.23           
       4.19           
       4.26           
       4.26           
       4.27           
       4.29           
       4.31           
       4.35           
       4.32           
       4.32           
       4.26           
       4.18           
       4.14           
       4.22           
       4.02           
       4.11           
       4.23           
       4.19           
       4.24           
       4.31           
       4.33           
       4.31           
       4.30           
       4.30           
       4.26           
       4.25           
       4.28           
       4.34           
       4.31           
       4.36           
       4.38           
       4.31           
       4.38           
       4.38           
       4.27           
       4.32           
       4.24           
       4.22           
       4.20           
       4.28           
       4.37           
       4.23           
       4.32           
       4.29           
       4.42           
       4.31           
       4.38           
       4.27           
       4.29           
       4.28           
       4.32           
       4.30           
       4.27           
       4.31           
       4.30           
       4.19           
       4.01           
       3.91           
       4.13           
       4.25           
       4.27           
       4.26           
       4.25           
       4.25           
       4.35           
       4.34           
       4.35           
       4.33           
       4.30           
       4.25           
       4.38           
       4.25           
       4.16           
       4.25           
       4.45           
       4.34           
       4.28           
       4.25           
       4.35           
       4.35           
       4.29           
       4.26           
       4.29           
       4.28           
       4.20           
       4.21           
       4.26           
       4.33           
       4.28           
       4.31           
       4.27           
       4.27           
       4.33           
       4.36           
       4.32           
       4.30           
       4.34           
       4.35           
       4.30           
       4.31           
       4.26           
       4.30           
       4.32           
       4.36           
       4.25           
       4.30           
       4.35           
       4.32           
       4.25           
       4.39           
       4.29           
       4.39           
       4.33           
       4.27           
       4.30           
       4.25           
       4.26           
       4.32           
       4.29           
       4.33           
       4.26           
       4.22           
       4.31           
       4.33           
       4.30           
       4.27           
       4.33           
       4.46           
       4.31           
       4.30           
       4.32           
       4.22           
       4.29           
       4.29           
       4.23           
       4.32           
       4.25           
       4.28           
       4.22           
       4.26           
       4.29           
       4.28           
       4.45           
       4.44           
       4.38           
       4.30           
       4.23           
       4.26           
       4.35           
       4.41           
       4.33           
       4.44           
       4.27           
       4.29           
       4.27           
       4.32           
       4.28           
       4.30           
       4.22           
       4.32           
       4.31           
       4.23           
       4.32           
       4.28           
       4.31           
       4.29           
       4.22           
       4.31           
       4.31           
       4.27           
       4.24           
       4.24           
       4.31           
       4.29           
       4.27           
       4.31           
       4.30           
       4.29           
       4.22           
       4.41           
       4.28           
       4.19           
       4.34           
       4.28           
       4.29           
       4.34           
       4.34           
       4.35           
       4.34           
       4.36           
       4.39           
       4.43           
       4.42           
       4.38           
       4.39           
       4.29           
       4.29           
       4.33           
       4.51           
       4.37           
       4.33           
       4.20           
       4.23           
       4.24           
       4.33           
       4.34           
       4.34           
       4.36           
       4.31           
       4.29           
       4.28           
       4.32           
       4.31           
       4.30           
       4.30           
       4.33           
       4.34           
       4.33           
       4.22           
       4.31           
       4.28           
       4.29           
       4.42           
       4.36           
       4.27           
       4.33           
       4.29           
       4.26           
       4.28           
       4.27           
       4.38           
       4.33           
       4.21           
       4.28           
       4.28           
       4.33           
       4.35           
       4.28           
       4.24           
       4.38           
       4.24           
       4.24           
       4.18           
       4.31           
       4.33           
       4.26           
       4.33           
       4.23           
       4.24           
       4.24           
       4.31           
       4.38           
       4.29           
       4.19           
       4.20           
       4.23           
       4.29           
       4.31           
       4.31           
       4.36           
       4.39           
       4.37           
       4.38           
       4.33           
       4.29           
       4.37           
       4.36           
       4.35           
       4.30           
       4.29           
       4.15           
       4.19           
       4.28           
       4.34           
       4.32           
       4.36           
       4.36           
       4.31           
       4.30           
       4.33           
       4.37           
       4.39           
       4.31           
       4.32           
       4.29           
       4.29           
       4.29           
       4.30           
       4.22           
       4.32           
       4.33           
       4.38           
       4.35           
       4.26           
       4.31           
       4.35           
       4.31           
       4.26           
       4.21           
       4.34           
       4.29           
       4.32           
       4.32           
       4.35           
       4.30           
       4.33           
       4.41           
       4.37           
       4.30           
       4.30           
       4.34           
       4.32           
       4.26           
       4.33           
       4.32           
       4.33           
       4.26           
       4.21           
       4.27           
       4.33           
       4.23           
       4.24           
       4.26           
       4.23           
       4.28           
       4.33           
       4.35           
       4.25           
       4.22           
       4.27           
       4.19           
       4.26           
       4.28           
       4.25           
       4.21           
       4.29           
       4.26           
       4.18           
       4.19           
       4.19           
       4.20           
       4.29           
       4.25           
       4.28           
       4.26           
       4.31           
       4.22           
       4.32           
       4.19           
       4.24           
       4.16           
       4.22           
       4.21           
       4.14           
       4.26           
       4.24           
       4.15           
       4.27           
       4.22           
       4.32           
       4.33           
       4.38           
       4.39           
       4.27           
       4.31           
       4.28           
       4.30           
       4.24           
       4.24           
       4.36           
       4.05           
       4.17           
       4.30           
       4.33           
       4.33           
       4.24           
       4.27           
       4.16           
       4.26           
       4.27           
       4.26           
       4.22           
       4.29           
       4.30           
       4.24           
       4.37           
       4.30           
       4.27           
       4.20           
       4.27           
       4.29           
       4.27           
       4.27           
       4.33           
       4.26           
       4.31           
       4.29           
       4.33           
       4.21           
       4.30           
       4.28           
       4.33           
       4.26           
       4.33           
       4.33           
       4.33           
       4.28           
       4.13           
       4.25           
       4.19           
       3.98           
       4.21           
       4.29           
       4.27           
       4.06           
       4.15           
       4.20           
       4.25           
       4.26           
       4.23           
       4.30           
       4.19           
       4.45           
       4.32           
       3.70           
       4.21           
       4.13           
       4.01           
       4.21           
       4.15           
       4.16           
       4.23           
       4.20           
       4.30           
       4.28           
       4.29           
       4.32           
       4.21           
       4.34           
       4.34           
       4.29           
       4.34           
       4.30           
       4.13           
       4.20           
       4.32           
       4.34           
       4.16           
       4.26           
       4.23           
       4.28           
       4.30           
       4.30           
       4.33           
       4.24           
       4.26           
       4.33           
       4.28           
       4.35           
       4.37           
       4.35           
       4.31           
       4.29           
       4.32           
       4.36           
       4.47           
       4.50           
       4.30           
       4.45           
       4.44           
       4.52           
       4.35           
       4.41           
       4.39           
       4.33           
       4.21           
       4.23           
       4.29           
       4.30           
       4.24           
       4.14           
       4.00           
       4.24           
       4.31           
       4.14           
       4.20           
       4.18           
       4.20           
       4.15           
       4.20           
       4.20           
       4.19           
       4.22           
       4.35           
       4.21           
       4.18           
       4.21           
       4.26           
       4.39           
       4.47           
       4.56           
       4.57           
       4.48           
       4.33           
       4.29           
       4.25           
       4.23           
       4.19           
       4.26           
       4.32           
       4.38           
       4.49           
       4.41           
       4.34           
       4.31           
       4.32           
       4.35           
       4.40           
       4.33           
       4.35           
       4.41           
       4.32           
       4.31           
       4.34           
       4.14           
       4.01           
       4.23           
       3.83           
       3.77           
       4.12           
       4.16           
       4.31           
       4.36           
       4.15           
       4.11           
       4.17           
       4.25           
       4.33           
       4.23           
       4.28           
       4.29           
       4.30           
       4.28           
       4.28           
       4.31           
       4.20           
       4.27           
       4.32           
       4.47           
       4.61           
       4.28           
       4.18           
       4.13           
       4.22           
       4.24           
       4.28           
       4.30           
       4.33           
       4.27           
       4.34           
       4.21           
       4.31           
       4.26           
       4.25           
       4.28           
       4.24           
       4.30           
       4.26           
       4.27           
       4.24           
       4.22           
       4.22           
       4.23           
       4.22           
       4.30           
   