390.00  0.00
535.00  0.00
508.00  0.00
363.00  0.00
533.00  0.00
511.00  0.00
370.00  0.00
548.00  0.00
525.00  0.00
373.00  0.00
454.00  0.00
428.00  0.00
369.00  0.00
537.00  0.00
514.00  0.00
373.00  0.00
537.00  0.00
514.00  0.00
373.00  0.00
537.00  0.00
514.00  0.00
373.00  0.00
455.00  0.00
431.00  0.00
368.00  0.00
533.00  0.00
508.00  0.00
363.00  0.00
533.00  0.00
511.00  0.00
366.00  0.00
534.00  0.00
511.00  0.00
370.00  0.00
548.00  0.00
525.00  0.00
372.00  0.00
549.00  0.00
522.00  0.00
370.00  0.10
549.00  0.00
523.00  0.00
367.00  0.00
545.00  0.00
523.00  0.00
370.00  0.00
537.00  0.00
511.00  0.00
369.00  0.00
537.00  0.00
511.00  0.00
369.00  0.00
537.00  0.00
508.00  0.00
363.00  0.00
533.00  0.00
508.00  0.00
363.00  0.00
450.00  0.00
425.00  0.00
367.00  0.00
461.00  0.00
435.00  0.00
366.00  0.00
532.00  0.00
510.00  0.00
370.00  0.00
537.00  0.00
511.00  0.00
366.00  0.00
545.00  0.00
525.00  0.00
369.00  0.00
545.00  0.00
522.00  0.00
374.00  0.00
549.00  0.00
522.00  0.00
373.00  0.00
549.00  0.00
523.00  0.00
366.00  0.00
533.00  0.00
511.00  0.00
370.00  0.00
538.00  0.00
512.00  0.00
400.00  0.00
579.00  0.00
523.00  0.00
370.00  0.00
548.00  0.09
522.00  0.00
366.00  0.00
533.00  0.00
511.00  0.00
366.00  0.00
457.00  0.00
435.00  0.00
370.00  0.00
460.00  0.00
437.00  0.00
373.00  0.00
538.00  0.00
514.00  0.00
369.00  0.00
451.00  0.00
429.00  0.00
395.00  0.00
562.00  0.00
510.00  0.00
366.00  0.00
534.00  0.00
509.00  0.00
363.00  0.00
396.00  0.00
374.00  0.00
370.00  0.00
461.00  0.00
435.00  0.00