619.00  0.00
641.00  0.00
478.00  0.00
422.00  0.00
396.00  0.00
389.00  0.00
578.00  0.00
641.00  0.00
478.00  0.00
422.00  0.00
396.00  0.00
389.00  0.00
576.00  0.00
639.00  0.00
484.00  0.00
428.00  0.00
396.00  0.00
389.00  0.00
577.00  0.00
640.00  0.00
478.00  0.00
422.00  0.00
396.00  0.00
389.00  0.00
576.00  0.00
623.00  0.00
462.00  0.00
422.00  0.00
400.00  0.00
393.00  0.00
576.00  0.00
640.00  0.00
484.00  0.00
431.00  0.00
400.00  0.00
393.00  0.00
581.00  0.00
624.00  0.00
462.00  0.00
426.00  0.00
403.00  0.00
396.00  0.00
581.00  0.00
647.00  0.00
489.00  0.00
428.00  0.00
396.00  0.00
389.00  0.00
592.00  0.00
655.00  0.00
483.00  0.00
427.00  0.00
396.00  0.00
389.00  0.00
577.00  0.00
794.00  0.00
655.00  0.00
500.00  0.00
478.00  0.00
422.00  0.00
395.00  0.00
389.00  0.00
592.00  0.00
656.00  0.00
479.00  0.00
422.00  0.00
396.00  0.00
389.00  0.00
576.00  0.00
639.00  0.00
483.00  0.00
431.00  0.00
399.00  0.00
389.00  0.00
578.00  0.00
640.00  0.00
478.00  0.00
426.00  0.00
403.00  0.00
396.00  0.00
580.00  0.00
639.00  0.00
483.00  0.00
427.00  0.00
400.00  0.00
393.00  0.00
577.00  0.00
646.00  0.00
494.00  0.00
436.00  0.00
403.00  0.00
396.00  0.00
581.00  0.00
624.00  0.00
461.00  0.00
426.00  0.00
403.00  0.00
396.00  0.00
595.00  0.00
638.00  0.00
467.00  0.00
431.00  0.00
399.00  0.00
392.00  0.00
595.00  0.00
660.00  0.00
485.00  0.00
426.00  0.00
399.00  0.00
392.00  0.00
491.00  0.00
550.00  0.00
483.00  0.00
431.00  0.00
403.00  0.00
396.00  0.00
595.00  0.00
660.00  0.00
484.00  0.00
422.00  0.00