547.00  0.00
517.00  0.00
489.00  0.00
489.00  0.00
517.00  0.00
517.00  0.00
517.00  0.00
517.00  0.00
525.00  0.00
525.00  0.00
517.00  0.00
517.00  0.00
525.00  0.00
524.00  0.00
517.00  0.00
517.00  0.00
518.00  0.00
518.00  0.00
517.00  0.00
517.00  0.00
517.00  0.00
518.00  0.00
496.00  0.00
496.00  0.27
518.00  0.00
517.00  0.00
517.00  0.00
517.00  0.00
517.00  0.00
517.00  0.00
517.00  0.00
517.00  0.00
524.00  0.00
524.00  0.00
517.00  0.00
517.00  0.00
517.00  0.00
517.00  0.00
517.00  0.00
517.00  0.00
526.00  0.00
520.00  0.00
519.00  0.00
519.00  0.00
512.00  0.00
517.00  0.00
517.00  0.00
517.00  0.00
517.00  0.00
517.00  0.00
517.00  0.00
517.00  0.00
517.00  0.00
517.00  0.00
524.00  0.13
525.00  0.00
518.00  0.00
517.00  0.00
517.00  0.00
522.00  0.00
530.00  0.00
525.00  0.00
525.00  0.00
525.00  0.00
518.00  0.00
517.00  0.00
517.00  0.00
517.00  0.00
517.00  0.00
512.00  0.00
512.00  0.00
517.00  0.06
490.00  0.00
489.00  0.00
516.00  0.00
512.00  0.00
491.00  0.00
496.00  0.00
517.00  0.00
517.00  0.00
517.00  0.00
512.00  0.00
512.00  0.00
517.00  0.00
518.00  0.00
513.00  0.00
512.00  0.00
512.00  0.00
512.00  0.00
517.00  0.00
517.00  0.00
512.00  0.00
512.00  0.00
517.00  0.00
517.00  0.00
516.00  0.00
509.00  0.00
505.00  0.00
505.00  0.00
510.00  0.00
517.00  0.00
512.00  0.00
484.00  0.00
484.00  0.00
512.00  0.00
517.00  0.00
490.00  0.00
490.00  0.00
517.00  0.00
512.00  0.00
512.00  0.00
517.00  0.00
516.00  0.00
512.00  0.00
512.00  0.00
512.00  0.00
512.00  0.00
517.00  0.00
517.00  0.00
512.00  0.00