201.00  0.00
174.00  0.00
191.00  0.00
179.00  0.00
162.00  0.00
137.00  0.00
136.00  0.00
173.00  0.00
189.00  0.00
177.00  0.00
162.00  0.00
137.00  0.00
137.00  0.00
177.00  0.00
194.00  0.00
183.00  0.00
166.00  0.00
139.00  0.00
139.00  0.00
178.00  0.00
195.00  0.00
181.00  0.00
163.00  0.00
137.00  0.00
136.00  0.00
173.00  0.00
188.00  0.00
176.00  0.00
162.00  0.00
137.00  0.00
137.00  0.00
176.00  0.00
193.00  0.00
181.00  0.00
165.00  0.00
138.00  0.00
138.00  0.00
179.00  0.00
197.00  0.00
184.00  0.00
167.00  0.00
141.00  0.00
140.00  0.00
178.00  0.00
194.00  0.00
181.00  0.00
165.00  0.00
138.00  0.00
138.00  0.00
179.00  0.00
197.00  0.00
184.00  0.00
167.00  0.00
141.00  0.00
142.00  0.00
181.00  0.00
196.00  0.00
182.00  0.00
165.00  0.00
138.00  0.00
138.00  0.00
155.00  0.00
171.00  0.00
180.00  0.00
163.00  0.00
136.00  0.00
135.00  0.00
172.00  0.00
188.00  0.00
177.00  0.00
161.00  0.00
134.00  0.00
134.00  0.00
150.00  0.00
167.00  0.00
176.00  0.00
161.00  0.00
137.00  0.00
138.00  0.00
178.00  0.00
194.00  0.00
179.00  0.00
162.00  0.00
137.00  0.00
137.00  0.00
176.00  0.00
193.00  0.00
181.00  0.00
164.00  0.00
137.00  0.00
137.00  0.00
175.00  0.00
192.00  0.00
180.00  0.00
164.00  0.00
139.00  0.00
138.00  0.00
179.00  0.00
197.00  0.00
185.00  0.00
170.00  0.00
141.00  0.00
158.00  0.00
175.00  0.00
182.00  0.00
164.00  0.00
139.00  0.00
138.00  0.00
154.00  0.00
170.00  0.00
181.00  0.00
165.00  0.00
138.00  0.00
138.00  0.00
154.00  0.00
170.00  0.00
179.00  0.00
162.00  0.00
137.00  0.00
138.00  0.00