878.00  0.00
834.00  0.00
753.00  0.00
833.00  0.00
833.00  0.00
751.00  0.00
816.00  0.00
831.00  0.00
765.00  0.00
833.00  0.00
847.00  0.00
778.00  0.00
827.00  0.00
814.00  0.00
763.00  0.00
826.00  0.00
814.00  0.00
753.00  0.00
815.00  0.00
814.00  0.00
752.00  0.00
816.00  0.00
828.00  0.00
764.00  0.00
815.00  0.00
828.00  0.00
777.00  0.00
828.00  0.00
816.00  0.00
753.00  0.00
815.00  0.19
814.00  0.00
751.00  0.00
833.00  0.00
833.00  0.00
752.00  0.00
814.00  0.00
828.00  0.00
765.00  0.00
814.00  0.00
827.00  0.00
764.00  0.00
833.00  0.00
847.00  0.00
766.00  0.00
816.00  0.00
828.00  0.00
764.00  0.00
833.00  0.00
846.00  0.00
777.00  0.00
846.00  0.00
860.00  0.00
778.00  0.00
834.00  0.00
848.00  0.00
765.00  0.00
833.00  0.00
862.00  0.00
794.00  0.00
847.00  0.00
846.00  0.00
764.00  0.00
833.00  0.00
847.00  0.00
765.00  0.00
833.00  0.00
846.00  0.00
763.00  0.00
832.00  0.00
847.00  0.19
778.00  0.00
846.00  0.00
848.00  0.00
765.00  0.00
832.00  0.00
846.00  0.00
763.00  0.00
832.00  0.00
847.00  0.00
765.00  0.00
832.00  0.00
846.00  0.00
765.00  0.00
834.00  0.00
848.00  0.00
778.00  0.00
845.00  0.00
845.00  0.00
763.00  0.00
832.00  0.00
846.00  0.03
763.00  0.00
814.00  0.00
828.00  0.00
777.00  0.00
846.00  0.00
847.00  0.00
764.00  0.00
832.00  0.00
847.00  0.00
764.00  0.00
832.00  0.00
861.00  0.00
778.00  0.00
833.00  0.00
847.00  0.00
764.00  0.00
834.00  0.00
848.00  0.00
778.00  0.00
846.00  0.00
845.00  0.00
763.00  0.00
832.00  0.00
834.00  0.00
765.00  0.00
845.00  0.00
847.00  0.00
765.00  0.00