554.00  0.00
519.00  0.00
512.00  0.00
519.00  0.00
525.00  0.00
525.00  0.00
525.00  0.00
524.00  0.00
525.00  0.00
525.00  0.00
525.00  0.00
525.00  0.00
525.00  0.00
525.00  0.00
525.00  0.00
519.00  0.00
518.00  0.00
524.00  0.00
525.00  0.00
525.00  0.00
532.00  0.00
531.00  0.00
525.00  0.00
525.00  0.00
525.00  0.00
524.00  0.00
519.00  0.00
512.00  0.00
512.00  0.00
512.00  0.00
512.00  0.00
512.00  0.00
519.00  0.00
525.00  0.00
518.00  0.00
518.00  0.00
524.00  0.00
525.00  0.00
525.00  0.00
518.00  0.00
512.00  0.00
518.00  0.00
518.00  0.00
512.00  0.00
512.00  0.00
518.00  0.00
525.00  0.00
525.00  0.00
525.00  0.00
519.00  0.00
519.00  0.00
519.00  0.00
518.00  0.00
524.00  0.00
524.00  0.00
525.00  0.00
524.00  0.00
525.00  0.00
519.00  0.00
519.00  0.00
525.00  0.00
525.00  0.00
525.00  0.00
525.00  0.00
524.00  0.00
524.00  0.00
525.00  0.00
525.00  0.00
525.00  0.00
525.00  0.00
518.00  0.00
518.00  0.00
524.00  0.00
524.00  0.00
524.00  0.00
524.00  0.00
518.00  0.00
518.00  0.00
518.00  0.00
512.00  0.00
512.00  0.00
519.00  0.00
519.00  0.00
512.00  0.00
518.00  0.00
518.00  0.00
512.00  0.00
518.00  0.00
518.00  0.07
519.00  0.00
519.00  0.00
518.00  0.00
524.00  0.00
518.00  0.00
519.00  0.00
519.00  0.00
513.00  0.00
513.00  0.00
513.00  0.00
519.00  0.00
525.00  0.00
525.00  0.00
525.00  0.00
524.00  0.00
524.00  0.00
524.00  0.00
525.00  0.00
518.00  0.00
511.00  0.00
518.00  0.00
525.00  0.00
518.00  0.00
512.00  0.00
512.00  0.00
512.00  0.00
512.00  0.00
512.00  0.00
512.00  0.00
513.00  0.00
519.00  0.00