873.00  0.00
873.00  0.00
637.00  0.00
873.00  0.00
875.00  0.00
629.00  0.00
865.00  0.00
883.00  0.00
645.00  0.00
870.00  0.00
881.00  0.00
646.00  0.00
873.00  0.00
884.00  0.00
639.00  0.00
864.00  0.00
883.00  0.00
647.00  0.00
875.00  0.00
885.00  0.00
647.00  0.00
848.00  0.00
859.00  0.00
647.00  0.00
873.00  0.00
884.00  0.00
648.00  0.00
874.00  0.00
884.00  0.00
647.00  0.00
872.00  0.00
882.00  0.00
647.00  0.00
876.00  0.00
887.00  0.00
638.00  0.00
862.00  0.00
881.00  0.00
646.00  0.00
871.00  0.00
881.00  0.00
647.00  0.00
874.00  0.00
884.00  0.00
647.00  0.00
873.00  0.00
883.00  0.00
648.00  0.00
876.00  0.00
885.00  0.00
612.00  0.00
623.00  0.00
616.00  0.00
616.00  0.00
615.00  0.00
628.00  0.00
670.00  0.00
874.00  0.00
894.00  0.00
658.00  0.00
873.00  0.00
883.00  0.00
647.00  0.00
874.00  0.00
884.00  0.00
657.00  0.00
881.00  0.00
882.00  0.00
647.00  0.00
871.00  0.00
882.00  0.00
656.00  0.00
689.00  0.00
654.00  0.00
847.00  0.00
884.00  0.00
647.00  0.00
874.00  0.00
884.00  0.00
657.00  0.00
883.00  0.00
894.00  0.00
657.00  0.00
873.00  0.00
874.00  0.00
637.00  0.00
874.00  0.00
847.00  0.00
847.00  0.00
855.00  0.00
855.00  0.00
847.00  0.00
849.00  0.00
848.00  0.00
876.00  0.00
884.00  0.00
853.00  0.00
853.00  0.00
854.00  0.00
846.00  0.00
876.00  0.00
875.00  0.00
847.00  0.00
847.00  0.00
847.00  0.00
847.00  0.00
845.00  0.00
845.00  0.00
847.00  0.00
847.00  0.00
847.00  0.00
855.00  0.00
853.00  0.00
853.00  0.00
857.00  0.00
849.00  0.00
847.00  0.00
855.00  0.00
886.00  0.00
877.00  0.00