350.00  0.00
287.00  0.00
222.00  0.00
222.00  0.00
240.00  0.07
265.00  0.00
307.00  0.00
280.00  0.00
220.00  0.00
223.00  0.00
262.00  0.00
300.00  0.00
319.00  0.00
278.00  0.00
218.00  0.00
222.00  0.00
241.00  0.00
262.00  0.00
303.00  0.00
278.00  0.00
216.00  0.00
218.00  0.00
237.00  0.00
261.00  0.00
303.00  0.00
278.00  0.00
216.00  0.00
219.00  0.00
238.00  0.00
262.00  0.00
308.00  0.00
282.00  0.00
219.00  0.00
222.00  0.00
262.00  0.00
288.00  0.00
274.00  0.00
246.00  0.00
221.00  0.00
223.00  0.00
264.00  0.00
290.00  0.00
311.00  0.00
283.00  0.00
219.00  0.00
220.00  0.00
259.00  0.00
282.00  0.00
366.00  0.00
342.00  0.00
222.00  0.00
226.00  0.00
244.00  0.00
271.00  0.00
316.00  0.00
287.00  0.00
223.00  0.00
225.00  0.00
264.00  0.00
302.00  0.00
328.00  0.00
288.00  0.00
225.00  0.00
227.00  0.00
266.00  0.00
290.00  0.00
311.00  0.00
283.00  0.00
220.00  0.00
221.00  0.00
259.00  0.00
300.00  0.00
325.00  0.00
284.00  0.00
223.00  0.00
225.00  0.00
248.00  0.00
288.00  0.00
330.00  0.00
288.00  0.00
224.00  0.00
224.00  0.00
243.00  0.00
269.00  0.00
314.00  0.00
286.00  0.00
222.00  0.00
225.00  0.00
264.00  0.00
304.00  0.00
330.00  0.00
287.00  0.00
223.00  0.00
225.00  0.00
265.00  0.00
290.00  0.00
314.00  0.00
288.00  0.00
223.00  0.00
224.00  0.00
244.00  0.00
285.00  0.00
290.00  0.00
247.00  0.00
223.00  0.00
225.00  0.00
245.00  0.00
286.00  0.00
333.00  0.00
290.00  0.00
223.00  0.00
226.00  0.00
266.00  0.00
304.00  0.00
322.00  0.00
279.00  0.00
220.00  0.00
223.00  0.00
240.00  0.00
262.00  0.00