783.00  0.00
752.00  0.00
1008.00  0.00
928.00  0.00
660.00  0.00
669.00  0.00
669.00  0.00
740.00  0.00
1010.00  0.00
929.00  0.00
659.00  0.00
679.00  0.00
691.00  0.00
753.00  0.00
975.00  0.00
885.00  0.00
662.00  0.00
690.00  0.00
690.00  0.00
752.00  0.00
976.00  0.00
896.00  0.00
672.00  0.00
689.00  0.00
690.00  0.00
753.00  0.00
1009.00  0.00
927.00  0.00
671.00  0.00
690.00  0.00
690.00  0.00
751.00  0.00
976.00  0.00
896.00  0.00
659.00  0.00
679.00  0.00
691.00  0.00
753.00  0.00
975.00  0.00
885.00  0.00
650.00  0.00
668.00  0.00
681.00  0.00
753.00  0.00
980.00  0.00
898.00  0.00
660.00  0.00
670.00  0.00
683.00  0.00
755.00  0.00
1012.00  0.00
929.00  0.00
659.00  0.00
669.00  0.00
680.00  0.00
751.00  0.00
976.00  0.00
888.00  0.00
651.00  0.00
679.00  0.00
690.00  0.00
753.00  0.00
978.00  0.00
895.00  0.00
659.00  0.00
669.00  0.00
681.00  0.00
752.00  0.00
1010.00  0.00
921.00  0.00
659.00  0.00
685.00  0.00
679.00  0.00
742.00  0.00
1010.00  0.00
920.00  0.00
651.00  0.00
679.00  0.00
691.00  0.00
753.00  0.00
979.00  0.00
897.00  0.00
659.00  0.00
677.00  0.00
689.00  0.00
753.00  0.00
1011.00  0.00
921.00  0.00
663.00  0.00
680.00  0.00
693.00  0.00
765.00  0.00
975.00  0.00
893.00  0.00
660.00  0.00
679.00  0.00
680.00  0.00
742.00  0.00
1009.00  0.00
927.00  0.00
659.00  0.00
669.00  0.00
681.00  0.00
753.00  0.00
1011.00  0.00
929.00  0.00
659.00  0.00
669.00  0.00
681.00  0.00
740.00  0.00
997.00  0.00
929.00  0.00
671.00  0.00
681.00  0.00
669.00  0.00
740.00  0.00
974.00  0.00
894.00  0.00
659.00  0.00
668.00  0.00