799.00  0.00
1262.00  0.00
1387.00  0.00
1305.00  0.00
878.00  0.00
878.00  0.00
1175.00  0.00
1257.00  0.00
1387.00  0.00
1305.00  0.00
878.00  0.00
878.00  0.00
1176.00  0.00
1256.00  0.00
1383.00  0.00
1303.00  0.00
879.00  0.00
863.00  0.00
1160.00  0.00
1257.00  0.00
1384.00  0.00
1302.00  0.00
878.00  0.00
863.00  0.00
1164.00  0.00
1260.00  0.00
1464.00  0.00
1402.00  0.00
916.00  0.00
897.00  0.00
1231.00  0.00
1313.00  0.00
1396.00  0.00
1314.00  0.00
878.00  0.00
878.00  0.00
1175.00  0.00
1257.00  0.00
1384.00  0.00
1320.00  0.00
916.00  0.00
899.00  0.00
1175.00  0.00
1257.00  0.00
1439.00  0.00
1357.00  0.00
878.00  0.00
878.00  0.00
1179.00  0.00
1260.00  0.00
1384.00  0.00
1302.00  0.00
878.00  0.00
878.00  0.00
1176.00  0.00
1257.00  0.00
1384.00  0.00
1303.00  0.00
879.00  0.00
878.00  0.00
1232.00  0.00
1314.00  0.00
1384.00  0.03
1302.00  0.00
878.00  0.00
864.00  0.00
1165.00  0.00
1260.00  0.00
1463.00  0.00
1382.00  0.00
898.00  0.00
899.00  0.00
1176.00  0.00
1257.00  0.00
1384.00  0.00
1302.00  0.00
878.00  0.00
879.00  0.00
1175.00  0.00
1256.00  0.00
1385.00  0.00
1320.00  0.00
895.00  0.00
878.00  0.00
1174.00  0.00
1256.00  0.00
1384.00  0.00
1303.00  0.00
879.00  0.00
878.00  0.00
1236.00  0.00
1318.00  0.00
1383.00  0.00
1301.00  0.00
878.00  0.00
862.00  0.00
1159.00  0.00
1256.00  0.00
1388.00  0.00
1308.00  0.00
878.00  0.00
879.00  0.00
1178.00  0.00
1258.00  0.00
1383.00  0.00
1302.00  0.00
861.00  0.00
846.00  0.00
1162.00  0.00
1259.00  0.00
1384.00  0.00
1319.00  0.00
916.00  0.00
900.00  0.00
1180.00  0.00
1261.00  0.00
1461.00  0.00
1396.00  0.00
896.00  0.00
879.00  0.00