1019.00  0.00
700.00  0.00
776.00  0.00
800.00  0.00
700.00  0.00
996.00  0.00
1080.00  0.00
826.00  0.00
755.00  0.00
740.00  0.00
728.00  0.00
964.00  0.00
1046.00  0.00
810.00  0.00
740.00  0.00
740.00  0.00
729.00  0.00
999.00  0.00
1098.00  0.00
827.00  0.00
739.00  0.00
739.00  0.00
740.00  0.00
1008.00  0.00
1096.00  0.00
842.00  0.00
766.00  0.00
752.00  0.00
1047.00  0.00
1095.00  0.00
842.00  0.00
755.00  0.00
739.00  0.00
727.00  0.00
999.00  0.00
1100.00  0.00
843.00  0.00
755.00  0.00
739.00  0.00
727.00  0.00
972.00  0.00
1072.00  0.00
828.00  0.00
752.00  0.00
751.00  0.00
727.00  0.00
991.00  0.00
1089.00  0.00
827.00  0.00
752.00  0.00
752.00  0.00
739.00  0.00
1008.00  0.00
1079.00  0.00
825.00  0.00
766.00  0.00
751.00  0.00
728.00  0.00
999.00  0.00
1098.00  0.00
827.00  0.00
751.00  0.00
738.00  0.00
716.00  0.00
997.00  0.00
1079.00  0.00
813.00  0.00
753.00  0.00
751.00  0.00
728.00  0.00
999.00  0.00
1081.00  0.00
812.00  0.00
742.00  0.00
741.00  0.00
729.00  0.00
1000.00  0.00
1099.00  0.00
827.00  0.00
740.00  0.00
739.00  0.00
728.00  0.00
961.00  0.00
1060.00  0.00
842.00  0.00
766.00  0.00
751.00  0.00
729.00  0.00
1000.00  0.00
1065.00  0.00
808.00  0.00
755.00  0.00
727.00  0.00
716.00  0.00
1000.00  0.00
1098.00  0.00
826.00  0.00
751.00  0.00
752.00  0.00
729.00  0.00
1000.00  0.00
1098.00  0.00
827.00  0.00
740.00  0.00
739.00  0.00
727.00  0.00
997.00  0.00
1079.00  0.00
811.00  0.00
741.00  0.00
740.00  0.00
719.00  0.00
990.00  0.00
1082.00  0.00
824.00  0.00
765.00  0.00
751.00  0.00
728.00  0.00
997.00  0.00
1079.00  0.00