       5.30           
       5.26           
       5.19           
       5.19           
       5.29           
       5.36           
       5.27           
       5.37           
       5.25           
       5.33           
       5.40           
       5.43           
       5.27           
       5.24           
       5.28           
       5.38           
       5.48           
       5.35           
       5.37           
       5.30           
       5.30           
       5.30           
       5.18           
       5.38           
       5.29           
       5.25           
       5.26           
       5.16           
       5.21           
       5.09           
       5.35           
       5.52           
       5.36           
       5.23           
       5.37           
       5.31           
       5.34           
       5.32           
       5.16           
       4.86           
       5.19           
       5.29           
       5.37           
       5.20           
       5.29           
       5.17           
       5.17           
       5.24           
       5.26           
       5.19           
       5.14           
       5.28           
       5.19           
       5.43           
       5.44           
       5.33           
       5.36           
       5.37           
       5.31           
       5.28           
       5.18           
       5.18           
       4.97           
       5.07           
       5.29           
       5.19           
       4.98           
       5.06           
       5.03           
       4.99           
       5.21           
       5.26           
       5.10           
       5.05           
       5.11           
       5.14           
       5.00           
       4.87           
       5.17           
       5.35           
       4.78           
       5.25           
       5.30           
       5.05           
       5.19           
       5.24           
       5.31           
       5.43           
       5.41           
       5.39           
       5.24           
       5.12           
       5.25           
       5.40           
       5.43           
       5.38           
       5.41           
       5.44           
       5.52           
       5.41           
       5.30           
       5.27           
       5.32           
       5.38           
       5.26           
       5.24           
       5.20           
       4.95           
       5.12           
       5.15           
       5.37           
       5.31           
       5.35           
       5.29           
       5.20           
       5.08           
       5.24           
       5.21           
       5.33           
       5.30           
       4.68           
       5.03           
       5.15           
       5.28           
       5.36           
       5.48           
       5.50           
       5.62           
       5.46           
       5.48           
       5.43           
       5.46           
       5.38           
       5.56           
       5.21           
       5.25           
       5.46           
       5.39           
       5.24           
       5.10           
       5.42           
       5.39           
       5.37           
       5.54           
       5.68           
       5.43           
       5.83           
       5.57           
       5.35           
       5.47           
       5.75           
       5.81           
       5.63           
       5.48           
       5.28           
       5.13           
       5.28           
       5.20           
       5.27           
       4.89           
       5.17           
       5.30           
       5.06           
       5.30           
       5.48           
       5.37           
       5.47           
       5.51           
       5.59           
       5.64           
       5.44           
       5.47           
       5.38           
       5.32           
       5.38           
       5.43           
       5.25           
       5.27           
       4.92           
       5.27           
       4.98           
       4.97           
       4.92           
       4.86           
       4.15           
       5.05           
       5.26           
       5.19           
       5.34           
       5.34           
       5.23           
       5.29           
       5.25           
       5.19           
       5.23           
       5.25           
       5.24           
       5.21           
       5.31           
       5.36           
       5.32           
       5.38           
       5.39           
       5.42           
       5.26           
       5.27           
       5.33           
       5.49           
       5.35           
       5.25           
       5.21           
       5.25           
       5.09           
       5.21           
       5.18           
       5.27           
       5.26           
       5.35           
       5.22           
       5.41           
       5.35           
       5.39           
       5.43           
       5.49           
       5.53           
       5.42           
       5.46           
       5.34           
       5.27           
       5.45           
       5.53           
       5.44           
       5.37           
       5.45           
       5.27           
       5.42           
       5.21           
       5.22           
       5.17           
       5.41           
       5.33           
       5.45           
       5.40           
       5.21           
       5.17           
       4.94           
       4.95           
       5.17           
       5.27           
       5.24           
       5.32           
       5.40           
       5.48           
       5.35           
       5.24           
       5.06           
       5.04           
       4.99           
       4.92           
       5.19           
       5.28           
       5.28           
       5.33           
       5.46           
       5.25           
       5.32           
       5.26           
       5.62           
       5.34           
       5.44           
       5.39           
       5.38           
       5.46           
       5.60           
       5.51           
       5.33           
       5.40           
       5.28           
       5.26           
       5.24           
       5.26           
       5.26           
       5.20           
       5.26           
       5.24           
       5.13           
       5.06           
       4.92           
       4.87           
       4.72           
       5.11           
       5.11           
       5.07           
       5.01           
       4.89           
       5.02           
       5.31           
       5.34           
       5.33           
       5.39           
       5.31           
       5.30           
       5.08           
       5.05           
       5.18           
       5.27           
       5.22           
       5.23           
       5.21           
       5.18           
       5.03           
       5.16           
       5.27           
       5.26           
       5.12           
       4.96           
       5.22           
       5.15           
       5.23           
       5.21           
       5.28           
       5.23           
       5.07           
       5.36           
       5.34           
       5.24           
       5.22           
       5.15           
       5.01           
       5.22           
       5.24           
       5.34           
       5.43           
       5.21           
       5.16           
       5.30           
       5.41           
       5.35           
       5.35           
       5.31           
       5.40           
       5.24           
       5.21           
       5.23           
       5.31           
       5.25           
       5.18           
       5.10           
       4.85           
       4.70           
       5.30           
       5.27           
       5.48           
       5.44           
       5.26           
       5.32           
       5.41           
       5.27           
       5.31           
       5.31           
       5.37           
       5.48           
       5.62           
       5.52           
       5.51           
       5.47           
       5.57           
       5.28           
       5.22           
       5.29           
       5.28           
       5.29           
       5.21           
       5.21           
       5.34           
       5.36           
       5.24           
       5.20           
       5.23           
       5.38           
       5.36           
       5.29           
       5.35           
       5.32           
       5.38           
       5.42           
       5.39           
       5.39           
       5.44           
       5.40           
       5.53           
       5.25           
       5.23           
       5.34           
       5.27           
       5.61           
       5.49           
       5.45           
       5.42           
       5.19           
       4.84           
       5.23           
       5.35           
       5.40           
       5.44           
       5.23           
       5.25           
       5.31           
       5.21           
       5.10           
       5.00           
       5.13           
       5.27           
       5.20           
       5.10           
       5.26           
       5.46           
       5.36           
       5.27           
       5.44           
       5.48           
       5.34           
       5.26           
       5.07           
       5.05           
       5.19           
       5.27           
       5.25           
       5.20           
       5.43           
       5.55           
       5.61           
       5.50           
       5.19           
       5.02           
       5.20           
       5.51           
       4.99           
       5.38           
       5.37           
       5.29           
       5.40           
       5.32           
       5.32           
       5.22           
       5.33           
       5.21           
       5.21           
       5.32           
       5.23           
       5.00           
       5.11           
       5.38           
       5.13           
       5.29           
       5.48           
       5.43           
       5.25           
       4.74           
       5.11           
       5.21           
       5.35           
       5.33           
       5.24           
       5.36           
       5.68           
       5.46           
       5.27           
       5.19           
       5.32           
       5.34           
       5.46           
       5.34           
       5.32           
       5.36           
       5.48           
       5.33           
       5.26           
       5.09           
       4.69           
       4.99           
       5.05           
       5.32           
       5.30           
       5.24           
       5.48           
       5.38           
       5.42           
       5.41           
       5.38           
       5.21           
       5.31           
       5.40           
       5.42           
       5.48           
       5.43           
       5.41           
       5.43           
       5.31           
       5.31           
       5.35           
       5.34           
       5.39           
       5.32           
       5.23           
       5.38           
       5.35           
       5.37           
       5.30           
       4.97           
       5.11           
       5.26           
       5.15           
       5.32           
       5.27           
       5.31           
       5.37           
       5.36           
       5.28           
       5.33           
       5.29           
       5.33           
       5.34           
       5.31           
       5.28           
       5.42           
       5.32           
       5.22           
       5.37           
       5.24           
       5.17           
       5.35           
       5.60           
       5.42           
       5.51           
       5.38           
       5.48           
       5.36           
       5.38           
       5.26           
       5.43           
       5.46           
       5.56           
       5.53           
       5.53           
       5.36           
       5.25           
       5.24           
       5.36           
       5.38           
       5.27           
       5.40           
       5.43           
       5.38           
       5.38           
       5.21           
       5.73           
       5.39           
       5.10           
       5.16           
       5.20           
       4.84           
       4.98           
       5.14           
       5.28           
       5.24           
       5.39           
       5.26           
       5.24           
       5.44           
       5.55           
       5.43           
       5.31           
       5.31           
       5.37           
       5.50           
       5.44           
       5.16           
       5.04           
       5.26           
       5.25           
       5.40           
       5.32           
       5.31           
       5.38           
       5.23           
       5.32           
       5.41           
       5.31           
       5.35           
       5.28           
       5.28           
       5.39           
       5.14           
       5.31           
       5.42           
       5.21           
       5.17           
       5.24           
       5.24           
       5.16           
       5.23           
       5.40           
       5.37           
       5.52           
       5.43           
       5.57           
       5.31           
       5.28           
       5.47           
       5.45           
       5.71           
       5.66           
       5.44           
       5.47           
       5.39           
       5.46           
       5.79           
       5.56           
       5.52           
       5.41           
       5.54           
       5.46           
       5.39           
       5.67           
       5.42           
       5.26           
       5.36           
       5.33           
       5.24           
       5.36           
       5.23           
       5.35           
       5.39           
       5.44           
       5.42           
       5.34           
       5.29           
       5.36           
       5.47           
       5.31           
       5.37           
       5.32           
       5.35           
       5.30           
       5.32           
       5.31           
       5.40           
       5.36           
       5.26           
       5.26           
       5.41           
       5.46           
       5.28           
       5.30           
       5.36           
       5.19           
       5.27           
       5.22           
       5.26           
       5.26           
       5.23           
       5.22           
       5.38           
       5.35           
       5.40           
       5.30           
       5.38           
       5.41           
       5.44           
       5.06           
       5.03           
       5.35           
       5.37           
       5.34           
       5.27           
       5.41           
       5.35           
       5.35           
       5.42           
       5.38           
       5.31           
       5.28           
       5.33           
       5.33           
       5.23           
       5.24           
       5.28           
       5.30           
       5.29           
       5.20           
       5.24           
       5.37           
       5.28           
       5.39           
       5.35           
       5.33           
       5.21           
       5.30           
       5.32           
       5.29           
       5.39           
       5.27           
       5.15           
       5.21           
       5.19           
       5.14           
       5.10           
       5.24           
       5.23           
       5.24           
       5.18           
       5.33           
       5.45           
       5.55           
       5.53           
       5.51           
       5.45           
       5.47           
       5.33           
       5.37           
       5.22           
       5.22           
       5.40           
       5.44           
       5.20           
       5.29           
       5.29           
       5.17           
       4.72           
       4.74           
       5.24           
       5.07           
       4.75           
       4.89           
       5.13           
       4.74           
       5.02           
       4.99           
       5.05           
       5.12           
       5.36           
       5.51           
       5.46           
       5.44           
       5.34           
       5.29           
       5.25           
       5.31           
       5.30           
       5.15           
       5.53           
       5.46           
       5.62           
       5.49           
       5.32           
       5.11           
       5.39           
       5.28           
       5.24           
       5.20           
       5.02           
       5.08           
       5.39           
       5.22           
       5.34           
       5.32           
       5.37           
       5.37           
       5.39           
       5.37           
       5.39           
       5.34           
       5.17           
       5.22           
       5.07           
       5.28           
       5.25           
       5.13           
       5.15           
       5.33           
       5.22           
       5.05           
       5.32           
       5.40           
       5.20           
       5.14           
       5.26           
       5.32           
       5.40           
       5.19           
       5.38           
       5.21           
       5.32           
       5.33           
       5.29           
       5.39           
       5.34           
       5.50           
       5.37           
       5.29           
       5.31           
       5.32           
       5.46           
       5.34           
       5.30           
       5.41           
       5.52           
       5.53           
       5.32           
       5.11           
       5.13           
       5.29           
       5.35           
       5.30           
       5.41           
       5.14           
       5.34           
       5.22           
       5.02           
       5.23           
       5.23           
       5.23           
       5.19           
       5.31           
       5.34           
       5.28           
       5.28           
       5.32           
       5.41           
       5.34           
       5.42           
       5.25           
       5.11           
       5.10           
       5.08           
       5.20           
       5.20           
       5.25           
       5.37           
       5.31           
       5.31           
       5.24           
       5.48           
       5.40           
       5.52           
       5.42           
       5.37           
       5.29           
       5.25           
       5.31           
       5.41           
       5.24           
       5.38           
       5.21           
       4.76           
       5.07           
       5.24           
       5.20           
       5.31           
       5.41           
       5.36           
       5.30           
       5.28           
       5.33           
       5.22           
       5.39           
       5.41           
       5.45           
       5.35           
       5.37           
       5.17           
       5.15           
       5.26           
       5.21           
       5.45           
       5.44           
       5.24           
       5.39           
       5.37           
       5.18           
       5.43           
       5.12           
       5.39           
       5.34           
       5.28           
       5.33           
       5.42           
       5.23           
       5.27           
       5.29           
       5.40           
       5.42           
       5.29           
       5.31           
       5.38           
       5.40           
       5.47           
       5.50           
       5.46           
       5.13           
       5.32           
       5.19           
       5.24           
       5.37           
       5.31           
       5.27           
       5.30           
       5.39           
       5.35           
       5.32           
       5.29           
       5.13           
       5.17           
       5.37           
       5.31           
       5.27           
       5.28           
       5.39           
       5.31           
       5.33           
       5.30           
       5.17           
       5.34           
       5.34           
       5.33           
       5.35           
       5.23           
       5.31           
       5.37           
       5.37           
       5.43           
       5.40           
       5.15           
       5.09           
       5.15           
       5.53           
       5.23           
       5.40           
       5.44           
       5.32           
       5.26           
       5.49           
       5.47           
       5.32           
       4.94           
       5.21           
       5.23           
       5.34           
       5.39           
       5.33           
       5.11           
       5.23           
       5.47           
       5.51           
       5.44           
       5.23           
       5.34           
       5.35           
       5.40           
       5.46           
       5.62           
       5.40           
       5.48           
       5.47           
       5.51           
       5.45           
       5.46           
       5.42           
       4.96           
       5.32           
       5.42           
       5.31           
       5.33           
       5.14           
       5.14           
       5.27           
       5.33           
       5.27           
       5.29           
       5.24           
       5.20           
       5.27           
       5.33           
       5.42           
       5.34           
       5.25           
       5.24           
       5.37           
       5.37           
       5.38           
       5.35           
       5.36           
       5.18           
       4.94           
       5.19           
       5.26           
       5.47           
       5.61           
       5.50           
       5.50           
       5.31           
       5.36           
       5.45           
       5.49           
       5.49           
       5.40           
       5.48           
       5.66           
       5.66           
       5.63           
       5.49           
       5.24           
       5.33           
       5.44           
       5.40           
       5.45           
       5.51           
       5.48           
       5.37           
       5.34           
       5.46           
       5.67           
       5.81           
       5.46           
       5.45           
       5.42           
       5.41           
       5.46           
       5.43           
       5.50           
       5.45           
       5.45           
       5.63           
       5.56           
       5.55           
       5.36           
       5.42           
       5.44           
       5.22           
       4.71           
       5.02           
       5.16           
       5.28           
       5.26           
       5.17           
       5.35           
       5.27           
       5.39           
       5.28           
       5.24           
       4.47           
       4.86           
       4.93           
       5.08           
       5.20           
       5.40           
       5.33           
       5.33           
       5.37           
       5.45           
       5.33           
       5.14           
       4.95           
       4.87           
       4.74           
       4.91           
       4.85           
       5.23           
       5.28           
       5.35           
       5.29           
       5.32           
       5.35           
       5.33           
       5.21           
       5.06           
       5.24           
       5.34           
       5.53           
       5.45           
       5.35           
       5.35           
       5.34           
       5.48           
       5.52           
       5.33           
       5.05           
       5.23           
       5.32           
       5.34           
       5.36           
       5.35           
       5.33           
       5.39           
       5.35           
       5.22           
       5.36           
       5.26           
       5.41           
       5.27           
       5.04           
       5.28           
       5.66           
       5.79           
       5.39           
       5.36           
       5.34           
       5.33           
       5.57           
       5.44           
       5.28           
       5.58           
       5.46           
       5.45           
       5.51           
       5.49           
       5.31           
       5.55           
       5.38           
       5.55           
       5.38           
       5.42           
       5.46           
       5.63           
       5.51           
       5.37           
       5.38           
       5.37           
       5.22           
       5.39           
       5.29           
       5.16           
       5.29           
       5.33           
       5.33           
       4.85           
       4.86           
       5.05           
       5.30           
       5.17           
       5.26           
       5.30           
       5.17           
       5.16           
       5.17           
       5.03           
       5.39           
       5.25           
       5.27           
       5.21           
       5.23           
       5.26           
       5.45           
       5.40           
       5.23           
       5.24           
       5.33           
       5.41           
       5.43           
       5.34           
       5.47           
       5.27           
       5.36           
       5.09           
       5.08           
       5.34           
       5.44           
       5.46           
       5.33           
       5.36           
       5.52           
       5.55           
       5.55           
       5.36           
       5.28           
       5.37           
       5.37           
       5.46           
       5.36           
       5.38           
       5.36           
       5.38           
       5.30           
       5.35           
       5.41           
       5.14           
       5.13           
       5.08           
       4.75           
       5.24           
       4.65           
       5.43           
       5.38           
       5.37           
       5.09           
       5.08           
       4.94           
       5.06           
       4.89           
       5.17           
       5.37           
       5.30           
       5.27           
       4.91           
       5.20           
       5.46           
       5.81           
       5.69           
       5.29           
       5.13           
       5.26           
       5.33           
       5.29           
       5.49           
       5.36           
       5.46           
       5.40           
       5.38           
       5.24           
       5.28           
       5.42           
       5.52           
       5.50           
       5.46           
       5.58           
       5.41           
       5.34           
       5.38           
       5.33           
       5.33           
       5.11           
       5.13           
       5.20           
       5.41           
       5.35           
       5.46           
       5.40           
       5.03           
       5.26           
       5.34           
       5.56           
       5.53           
       5.57           
       4.91           
       5.32           
       5.39           
       5.37           
       5.25           
       5.38           
       5.45           
       5.41           
       5.48           
       5.37           
       5.38           
       5.39           
       5.56           
       5.43           
       5.53           
       5.39           
       5.37           
       5.37           
       5.49           
       5.50           
       5.51           
       5.42           
       5.36           
       5.27           
       5.33           
       5.50           
       5.50           
       5.50           
       5.49           
       5.63           
       5.66           
       5.46           
       5.35           
       5.44           
       5.26           
       5.35           
       5.59           
       5.51           
       5.43           
       5.57           
       5.32           
       5.46           
       5.34           
       5.34           
       5.45           
       5.29           
       4.86           
       5.07           
       5.18           
       5.30           
       5.38           
       5.40           
       5.44           
       5.37           
       5.43           
       5.43           
       5.51           
       5.46           
       5.43           
       5.55           
       5.54           
       5.08           
       5.24           
       5.23           
       5.34           
       5.29           
       5.39           
       5.45           
       5.06           
       5.10           
       4.89           
       4.93           
       5.28           
       5.38           
       5.38           
       5.46           
       5.43           
       5.33           
       5.44           
       5.40           
       5.47           
       5.40           
       5.48           
       5.31           
       5.22           
       5.18           
       5.28           
       5.15           
       5.29           
       5.35           
       5.28           
       5.30           
       5.32           
       5.43           
       5.33           
       5.32           
       5.30           
       5.29           
       5.68           
       5.58           
       5.81           
       5.72           
       5.55           
       5.63           
       5.51           
       5.30           
       5.47           
       5.49           
       5.40           
       5.33           
       5.33           
       5.48           
       5.56           
       5.40           
       5.36           
       5.29           
       5.13           
       5.39           
       5.48           
       5.54           
       5.45           
       5.54           
       5.39           
       5.39           
       5.35           
       5.41           
       5.46           
       5.50           
       5.32           
       5.08           
       5.03           
       4.79           
       4.87           
       4.69           
       5.36           
       5.24           
       5.22           
       5.42           
       5.44           
       5.41           
       5.47           
       5.46           
       5.37           
       5.39           
       5.28           
       5.42           
       5.26           
       5.55           
       5.50           
       5.54           
       5.43           
       5.61           
       5.29           
       5.43           
       5.24           
       5.41           
       5.36           
       5.49           
       5.59           
       5.63           
       5.62           
       5.46           
       5.23           
       5.33           
       5.30           
       5.29           
       5.21           
       5.31           
       5.26           
       5.06           
       5.15           
       5.27           
       5.03           
       5.33           
       5.40           
       5.33           
       5.30           
       5.38           
       5.33           
       5.45           
       5.35           
       5.47           
       5.45           
       5.48           
       5.38           
       5.42           
       5.37           
       5.25           
       5.37           
       5.39           
       5.38           
       5.46           
       5.35           
       4.95           
       5.24           
       5.22           
       5.31           
       5.44           
       5.40           
       5.42           
       5.49           
       5.38           
       5.39           
       5.27           
       5.45           
       5.25           
       5.22           
       5.25           
       5.30           
       5.25           
       5.36           
       5.34           
       5.34           
       5.49           
       5.42           
       5.29           
       5.53           
       5.56           
       5.33           
       5.34           
       5.42           
       5.47           
       5.36           
       5.18           
       5.03           
       5.39           
       5.33           
       5.32           
       5.39           
       5.49           
       5.44           
       5.34           
       5.37           
       5.33           
       5.44           
       5.37           
       5.34           
       5.35           
       5.46           
       5.37           
       5.43           
       5.37           
       5.36           
       5.54           
       5.39           
       5.51           
       5.40           
       5.40           
       5.32           
       5.32           
       5.22           
       5.05           
       5.03           
       5.36           
       5.51           
       5.43           
       5.47           
       5.34           
       5.38           
       5.40           
       5.31           
       5.45           
       5.36           
       5.14           
       5.35           
       5.37           
       5.33           
       5.39           
       5.40           
       5.43           
       5.34           
       5.37           
       5.56           
       5.59           
       5.54           
       5.49           
       5.55           
       5.61           
       5.34           
       5.33           
       5.32           
       5.44           
       5.43           
       5.54           
       5.46           
       5.59           
       5.54           
       5.38           
       5.56           
       5.71           
       5.65           
       5.42           
       5.37           
       5.42           
       5.43           
       5.35           
       5.51           
       5.45           
       5.31           
       5.38           
       5.44           
       5.51           
       5.48           
       5.36           
       5.36           
       5.44           
       5.18           
       5.26           
       5.37           
       5.32           
       5.35           
       5.12           
       5.19           
       5.24           
       5.38           
       5.43           
       5.38           
       5.40           
       5.33           
       5.25           
       5.31           
       5.20           
       5.34           
       5.28           
       5.38           
       5.34           
       5.63           
       5.45           
       5.40           
       5.45           
       5.48           
       5.61           
       5.56           
       5.47           
       5.60           
       5.33           
       5.28           
       5.46           
       5.42           
       5.39           
       5.42           
       5.52           
       5.46           
       5.62           
       5.51           
       5.42           
       5.31           
       5.21           
       5.37           
       5.47           
       5.46           
       5.38           
       5.44           
       5.57           
       5.40           
       5.46           
       5.38           
       5.27           
       5.50           
       5.44           
       5.45           
       5.36           
       5.40           
       5.42           
       5.42           
       5.34           
       5.42           
       5.40           
       5.39           
       5.40           
       5.48           
       5.35           
       5.34           
       5.44           
       5.49           
       5.42           
       5.43           
       5.26           
       5.53           
       5.42           
       5.43           
       5.43           
       5.32           
       5.42           
       5.34           
       5.49           
       5.35           
       5.43           
       5.20           
       5.15           
       5.28           
       5.40           
       5.35           
       5.30           
       5.36           
       5.44           
       5.50           
       5.54           
       5.45           
       5.54           
       5.40           
       5.46           
       5.56           
       5.44           
       5.39           
       5.36           
       5.34           
       5.29           
       5.26           
       5.09           
       5.19           
       5.27           
       5.12           
       5.29           
       5.38           
       5.38           
       5.04           
       5.40           
       5.55           
       5.40           
       5.30           
       5.05           
       5.20           
       5.27           
       5.13           
       5.21           
       5.23           
       5.38           
       5.29           
       5.32           
       5.28           
       5.30           
       5.35           
       5.39           
       5.36           
       5.41           
       5.31           
       5.34           
       5.33           
       5.27           
       5.33           
       5.33           
       5.27           
       5.26           
       5.42           
       5.40           
       5.31           
       5.53           
       5.43           
       5.34           
       5.41           
       5.33           
       5.51           
       5.46           
       5.30           
       5.42           
       5.44           
       5.22           
       5.25           
       5.02           
       5.42           
       5.35           
       5.24           
       5.38           
       5.36           
       5.49           
       5.53           
       5.42           
       5.41           
       5.35           
       5.46           
       5.32           
       5.32           
       5.34           
       5.32           
       5.22           
       5.11           
       5.25           
       5.34           
       5.27           
       5.42           
       5.43           
       5.37           
       5.43           
       5.36           
       5.36           
       5.35           
       5.36           
       5.48           
       5.60           
       5.39           
       5.39           
       5.23           
       4.95           
       5.31           
       5.36           
       5.25           
       5.20           
       5.37           
       5.44           
       5.47           
       5.70           
       5.61           
       5.47           
       5.47           
       5.38           
       5.38           
       5.40           
       5.48           
       5.34           
       5.33           
       5.12           
       5.15           
       5.12           
       5.27           
       5.55           
       5.40           
       5.38           
       5.47           
       5.45           
       5.28           
       5.45           
       5.58           
       5.52           
       5.44           
       5.61           
       5.54           
       5.45           
       5.40           
       5.46           
       5.52           
       5.66           
       5.33           
       5.33           
       5.48           
       5.38           
       5.33           
       5.42           
       5.52           
       5.40           
       5.46           
       5.34           
       5.27           
       5.40           
       5.41           
       5.27           
       5.22           
       5.28           
       5.36           
       5.38           
       5.45           
       5.42           
       5.34           
       5.31           
       5.39           
       5.26           
       5.35           
       5.29           
       5.38           
       5.27           
       5.04           
       5.40           
       5.33           
       5.29           
       5.28           
       5.42           
       5.48           
       5.24           
       5.22           
       5.17           
       5.29           
       5.30           
       5.01           
       5.10           
       5.34           
       5.34           
       5.08           
       5.53           
       5.66           
       5.49           
       5.42           
       5.38           
       5.55           
       5.31           
       5.32           
       5.39           
       5.38           
       5.36           
       5.24           
       5.36           
       5.33           
       5.28           
       5.28           
       5.30           
       5.40           
       5.28           
       5.36           
       5.32           
       5.27           
       5.25           
       5.10           
       5.17           
       5.08           
       5.26           
       5.38           
       5.46           
       5.43           
       5.30           
       5.57           
       5.37           
       5.39           
       5.47           
       5.45           
       5.49           
       5.51           
       5.53           
       5.60           
       5.48           
       5.48           
       5.42           
       5.36           
       5.38           
       5.17           
       5.20           
       5.22           
       5.02           
       4.90           
       5.28           
       5.13           
       5.27           
       5.30           
       5.21           
       5.29           
       5.46           
       5.39           
       5.48           
       5.02           
       4.58           
       5.04           
       5.22           
       5.22           
       5.35           
       5.45           
       5.56           
       5.36           
       5.27           
       5.28           
       5.30           
       5.32           
       5.29           
       5.36           
       5.36           
       5.38           
       5.29           
       5.40           
       5.22           
       5.25           
       5.35           
       5.40           
       5.47           
       5.34           
       5.49           
       5.54           
       5.52           
       5.53           
       5.44           
       5.38           
       5.19           
       5.27           
       5.30           
       5.29           
       5.25           
       5.22           
       5.23           
       5.29           
       5.29           
       5.38           
       5.31           
       5.23           
       5.23           
       5.19           
       5.13           
       4.71           
       5.26           
       5.44           
       5.31           
       5.38           
       5.49           
       5.35           
       5.56           
       5.53           
       5.56           
       5.34           
       5.34           
       5.46           
       5.38           
       5.28           
       5.13           
       5.19           
       5.10           
       5.21           
       5.13           
       5.30           
       5.35           
       5.33           
       5.51           
       5.46           
       5.37           
       5.29           
       5.37           
       5.11           
       5.03           
       5.26           
       5.05           
       5.26           
       5.34           
       5.31           
       5.35           
       5.34           
       5.37           
       5.13           
       5.41           
       5.30           
       5.44           
       5.34           
       5.26           
       5.38           
       5.50           
       5.54           
       5.49           
       5.45           
       5.23           
       5.18           
       5.13           
       5.00           
       4.86           
       5.18           
       5.14           
       5.35           
       5.42           
       5.34           
       5.38           
       5.28           
       5.02           
       5.08           
       4.63           
       4.93           
       5.22           
       5.18           
       5.19           
       4.89           
       5.27           
       5.39           
       5.34           
       5.38           
       5.21           
       5.22           
       5.25           
       5.22           
       5.37           
       5.30           
       5.38           
       5.10           
       5.29           
       5.20           
       5.44           
       5.34           
       5.41           
       5.38           
       5.27           
       5.33           
       5.45           
       5.36           
       5.41           
       5.43           
       5.29           
       5.27           
       5.29           
       5.33           
       5.40           
       5.24           
       5.11           
       5.16           
       5.28           
       5.19           
       5.28           
       5.28           
       5.30           
       5.38           
       5.37           
       5.43           
       5.36           
       5.22           
       5.19           
       5.21           
       5.36           
       5.32           
       5.19           
       5.31           
       5.39           
       5.34           
       5.26           
       5.25           
       5.31           
       5.36           
       5.34           
       5.21           
       5.24           
       5.31           
       5.28           
       5.32           
       5.13           
       5.16           
       5.15           
       5.29           
       5.19           
       5.27           
       5.21           
       5.38           
       5.26           
       5.32           
       5.36           
       5.34           
       5.27           
       5.35           
       5.25           
       5.34           
       5.32           
       5.27           
       5.31           
       5.20           
       5.39           
       5.44           
       5.25           
       5.13           
       5.39           
       5.09           
       5.06           
       5.23           
       5.33           
       5.33           
       5.34           
       5.28           
       5.32           
       5.19           
       5.18           
       5.09           
       5.30           
       5.28           
       5.28           
       5.25           
       5.29           
       5.30           
       5.27           
       5.12           
       5.35           
       5.28           
       5.22           
       5.00           
       5.20           
       4.63           
       5.24           
       5.29           
       5.35           
       5.35           
       5.40           
       5.30           
       5.32           
       5.18           
       5.24           
       5.32           
       5.25           
       5.28           
       5.32           
       5.43           
       5.16           
       5.21           
       5.28           
       5.26           
       5.32           
       5.22           
       5.24           
       5.31           
       5.20           
       5.38           
       5.41           
       5.31           
       5.43           
       5.43           
       5.35           
       5.25           
       5.15           
       5.23           
       5.19           
       5.29           
       5.27           
       5.26           
       5.24           
       5.27           
       5.05           
       5.20           
       5.30           
       5.11           
       5.16           
       5.13           
       5.13           
       5.16           
       5.19           
       5.10           
       5.14           
       5.27           
       5.26           
       5.38           
       5.32           
       5.10           
       5.18           
       5.29           
       5.45           
       5.31           
       5.26           
       5.41           
