422.00  0.00
378.00  0.00
429.00  0.00
574.00  0.00
515.00  0.00
342.00  0.00
350.00  0.00
378.00  0.00
429.00  0.00
586.00  0.00
529.00  0.00
344.00  0.00
349.00  0.00
378.00  0.00
429.00  0.00
585.00  0.00
528.00  0.00
344.00  0.00
349.00  0.00
377.00  0.00
429.00  0.00
586.00  0.00
531.00  0.00
350.00  0.00
356.00  0.00
381.00  0.00
429.00  0.00
574.00  0.00
517.00  0.00
344.00  0.00
352.00  0.00
381.00  0.00
429.00  0.00
574.00  0.00
518.00  0.00
344.00  0.00
350.00  0.00
411.00  0.00
462.00  0.00
574.00  0.00
517.00  0.00
344.00  0.00
352.00  0.00
381.00  0.00
434.00  0.00
579.00  0.00
517.00  0.00
344.00  0.00
350.00  0.00
378.00  0.00
430.00  0.00
586.00  0.00
529.00  0.00
344.00  0.00
352.00  0.00
381.00  0.00
430.00  0.00
587.00  0.00
529.00  0.00
344.00  0.00
349.00  0.00
378.00  0.00
434.00  0.00
591.00  0.00
529.00  0.00
344.00  0.00
349.00  0.00
377.00  0.00
433.00  0.00
579.00  0.00
517.00  0.10
347.00  0.00
355.00  0.00
384.00  0.00
433.00  0.00
574.00  0.00
518.00  0.00
344.00  0.00
349.00  0.00
416.00  0.00
467.00  0.00
586.00  0.00
529.00  0.00
344.00  0.00
352.00  0.00
384.00  0.00
438.00  0.00
590.00  0.00
529.00  0.00
345.00  0.00
353.00  0.00
381.00  0.00
435.00  0.00
592.00  0.00
532.00  0.00
347.00  0.00
353.00  0.00
385.00  0.00
424.00  0.00
578.00  0.00
531.00  0.00
347.00  0.00
355.00  0.00
381.00  0.00
434.00  0.00
591.00  0.00
532.00  0.00
347.00  0.00
353.00  0.00
384.00  0.00
433.00  0.00
586.00  0.16
529.00  0.00
344.00  0.00
350.00  0.00
378.00  0.00
430.00  0.00
586.00  0.00
529.00  0.00
344.00  0.00