825.00  0.00
1110.00  0.00
1461.00  0.00
1160.00  0.00
1067.00  0.00
1474.00  0.00
1204.00  0.00
1051.00  0.00
1428.00  0.00
1159.00  0.00
1093.00  0.00
1515.00  0.00
1216.00  0.00
1063.00  0.00
1476.00  0.00
1207.00  0.00
1093.00  0.00
1458.00  0.00
1144.00  0.00
1051.00  0.00
1474.00  0.00
1201.00  0.00
1091.00  0.00
1514.00  0.00
1202.00  0.00
1096.00  0.00
1461.00  0.00
1144.00  0.00
1051.00  0.00
1419.00  0.00
1146.00  0.00
1092.00  0.00
1515.00  0.00
1216.00  0.00
1068.00  0.00
1423.00  0.00
1164.00  0.00
1064.00  0.00
1414.00  0.00
1146.00  0.00
1053.00  0.00
1475.00  0.00
1217.00  0.00
1107.00  0.00
1463.00  0.00
1160.00  0.00
1104.00  0.00
1512.00  0.00
1214.00  0.00
1108.00  0.00
1458.00  0.00
1144.00  0.00
1095.00  0.00
1518.00  0.00
1203.00  0.00
1053.00  0.00
1419.00  0.00
1147.00  0.00
1055.00  0.00
1070.00  0.00
809.00  0.00
1063.00  0.00
1457.00  0.00
1187.00  0.00
1092.00  0.00
1462.00  0.00
1163.00  0.00
1107.00  0.00
1519.00  0.00
1220.00  0.00
1110.00  0.00
1522.00  0.00
1206.00  0.00
1093.00  0.00
1515.00  0.00
1217.00  0.00
1105.00  0.00
1121.00  0.00
810.00  0.00
1052.00  0.00
1479.00  0.00
1206.00  0.00
1092.00  0.00
1126.00  0.00
828.00  0.00
1067.00  0.00
1478.00  0.00
1208.00  0.00
1098.00  0.00
1523.00  0.00
1222.00  0.00
1068.00  0.00
1421.00  0.00
1164.00  0.00
1108.00  0.00
1464.00  0.00
1151.00  0.00
1093.00  0.00
1514.00  0.00
1216.00  0.00
1106.00  0.00
1514.00  0.00
1202.00  0.00
1049.00  0.00
1472.00  0.00
1202.00  0.00
1092.00  0.00
1461.00  0.00
1149.00  0.00
1093.00  0.00
1461.00  0.00
1162.00  0.00
1107.00  0.00
1515.00  0.00
1216.00  0.00
1109.00  0.00
1127.00  0.00
813.00  0.00
1051.00  0.00
1065.00  0.00