264.00  0.00
204.00  0.00
163.00  0.00
172.00  0.00
171.00  0.00
171.00  0.00
168.00  0.00
168.00  0.00
171.00  0.00
147.00  0.00
122.00  0.00
122.00  0.00
192.00  0.00
210.00  0.00
167.00  0.00
150.00  0.00
124.00  0.00
124.00  0.00
162.00  0.00
176.00  0.00
163.00  0.00
149.00  0.00
125.00  0.00
127.00  0.00
198.00  0.00
221.00  0.00
175.00  0.00
151.00  0.00
126.00  0.00
127.00  0.00
165.00  0.00
181.00  0.00
169.00  0.00
152.00  0.00
125.00  0.00
124.00  0.00
158.00  0.00
172.00  0.00
164.00  0.00
150.00  0.00
125.00  0.00
124.00  0.00
159.00  0.00
225.00  0.00
255.00  0.00
225.00  0.00
174.00  0.00
164.00  0.00
149.00  0.00
123.00  0.00
122.00  0.00
190.00  0.00
206.00  0.00
163.00  0.00
147.00  0.00
122.00  0.00
122.00  0.00
156.00  0.00
190.00  0.00
223.00  0.00
225.00  0.00
173.00  0.00
150.00  0.00
147.00  0.00
146.00  0.00
149.00  0.00
150.00  0.00
161.00  0.00
147.00  0.00
124.00  0.00
125.00  0.00
195.00  0.00
209.00  0.00
162.00  0.00
172.00  0.00
171.00  0.00
171.00  0.00
147.00  0.00
122.00  0.00
123.00  0.00
161.00  0.00
176.00  0.00
166.00  0.00
150.00  0.00
123.00  0.00
122.00  0.00
190.00  0.00
206.00  0.00
164.00  0.00
148.00  0.00
123.00  0.01
123.00  0.00
137.00  0.00
152.00  0.00
162.00  0.00
147.00  0.00
123.00  0.00
124.00  0.00
160.00  0.00
175.00  0.00
164.00  0.00
149.00  0.00
124.00  0.00
124.00  0.00
160.00  0.00
174.00  0.00
163.00  0.00
148.00  0.00
122.00  0.04
123.00  0.00
195.00  0.00
211.00  0.00
167.00  0.00
151.00  0.00
126.00  0.00
127.00  0.00
162.00  0.00
176.00  0.00
165.00  0.00
149.00  0.00