445.00  0.00
408.00  0.00
471.00  0.00
479.00  0.00
412.00  0.00
447.00  0.00
455.00  0.00
412.00  0.00
472.00  0.00
480.00  0.00
412.00  0.00
472.00  0.00
479.00  0.00
412.00  0.00
472.00  0.00
484.00  0.00
416.00  0.00
453.00  0.00
465.00  0.00
416.00  0.00
478.00  0.00
490.00  0.00
416.00  0.00
471.00  0.00
483.00  0.00
416.00  0.00
452.00  0.00
460.00  0.00
412.00  0.00
452.00  0.00
460.00  0.00
412.00  0.00
471.00  0.00
479.00  0.00
416.00  0.00
475.00  0.00
484.00  0.00
416.00  0.00
472.00  0.00
484.00  0.00
416.00  0.00
479.00  0.00
487.00  0.00
416.00  0.00
456.00  0.00
460.00  0.00
416.00  0.00
475.00  0.00
480.00  0.00
412.00  0.00
471.00  0.00
480.00  0.00
412.00  0.00
471.00  0.00
483.00  0.00
416.00  0.00
478.00  0.00
491.00  0.00
420.00  0.00
455.00  0.00
464.00  0.00
420.00  0.00
475.00  0.00
483.00  0.00
416.00  0.00
471.00  0.00
479.00  0.00
416.00  0.00
475.00  0.00
484.00  0.00
416.00  0.00
472.00  0.00
480.00  0.00
412.00  0.00
478.00  0.00
490.00  0.00
420.00  0.00
482.00  0.00
491.00  0.00
420.00  0.00
475.00  0.00
483.00  0.00
416.00  0.00
472.00  0.00
484.00  0.00
416.00  0.00
478.00  0.00
486.00  0.00
416.00  0.00
456.00  0.00
460.00  0.00
415.00  0.00
475.00  0.00
479.00  0.00
416.00  0.00
475.00  0.00
483.00  0.00
416.00  0.00
472.00  0.00
479.00  0.00
412.00  0.00
472.00  0.24
484.00  0.18
420.00  0.00
475.00  0.00
479.00  0.00
412.00  0.00
452.00  0.00
460.00  0.00
412.00  0.00
472.00  0.00
480.00  0.00
412.00  0.00
452.00  0.00
460.00  0.00
416.00  0.00
475.00  0.00
483.00  0.00
416.00  0.00
452.00  0.00