820.00  0.00
520.00  0.00
467.00  0.00
539.00  0.00
529.00  0.00
467.00  0.00
539.00  0.00
529.00  0.00
467.00  0.00
540.00  0.00
530.00  0.00
467.00  0.00
540.00  0.00
529.00  0.00
462.00  0.00
503.00  0.00
498.00  0.00
467.00  0.00
539.00  0.00
529.00  0.00
467.00  0.00
539.00  0.00
529.00  0.00
467.00  0.00
539.00  0.00
529.00  0.00
467.00  0.00
539.00  0.00
529.00  0.00
467.00  0.00
539.00  0.00
528.00  0.00
467.00  0.00
539.00  0.00
524.00  0.00
457.00  0.00
525.00  0.00
516.00  0.00
462.00  0.00
539.00  0.00
529.00  0.00
462.00  0.00
526.00  0.00
517.00  0.00
463.00  0.00
539.00  0.00
528.00  0.00
467.00  0.00
539.00  0.00
524.00  0.00
462.00  0.00
539.00  0.00
529.00  0.00
467.00  0.00
539.00  0.00
529.00  0.00
467.00  0.00
539.00  0.00
529.00  0.00
467.00  0.00
539.00  0.00
529.00  0.00
467.00  0.00
539.00  0.00
523.00  0.00
456.00  0.00
534.00  0.00
529.00  0.00
461.00  0.00
534.00  0.00
524.00  0.00
462.00  0.00
538.00  0.00
528.00  0.00
467.00  0.00
531.00  0.00
521.00  0.00
467.00  0.00
531.00  0.00
521.00  0.00
467.00  0.00
539.00  0.00
529.00  0.00
467.00  0.00
538.00  0.00
528.00  0.00
467.00  0.00
539.00  0.00
529.00  0.00
468.00  0.00
516.00  0.00
505.00  0.00
467.00  0.00
548.00  0.00
537.00  0.00
467.00  0.00
539.00  0.00
534.00  0.00
472.00  0.00
540.00  0.00
529.00  0.00
467.00  0.00
540.00  0.00
534.00  0.00
472.00  0.00
539.00  0.00
529.00  0.00
467.00  0.00
539.00  0.00
529.00  0.00
467.00  0.00
508.00  0.00
498.00  0.00
467.00  0.00
539.00  0.00
528.00  0.00
467.00  0.00
539.00  0.00
529.00  0.00
467.00  0.00