250.00  0.00
280.00  0.00
281.00  0.00
277.00  0.00
277.00  0.00
280.00  0.00
280.00  0.00
231.00  0.00
230.00  0.00
276.00  0.00
277.00  0.00
280.00  0.00
279.00  0.00
279.00  0.00
280.00  0.00
277.00  0.00
277.00  0.00
277.00  0.00
278.00  0.00
281.00  0.00
281.00  0.00
281.00  0.00
282.00  0.00
282.00  0.00
281.00  0.00
284.00  0.00
282.00  0.00
230.00  0.00
231.00  0.00
280.00  0.00
281.00  0.00
280.00  0.00
279.00  0.00
279.00  0.00
280.00  0.00
235.00  0.00
235.00  0.00
281.00  0.00
280.00  0.00
230.00  0.00
231.00  0.00
277.00  0.00
276.00  0.00
273.00  0.00
273.00  0.00
276.00  0.00
276.00  0.00
279.00  0.00
279.00  0.00
279.00  0.00
279.00  0.00
276.00  0.00
276.00  0.00
279.00  0.00
279.00  0.00
279.00  0.00
280.00  0.00
281.00  0.00
281.00  0.00
281.00  0.00
278.00  0.00
275.00  0.00
274.00  0.00
274.00  0.00
273.00  0.00
273.00  0.00
274.00  0.00
225.00  0.00
225.00  0.00
271.00  0.00
273.00  0.00
228.00  0.00
227.00  0.00
229.00  0.00
230.00  0.00
230.00  0.00
230.00  0.00
279.00  0.00
279.00  0.00
276.00  0.00
276.00  0.00
279.00  0.00
280.00  0.00
276.00  0.00
277.00  0.00
280.00  0.00
279.00  0.00
276.00  0.00
276.00  0.00
276.00  0.00
276.00  0.00
276.00  0.00
275.00  0.00
227.00  0.00
227.00  0.00
227.00  0.00
227.00  0.00
275.00  0.00
276.00  0.00
279.00  0.00
281.00  0.00
281.00  0.00
280.00  0.00
278.00  0.00
278.00  0.00
277.00  0.00
276.00  0.00
279.00  0.00
279.00  0.00
228.00  0.00
227.00  0.00
271.00  0.00
270.00  0.00
224.00  0.00
224.00  0.00
270.00  0.00
270.00  0.00
226.00  0.00
225.00  0.00
221.00  0.00