669.00  0.00
606.00  0.00
577.00  0.00
563.00  0.00
816.00  0.00
894.00  0.00
669.00  0.00
605.00  0.00
577.00  0.00
564.00  0.00
792.00  0.00
868.00  0.00
658.00  0.00
595.00  0.00
578.00  0.00
564.00  0.00
818.00  0.00
895.00  0.00
658.00  0.00
589.00  0.00
571.00  0.00
563.00  0.00
818.00  0.00
896.00  0.00
660.00  0.00
589.00  0.00
580.00  0.00
573.00  0.00
791.00  0.00
867.00  0.00
658.00  0.00
588.00  0.00
569.00  0.00
563.00  0.00
793.00  0.00
870.00  0.00
658.00  0.00
595.00  0.00
577.00  0.00
564.00  0.00
791.00  0.00
868.00  0.00
659.00  0.00
596.00  0.00
577.00  0.00
563.00  0.00
791.00  0.00
868.00  0.00
659.00  0.00
588.00  0.00
561.00  0.00
555.00  0.00
816.00  0.00
893.00  0.00
649.00  0.00
579.00  0.00
570.00  0.00
563.00  0.00
791.00  0.00
858.00  0.00
649.00  0.00
589.00  0.00
579.00  0.00
572.00  0.00
819.00  0.00
895.00  0.00
658.00  0.00
595.00  0.00
586.00  0.00
573.00  0.00
816.00  0.00
893.00  0.00
659.00  0.00
596.00  0.00
577.00  0.00
563.00  0.00
808.00  0.00
885.00  0.00
659.00  0.00
589.00  0.00
570.00  0.00
564.00  0.00
791.00  0.00
868.00  0.00
659.00  0.00
588.00  0.00
569.00  0.00
563.00  0.00
792.00  0.00
869.00  0.00
649.00  0.00
586.00  0.00
576.00  0.00
557.00  0.00
784.00  0.00
857.00  0.00
648.00  0.00
595.00  0.00
577.00  0.00
563.00  0.00
791.00  0.00
868.00  0.00
658.00  0.00
595.00  0.00
569.00  0.00
555.00  0.00
791.00  0.00
858.00  0.00
640.00  0.00
587.00  0.00
576.00  0.00
563.00  0.00
791.00  0.00
868.00  0.00
658.00  0.00
588.00  0.00
570.00  0.00
557.00  0.00
784.00  0.00
1055.00  0.00