619.00  0.00
886.00  0.00
885.00  0.00
885.00  0.00
894.00  0.00
868.00  0.00
859.00  0.00
857.00  0.00
857.00  0.00
885.00  0.00
894.00  0.00
895.00  0.00
887.00  0.00
859.00  0.00
859.00  0.00
885.00  0.00
894.00  0.00
896.00  0.00
888.00  0.00
888.00  0.00
887.00  0.00
881.00  0.00
881.00  0.00
921.00  0.00
929.00  0.00
868.00  0.34
859.00  0.00
885.00  0.00
885.00  0.00
887.00  0.00
887.00  0.00
857.00  0.00
857.00  0.00
917.00  0.00
917.00  0.00
885.00  0.00
886.00  0.00
888.00  0.00
888.00  0.00
859.00  0.00
859.00  0.00
888.00  0.00
887.00  0.00
885.00  0.00
885.00  0.00
885.00  0.00
886.00  0.00
887.00  0.00
887.00  0.00
888.00  0.00
887.00  0.00
859.00  0.00
859.00  0.00
887.00  0.00
887.00  0.00
887.00  0.00
887.00  0.00
857.00  0.00
857.00  0.00
887.00  0.00
887.00  0.00
887.00  0.00
887.00  0.00
887.00  0.00
879.00  0.00
849.00  0.00
848.00  0.00
879.00  0.00
879.00  0.00
879.00  0.00
887.00  0.00
859.00  0.00
851.00  0.00
849.00  0.00
849.00  0.00
878.00  0.00
878.00  0.00
849.00  0.00
857.00  0.00
856.00  0.00
849.00  0.00
879.00  0.00
1245.00  0.00
977.00  0.00
903.00  0.00
877.00  0.00
847.00  0.00
855.00  0.00
888.00  0.00
880.00  0.00
878.00  0.00
877.00  0.00
850.00  0.00
1184.00  0.00
910.00  0.00
624.00  0.00
624.00  0.00
615.00  0.00
615.00  0.00
625.00  0.00
624.00  0.00
624.00  0.00
624.00  0.00
636.00  0.00
636.00  0.00
633.00  0.00
633.00  0.00
908.00  0.00
909.00  0.00
632.00  0.00
631.00  0.00
624.00  0.00
632.00  0.00
643.00  0.00
643.00  0.00
631.00  0.00
631.00  0.00
643.00  0.00
635.00  0.00
624.00  0.00