311.00  0.00
229.00  0.00
272.00  0.00
311.00  0.00
391.00  0.00
483.00  0.00
488.00  0.00
494.00  0.00
500.00  0.00
500.00  0.00
500.00  0.00
494.00  0.00
489.00  0.00
494.00  0.00
500.00  0.00
495.00  0.00
495.00  0.00
495.00  0.00
489.00  0.00
488.00  0.00
494.00  0.00
494.00  0.00
488.00  0.00
494.00  0.00
500.00  0.00
495.00  0.00
489.00  0.00
488.00  0.00
488.00  0.00
356.00  0.00
223.00  0.00
224.00  0.00
224.00  0.37
224.00  0.00
225.00  0.00
225.00  0.00
225.00  0.00
225.00  0.00
225.00  0.00
225.00  0.00
225.00  0.00
225.00  0.00
225.00  0.00
225.00  0.00
224.00  0.00
223.00  0.00
228.00  0.00
229.00  0.00
225.00  0.00
226.00  0.00
228.00  0.00
228.00  0.00
227.00  0.00
227.00  0.00
227.00  0.00
227.00  0.00
229.00  0.00
230.00  0.00
230.00  0.00
230.00  0.00
228.00  0.00
226.00  0.00
253.00  0.00
278.00  0.00
377.00  0.00
349.00  0.00
225.00  0.00
227.00  0.00
248.00  0.10
274.00  0.00
377.00  0.00
349.00  0.00
227.00  0.00
229.00  0.00
252.00  0.00
292.00  0.00
396.00  0.00
483.00  0.16
349.00  0.00
225.00  0.00
227.00  0.00
250.00  0.00
276.00  0.00
382.00  0.00
356.00  0.00
223.00  0.00
224.00  0.00
225.00  0.00
225.00  0.00
225.00  0.00
225.00  0.00
224.00  0.00
227.00  0.00
228.00  0.00
272.00  0.00
296.00  0.00
375.00  0.00
348.00  0.00
223.00  0.00
228.00  0.00
226.00  0.00
227.00  0.00
228.00  0.00
229.00  0.00
229.00  0.00
228.00  0.00
275.00  0.00
302.00  0.00
379.00  0.00
349.00  0.00
226.00  0.00
228.00  0.00
274.00  0.00
323.00  0.00
326.00  0.00
328.00  0.00
328.00  0.00
328.00  0.00
326.00  0.00
323.00  0.00