723.00  0.00
637.00  0.00
637.00  0.00
637.00  0.00
647.00  0.00
647.00  0.00
637.00  0.00
647.00  0.00
657.00  0.00
647.00  0.00
637.00  0.00
647.00  0.00
647.00  0.00
637.00  0.00
637.00  0.00
637.00  0.00
637.00  0.00
637.00  0.00
637.00  0.00
637.00  0.00
637.00  0.00
637.00  0.00
647.00  0.00
647.00  0.00
648.00  0.00
647.00  0.00
637.00  0.00
637.00  0.00
638.00  0.00
638.00  0.00
648.00  0.00
657.00  0.00
657.00  0.00
647.00  0.00
637.00  0.00
647.00  0.00
647.00  0.00
637.00  0.00
681.00  0.00
725.00  0.00
692.00  0.00
1035.00  0.00
1111.00  0.00
1062.00  0.00
976.00  0.00
682.00  0.00
692.00  0.00
705.00  0.00
766.00  0.00
1050.00  0.00
970.00  0.00
660.00  0.00
680.00  0.00
1032.00  0.00
1094.00  0.00
1013.00  0.00
931.00  0.00
660.00  0.00
670.00  0.00
1026.00  0.00
1111.00  0.00
1024.00  0.00
929.00  0.00
671.00  0.00
690.00  0.00
1036.00  0.00
1097.00  0.00
1010.00  0.00
939.00  0.00
682.00  0.00
702.00  0.00
719.00  0.00
784.00  0.00
1027.00  0.00
1284.00  0.00
1282.00  0.00
1281.00  0.00
1282.00  0.00
1282.00  0.00
1320.00  0.00
1281.00  0.00
1244.00  0.00
941.00  0.00
637.00  0.00
682.00  0.00
702.00  0.00
1044.00  0.00
1110.00  0.00
1064.00  0.00
977.00  0.00
682.00  0.00
702.00  0.00
1043.00  0.00
1095.00  0.00
1052.00  0.00
980.00  0.00
681.00  0.00
691.00  0.00
1036.00  0.00
1112.00  0.00
1025.00  0.00
929.00  0.00
671.00  0.00
690.00  0.00
1032.00  0.00
1095.00  0.00
1013.00  0.00
941.00  0.00
681.00  0.00
691.00  0.00
705.00  0.00
781.00  0.00
1028.00  0.00
942.00  0.00
670.00  0.00
680.00  0.00
1032.00  0.00
1109.00  0.00
1028.00  0.00
941.00  0.00