482.00  0.00
843.00  0.00
1289.00  0.00
1363.00  0.00
1289.00  0.00
1215.00  0.00
828.00  0.00
828.00  0.00
1287.00  0.00
1361.00  0.00
1234.00  0.00
1160.00  0.00
843.00  0.00
842.00  0.00
1286.00  0.00
1360.00  0.00
1291.00  0.00
1234.00  0.00
844.00  0.00
826.00  0.00
1286.00  0.00
1361.00  0.00
1234.00  0.00
1176.00  0.00
859.00  0.00
842.00  0.00
1286.00  0.00
1360.00  0.00
1237.00  0.00
1516.00  0.00
1516.00  0.00
1513.00  0.00
1176.00  0.00
860.00  0.00
844.00  0.00
1288.00  0.00
1361.00  0.00
1237.00  0.00
1163.00  0.00
844.00  0.00
843.00  0.00
1291.00  0.00
1366.00  0.00
1234.00  0.00
1176.00  0.00
841.00  0.00
859.00  0.00
878.00  0.00
844.00  0.00
1286.00  0.00
1383.00  0.00
1256.00  0.00
1175.00  0.00
878.00  0.00
862.00  0.00
1291.00  0.00
1365.00  0.00
1234.00  0.00
1177.00  0.00
843.00  0.00
826.00  0.00
826.00  0.00
827.00  0.00
811.00  0.00
825.00  0.00
841.00  0.00
841.00  0.00
842.00  0.00
842.00  0.00
841.00  0.00
842.00  0.00
842.00  0.00
841.00  0.00
826.00  0.00
827.00  0.00
827.00  0.00
827.00  0.00
827.00  0.00
811.00  0.00
827.00  0.00
826.00  0.00
828.00  0.00
843.00  0.00
841.00  0.00
841.00  0.00
841.00  0.00
841.00  0.00
841.00  0.00
843.00  0.00
844.00  0.00
843.00  0.00
842.00  0.00
843.00  0.00
843.00  0.00
841.00  0.00
841.00  0.00
841.00  0.00
841.00  0.00
841.00  0.00
843.00  0.00
844.00  0.00
842.00  0.00
841.00  0.00
841.00  0.00
841.00  0.00
842.00  0.00
829.00  0.00
829.00  0.00
842.00  0.00
841.00  0.00
841.00  0.00
841.00  0.00
842.00  0.00
842.00  0.00
827.00  0.00
827.00  0.00
842.00  0.00
827.00  0.00
826.00  0.00
841.00  0.00