326.00  0.00
448.00  0.00
472.00  0.00
320.00  0.00
448.00  0.00
498.00  0.00
346.00  0.00
448.00  0.00
472.00  0.00
320.00  0.00
456.00  0.00
483.00  0.00
322.00  0.00
457.00  0.00
484.00  0.00
325.00  0.00
450.00  0.00
498.00  0.00
346.00  0.00
448.00  0.00
475.00  0.00
322.00  0.00
448.00  0.00
475.00  0.00
322.00  0.00
457.00  0.00
481.00  0.00
317.00  0.00
446.00  0.00
472.00  0.00
318.00  0.00
438.00  0.00
461.00  0.00
315.00  0.00
446.00  0.00
475.00  0.00
322.00  0.00
448.00  0.00
473.00  0.00
320.00  0.00
376.00  0.00
403.00  0.00
324.00  0.00
456.00  0.00
478.00  0.00
320.00  0.00
448.00  0.00
475.00  0.00
322.00  0.00
457.00  0.00
487.00  0.00
328.00  0.00
378.00  0.00
426.00  0.00
346.00  0.00
457.00  0.00
507.00  0.00
346.00  0.00
448.00  0.00
475.00  0.00
322.00  0.00
448.00  0.00
498.00  0.00
346.00  0.00
448.00  0.00
475.00  0.00
322.00  0.00
448.00  0.00
475.00  0.00
323.00  0.00
448.00  0.00
475.00  0.00
322.00  0.00
448.00  0.00
476.00  0.00
323.00  0.00
457.00  0.00
484.00  0.00
323.00  0.00
457.00  0.00
511.00  0.00
350.00  0.00
448.00  0.00
498.00  0.00
345.00  0.00
448.00  0.00
506.00  0.00
352.00  0.00
446.00  0.00
472.00  0.00
318.00  0.00
455.00  0.00
481.00  0.00
320.00  0.00
457.00  0.00
481.00  0.00
322.00  0.00
459.00  0.00
484.00  0.00
324.00  0.00
451.00  0.00
507.00  0.00
356.00  0.00
459.00  0.00
481.00  0.00
320.00  0.00
457.00  0.00
484.00  0.00
325.00  0.00
459.00  0.00
484.00  0.00
324.00  0.00
459.00  0.00
487.00  0.00
321.00  0.00
322.00  0.00
322.00  0.00
349.00  0.00
349.00  0.00
338.00  0.00