       5.69           
       5.67           
       5.58           
       5.55           
       5.54           
       5.43           
       5.71           
       5.71           
       5.64           
       5.62           
       5.65           
       5.65           
       5.68           
       5.62           
       5.67           
       5.64           
       5.68           
       5.78           
       5.74           
       5.67           
       5.71           
       5.59           
       5.77           
       5.65           
       5.60           
       5.60           
       5.36           
       5.63           
       5.60           
       5.44           
       5.58           
       5.47           
       5.57           
       5.61           
       5.66           
       5.72           
       5.81           
       5.71           
       5.74           
       5.67           
       5.66           
       5.68           
       5.61           
       5.62           
       5.58           
       5.66           
       5.56           
       5.62           
       5.66           
       5.61           
       5.64           
       5.52           
       5.48           
       5.58           
       5.62           
       5.61           
       5.62           
       5.72           
       5.70           
       5.69           
       5.67           
       5.59           
       5.67           
       5.58           
       5.57           
       5.60           
       5.74           
       5.68           
       5.59           
       5.67           
       5.66           
       5.59           
       5.61           
       5.67           
       5.59           
       5.63           
       5.64           
       5.77           
       5.65           
       5.61           
       5.63           
       5.68           
       5.67           
       5.67           
       5.67           
       5.68           
       5.75           
       5.71           
       5.66           
       5.84           
       5.69           
       5.73           
       5.66           
       5.46           
       5.43           
       5.56           
       5.63           
       5.63           
       5.56           
       5.52           
       5.69           
       5.66           
       5.66           
       5.74           
       5.66           
       5.65           
       5.53           
       5.46           
       5.53           
       5.66           
       5.52           
       5.70           
       5.68           
       5.70           
       5.70           
       5.65           
       5.69           
       5.65           
       5.65           
       5.70           
       5.70           
       5.66           
       5.53           
       5.68           
       5.79           
       5.71           
       5.72           
       5.57           
       5.66           
       5.78           
       5.64           
       5.39           
       5.41           
       5.38           
       5.37           
       5.47           
       5.54           
       5.64           
       5.71           
       5.65           
       5.61           
       5.62           
       5.60           
       5.57           
       5.53           
       5.58           
       5.80           
       5.74           
       5.77           
       5.74           
       5.73           
       5.70           
       5.59           
       5.59           
       5.61           
       5.60           
       5.71           
       5.92           
       5.60           
       5.64           
       5.72           
       5.60           
       5.49           
       5.50           
       5.61           
       5.87           
       5.70           
       5.54           
       5.67           
       5.49           
       5.74           
       5.75           
       5.73           
       5.74           
       5.59           
       5.67           
       5.70           
       5.80           
       5.82           
       5.76           
       5.59           
       5.56           
       5.55           
       5.57           
       5.46           
       5.31           
       5.52           
       5.63           
       5.57           
       5.64           
       5.57           
       5.58           
       5.56           
       5.51           
       5.46           
       5.26           
       5.50           
       5.50           
       5.62           
       5.68           
       5.73           
       5.61           
       5.67           
       5.70           
       5.64           
       5.85           
       5.91           
       5.86           
       5.82           
       5.74           
       5.77           
       5.81           
       5.88           
       5.88           
       5.67           
       5.58           
       5.74           
       5.75           
       5.58           
       5.55           
       5.57           
       5.69           
       5.85           
       5.77           
       5.89           
       5.80           
       5.85           
       5.63           
       5.84           
       5.71           
       5.63           
       5.71           
       5.59           
       5.68           
       5.61           
       5.71           
       5.83           
       5.73           
       5.73           
       5.58           
       5.53           
       5.46           
       5.57           
       5.54           
       5.56           
       5.58           
       5.59           
       5.59           
       5.66           
       5.69           
       5.76           
       5.55           
       5.57           
       5.54           
       5.67           
       5.64           
       5.69           
       5.71           
       5.61           
       5.61           
       5.65           
       5.63           
       5.68           
       5.57           
       5.68           
       5.72           
       5.63           
       5.80           
       5.74           
       5.68           
       5.90           
       5.95           
       5.53           
       5.60           
       5.55           
       5.56           
       5.67           
       5.58           
       5.63           
       5.70           
       5.70           
       5.68           
       5.62           
       5.66           
       5.63           
       5.52           
       5.52           
       5.60           
       5.58           
       5.68           
       5.58           
       5.44           
       5.40           
       5.58           
       5.65           
       5.68           
       5.78           
       5.65           
       5.65           
       5.53           
       5.58           
       5.39           
       5.55           
       5.47           
       5.70           
       5.65           
       5.59           
       5.52           
       5.43           
       5.28           
       5.43           
       5.49           
       5.47           
       5.47           
       5.58           
       5.56           
       5.65           
       5.61           
       5.64           
       5.71           
       5.66           
       5.68           
       5.57           
       5.55           
       5.44           
       5.70           
       5.63           
       5.50           
       5.54           
       5.50           
       5.56           
       5.55           
       5.36           
       5.60           
       5.56           
       5.52           
       5.61           
       5.55           
       5.57           
       5.67           
       5.61           
       5.68           
       5.51           
       5.59           
       5.69           
       5.75           
       5.65           
       5.65           
       5.60           
       5.66           
       5.67           
       5.65           
       5.70           
       5.70           
       5.61           
       5.68           
       5.39           
       5.59           
       5.60           
       5.65           
       5.63           
       5.82           
       5.71           
       5.54           
       5.47           
       5.62           
       5.27           
       5.42           
       5.64           
       5.70           
       5.61           
       5.53           
       5.62           
       5.58           
       5.61           
       5.60           
       5.83           
       5.80           
       5.80           
       5.68           
       5.65           
       5.61           
       5.62           
       5.58           
       5.62           
       5.68           
       5.57           
       5.49           
       5.54           
       5.50           
       5.56           
       5.56           
       5.58           
       5.66           
       5.54           
       5.61           
       5.60           
       5.68           
       5.74           
       5.52           
       5.74           
       5.54           
       5.62           
       5.63           
       5.59           
       5.41           
       5.39           
       5.41           
       5.61           
       5.55           
       5.58           
       5.56           
       5.51           
       5.55           
