287.00  0.00
332.00  0.00
377.00  0.00
330.00  0.00
289.00  0.00
267.00  0.00
264.00  0.00
286.00  0.00
330.00  0.00
328.00  0.00
287.00  0.00
266.00  0.00
263.00  0.00
289.00  0.00
333.00  0.00
352.00  0.00
311.00  0.00
265.00  0.00
262.00  0.00
291.00  0.00
335.00  0.00
352.00  0.00
311.00  0.00
266.00  0.00
263.00  0.00
289.00  0.00
333.00  0.00
352.00  0.00
315.00  0.00
270.00  0.00
264.00  0.00
333.00  0.00
377.00  0.00
355.00  0.00
316.00  0.00
269.00  0.00
265.00  0.00
290.00  0.00
333.00  0.00
353.00  0.00
313.00  0.00
268.00  0.00
264.00  0.00
333.00  0.00
375.00  0.00
350.00  0.00
313.00  0.00
268.00  0.00
262.00  0.00
328.00  0.00
371.00  0.00
350.00  0.00
311.00  0.00
267.00  0.00
264.00  0.00
333.00  0.00
377.00  0.00
330.00  0.00
291.00  0.00
269.00  0.00
264.00  0.00
289.00  0.00
333.00  0.00
328.00  0.00
289.00  0.00
268.00  0.00
264.00  0.00
333.00  0.00
378.00  0.00
329.00  0.00
289.00  0.00
269.00  0.00
265.00  0.00
335.00  0.00
377.00  0.00
328.00  0.00
290.00  0.00
272.00  0.00
267.00  0.00
335.00  0.00
380.00  0.00
333.00  0.00
293.00  0.00
272.00  0.00
267.00  0.00
335.00  0.00
380.00  0.00
358.00  0.00
318.00  0.00
270.00  0.00
265.00  0.00
334.00  0.00
380.00  0.00
358.00  0.00
316.00  0.00
269.00  0.00
265.00  0.00
335.00  0.00
381.00  0.00
333.00  0.00
291.00  0.00
269.00  0.00
267.00  0.00
340.00  0.00
384.00  0.00
352.00  0.00
308.00  0.00
267.00  0.00
264.00  0.00
333.00  0.00
377.00  0.00
352.00  0.00
311.00  0.00
267.00  0.00
265.00  0.00
339.00  0.00
381.00  0.00
328.00  0.00
287.00  0.00
267.00  0.00