388.00  0.00
370.00  0.00
320.00  0.00
372.00  0.00
365.00  0.00
317.00  0.00
371.00  0.00
364.00  0.00
317.00  0.00
369.00  0.00
362.00  0.00
317.00  0.00
352.00  0.00
345.00  0.00
315.00  0.00
352.00  0.00
347.00  0.00
317.00  0.00
352.00  0.04
345.00  0.00
315.00  0.00
371.00  0.00
366.00  0.00
317.00  0.00
371.00  0.00
366.00  0.00
320.00  0.00
373.00  0.00
366.00  0.00
320.00  0.00
374.00  0.00
366.00  0.00
319.00  0.00
377.00  0.00
370.00  0.00
320.00  0.00
373.00  0.00
366.00  0.00
320.00  0.00
373.00  0.00
366.00  0.00
319.00  0.00
373.00  0.00
366.00  0.00
318.00  0.00
371.00  0.00
366.00  0.00
320.00  0.00
377.00  0.00
372.00  0.00
322.00  0.00
378.00  0.00
373.00  0.00
322.00  0.00
358.00  0.00
353.00  0.00
322.00  0.00
377.00  0.00
372.00  0.00
325.00  0.00
380.00  0.00
373.00  0.00
322.00  0.00
377.00  0.00
372.00  0.00
325.00  0.00
376.00  0.00
366.00  0.00
319.00  0.00
373.00  0.00
366.00  0.00
320.00  0.30
373.00  0.00
368.00  0.00
322.00  0.00
373.00  0.00
366.00  0.00
320.00  0.00
374.00  0.00
366.00  0.00
317.00  0.00
359.00  0.00
354.00  0.00
320.00  0.00
377.00  0.00
372.00  0.00
322.00  0.00
373.00  0.00
366.00  0.00
320.00  0.00
377.00  0.00
372.00  0.00
322.00  0.00
377.00  0.00
372.00  0.00
322.00  0.00
373.00  0.00
368.00  0.00
322.00  0.00
378.00  0.00
370.00  0.00
317.00  0.00
371.00  0.00
366.00  0.00
317.00  0.00
355.00  0.00
350.00  0.00
320.00  0.00
373.00  0.00
366.00  0.00
320.00  0.00
373.00  0.00
366.00  0.00
317.00  0.00
371.00  0.00
364.00  0.00
315.00  0.00
371.00  0.00
366.00  0.00
317.00  0.00