436.00  0.00
447.00  0.00
596.00  0.00
535.00  0.00
347.00  0.00
349.00  0.00
362.00  0.00
371.00  0.00
364.00  0.00
361.00  0.00
361.00  0.00
364.00  0.00
364.00  0.00
364.00  0.00
364.00  0.00
364.00  0.00
367.00  0.00
367.00  0.00
367.00  0.00
364.00  0.00
364.00  0.00
364.00  0.00
361.00  0.00
361.00  0.00
361.00  0.00
364.00  0.00
364.00  0.00
364.00  0.00
367.00  0.00
367.00  0.00
367.00  0.00
367.00  0.00
367.00  0.00
364.00  0.00
361.00  0.00
364.00  0.00
367.00  0.00
367.00  0.00
367.00  0.00
367.00  0.00
367.00  0.00
364.00  0.00
364.00  0.00
367.00  0.00
364.00  0.00
361.00  0.00
361.00  0.00
361.00  0.00
394.00  0.00
442.00  0.00
504.00  0.00
451.00  0.00
362.00  0.00
365.00  0.00
390.00  0.00
445.00  0.00
608.00  0.00
547.00  0.00
355.00  0.00
361.00  0.00
387.00  0.00
442.00  0.00
595.00  0.00
725.00  0.00
737.00  0.00
750.00  0.00
546.00  0.00
346.00  0.00
349.00  0.00
346.00  0.00
346.00  0.00
349.00  0.00
349.00  0.00
349.00  0.00
349.00  0.00
352.00  0.00
355.00  0.00
352.00  0.00
349.00  0.00
352.00  0.00
352.00  0.00
349.00  0.00
349.00  0.00
349.00  0.00
349.00  0.00
349.00  0.00
349.00  0.00
346.00  0.00
359.00  0.00
368.00  0.00
361.00  0.00
364.00  0.00
364.00  0.00
361.00  0.00
361.00  0.00
361.00  0.00
361.00  0.00
361.00  0.00
390.00  0.00
438.00  0.00
590.00  0.00
536.00  0.00
358.00  0.00
364.00  0.00
390.00  0.00
424.00  0.00
577.00  0.00
535.00  0.00
359.00  0.00
368.00  0.00
390.00  0.00
438.00  0.00
603.00  0.00
737.00  0.00
536.00  0.00
346.00  0.00
346.00  0.00
349.00  0.00
349.00  0.00
349.00  0.00