167.00  0.00
154.00  0.00
154.00  0.00
153.00  0.00
152.00  0.00
154.00  0.00
157.00  0.00
157.00  0.00
158.00  0.00
158.00  0.00
157.00  0.00
157.00  0.00
155.00  0.00
153.00  0.00
152.00  0.00
153.00  0.00
152.00  0.00
151.00  0.00
151.00  0.00
151.00  0.00
151.00  0.00
151.00  0.00
152.00  0.00
153.00  0.00
153.00  0.00
153.00  0.00
154.00  0.00
156.00  0.00
156.00  0.00
156.00  0.45
154.00  0.00
151.00  0.00
150.00  0.00
152.00  0.00
153.00  0.00
154.00  0.00
156.00  0.00
157.00  0.00
158.00  0.00
158.00  0.00
157.00  0.00
157.00  0.00
157.00  0.00
154.00  0.00
150.00  0.00
150.00  0.00
152.00  0.00
155.00  0.00
156.00  0.00
156.00  0.00
156.00  0.00
156.00  0.00
156.00  0.00
157.00  0.00
157.00  0.00
156.00  0.00
156.00  0.00
156.00  0.00
155.00  0.00
155.00  0.00
156.00  0.00
156.00  0.00
156.00  0.00
155.00  0.00
155.00  0.00
156.00  0.00
155.00  0.00
156.00  0.00
156.00  0.00
154.00  0.00
154.00  0.09
154.00  0.00
151.00  0.00
151.00  0.00
153.00  0.00
155.00  0.00
155.00  0.00
155.00  0.00
155.00  0.00
154.00  0.00
153.00  0.00
152.00  0.00
153.00  0.00
153.00  0.00
150.00  0.00
139.00  0.00
139.00  0.00
149.00  0.00
148.00  0.00
149.00  0.00
153.00  0.00
155.00  0.00
155.00  0.00
154.00  0.00
153.00  0.00
154.00  0.00
156.00  0.00
156.00  0.00
154.00  0.00
151.00  0.00
151.00  0.00
151.00  0.00
150.00  0.00
152.00  0.00
153.00  0.00
153.00  0.00
152.00  0.00
151.00  0.00
152.00  0.00
151.00  0.00
150.00  0.00
151.00  0.00
150.00  0.00
150.00  0.00
150.00  0.00
150.00  0.00
153.00  0.00
153.00  0.00
151.00  0.00
153.00  0.00