737.00  0.00
750.00  0.00
738.00  0.00
726.00  0.00
726.00  0.00
739.00  0.00
750.00  0.00
737.00  0.00
726.00  0.00
726.00  0.00
725.00  0.00
738.00  0.00
737.00  0.00
736.00  0.00
748.00  0.00
737.00  0.00
725.00  0.00
736.00  0.00
748.00  0.00
737.00  0.00
726.00  0.00
725.00  0.00
724.00  0.00
724.00  0.00
724.00  0.00
725.00  0.00
726.00  0.00
738.00  0.00
737.00  0.00
725.00  0.00
726.00  0.00
738.00  0.00
750.00  0.00
738.00  0.00
737.00  0.00
737.00  0.00
725.00  0.00
738.00  0.00
738.00  0.00
724.00  0.00
737.00  0.00
750.00  0.00
737.00  0.00
737.00  0.00
737.00  0.00
736.00  0.00
737.00  0.00
738.00  0.00
739.00  0.00
738.00  0.00
750.00  0.00
749.00  0.00
737.00  0.00
724.00  0.00
737.00  0.00
737.00  0.00
736.00  0.00
748.00  0.00
736.00  0.00
724.00  0.00
724.00  0.00
736.00  0.00
736.00  0.00
724.00  0.00
726.00  0.00
737.00  0.00
737.00  0.00
738.00  0.00
737.00  0.00
738.00  0.00
740.00  0.00
726.00  0.00
725.00  0.00
724.00  0.00
737.00  0.00
737.00  0.00
724.00  0.10
724.00  0.00
724.00  0.00
736.00  0.00
736.00  0.00
724.00  0.00
724.00  0.00
724.00  0.00
724.00  0.00
724.00  0.00
724.00  0.00
724.00  0.00
726.00  0.00
726.00  0.00
724.00  0.00
724.00  0.00
724.00  0.00
724.00  0.00
724.00  0.00
724.00  0.00
724.00  0.00
724.00  0.00
713.00  0.00
713.00  0.00
713.00  0.00
713.00  0.00
724.00  0.00
700.00  0.00
665.00  0.00
655.00  0.00
666.00  0.00
666.00  0.00
657.00  0.00
667.00  0.00
677.00  0.00
677.00  0.00
677.00  0.00
677.00  0.00
676.00  0.00
675.00  0.00
676.00  0.00
676.00  0.00
676.00  0.00
677.00  0.00