690.00  0.00
670.00  0.00
468.00  0.00
655.00  0.00
680.00  0.00
466.00  0.00
645.00  0.00
666.00  0.00
462.00  0.00
656.00  0.00
681.00  0.00
467.00  0.00
643.00  0.00
664.00  0.00
467.00  0.00
645.00  0.00
666.00  0.00
467.00  0.00
643.00  0.00
670.00  0.00
468.00  0.00
641.00  0.00
666.00  0.00
467.00  0.00
643.00  0.00
664.00  0.00
466.00  0.00
643.00  0.00
670.00  0.00
473.00  0.00
660.00  0.00
686.00  0.00
472.00  0.00
643.00  0.00
664.00  0.00
467.00  0.00
643.00  0.00
670.00  0.00
472.00  0.00
644.00  0.00
671.00  0.00
468.00  0.00
655.00  0.00
681.00  0.00
467.00  0.00
660.00  0.00
681.00  0.00
467.00  0.00
644.00  0.00
665.00  0.00
467.00  0.00
643.00  0.00
664.00  0.00
467.00  0.00
643.00  0.00
670.00  0.00
473.00  0.00
644.00  0.00
670.00  0.00
472.00  0.00
644.00  0.00
670.00  0.00
472.00  0.00
659.00  0.00
680.00  0.00
466.00  0.00
645.00  0.00
666.00  0.00
467.00  0.00
659.00  0.00
685.00  0.00
466.00  0.00
638.00  0.00
670.00  0.00
473.00  0.00
643.00  0.00
670.00  0.00
468.00  0.00
638.00  0.00
670.00  0.00
472.00  0.00
659.00  0.00
680.00  0.00
462.00  0.00
639.00  0.00
665.00  0.00
467.00  0.00
645.00  0.00
671.00  0.00
473.00  0.00
645.00  0.00
671.00  0.00
472.00  0.00
662.00  0.00
688.00  0.00
472.00  0.00
643.00  0.00
670.00  0.00
473.00  0.00
644.00  0.00
670.00  0.00
473.00  0.00
644.00  0.00
671.00  0.00
468.00  0.00
639.00  0.00
670.00  0.00
468.00  0.00
639.00  0.00
664.00  0.00
462.00  0.00
639.00  0.00
665.00  0.00
467.00  0.00
643.00  0.00
664.00  0.00
462.00  0.00
640.00  0.00
671.00  0.00
472.00  0.00