577.00  0.00
525.00  0.00
733.00  0.00
707.00  0.00
518.00  0.00
746.00  0.00
727.00  0.00
526.00  0.00
735.00  0.00
708.00  0.00
488.00  0.00
538.00  0.00
528.00  0.00
472.00  0.00
520.00  0.00
733.00  0.00
713.00  0.00
525.00  0.00
727.00  0.00
706.00  0.00
518.00  0.00
746.00  0.00
721.00  0.00
520.00  0.00
753.00  0.00
732.00  0.00
524.00  0.00
726.00  0.00
708.00  0.00
526.00  0.00
753.00  0.00
727.00  0.00
488.00  0.00
508.00  0.00
747.00  0.00
733.00  0.00
499.00  0.00
552.00  0.00
765.00  0.00
707.00  0.00
525.00  0.00
753.00  0.00
727.00  0.00
519.00  0.00
747.00  0.00
727.00  0.00
525.00  0.00
734.00  0.00
708.00  0.00
519.00  0.00
727.00  0.00
707.00  0.00
526.00  0.00
733.00  0.00
707.00  0.00
493.00  0.00
520.00  0.00
754.00  0.00
727.00  0.00
519.00  0.00
747.00  0.00
741.00  0.00
538.00  0.00
732.00  0.00
707.00  0.00
526.00  0.00
753.00  0.00
727.00  0.00
488.00  0.00
514.00  0.00
576.00  0.00
777.00  0.00
710.00  0.00
502.00  0.00
513.00  0.00
520.00  0.00
733.00  0.00
707.00  0.00
519.00  0.00
727.00  0.00
708.00  0.00
519.00  0.00
728.00  0.00
708.00  0.00
519.00  0.00
726.00  0.00
707.00  0.00
519.00  0.00
726.00  0.00
706.00  0.00
518.00  0.00
746.00  0.00
721.00  0.00
519.00  0.00
735.00  0.00
703.00  0.00
520.00  0.00
733.00  0.00
701.00  0.00
513.00  0.00
746.00  0.00
721.00  0.00
513.00  0.00
726.00  0.00
707.00  0.00
526.00  0.00
734.00  0.00
708.00  0.00
519.00  0.00
726.00  0.00
701.00  0.06
512.00  0.00
727.00  0.00
702.00  0.00
513.00  0.00
728.00  0.00
708.00  0.00
525.00  0.00
734.00  0.00
727.00  0.00