564.00  0.00
780.00  0.00
853.00  0.00
628.00  0.00
569.00  0.00
561.00  0.00
547.00  0.00
780.00  0.00
853.00  0.00
637.00  0.00
584.00  0.00
575.00  0.00
555.00  0.00
782.00  0.12
854.00  0.00
628.00  0.00
569.00  0.00
561.00  0.00
547.00  0.00
782.00  0.00
854.00  0.00
629.00  0.00
570.00  0.00
569.00  0.00
555.00  0.00
783.00  0.00
857.00  0.00
629.00  0.00
569.00  0.00
569.00  0.00
555.00  0.00
781.00  0.00
854.00  0.00
628.00  0.00
562.00  0.00
562.00  0.00
555.00  0.00
780.00  0.00
830.00  0.00
629.00  0.00
562.00  0.00
554.00  0.00
547.00  0.00
757.00  0.00
828.00  0.00
656.00  0.00
628.00  0.00
599.00  0.00
599.00  0.00
568.00  0.00
560.00  0.00
547.00  0.00
782.00  0.00
854.00  0.00
628.00  0.00
569.00  0.00
560.00  0.00
547.00  0.00
757.00  0.00
830.00  0.00
628.00  0.00
569.00  0.00
569.00  0.00
556.00  0.00
782.00  0.00
854.00  0.00
628.00  0.00
569.00  0.00
560.00  0.00
547.00  0.00
757.00  0.00
827.00  0.00
654.00  0.00
666.00  0.00
667.00  0.00
657.00  0.00
667.00  0.00
667.00  0.00
656.00  0.00
657.00  0.00
657.00  0.00
656.00  0.00
646.00  0.00
647.00  0.00
657.00  0.00
628.00  0.00
599.00  0.00
599.00  0.00
599.00  0.00
569.00  0.00
569.00  0.00
555.00  0.00
759.00  0.00
841.00  0.00
638.00  0.00
569.00  0.00
561.00  0.00
547.00  0.00
780.00  0.00
863.00  0.00
638.00  0.00
568.00  0.00
568.00  0.00
555.00  0.00
780.00  0.00
854.00  0.00