383.00  0.00
771.00  0.00
782.00  0.00
700.00  0.00
777.00  0.00
801.00  0.00
701.00  0.00
759.00  0.00
782.00  0.00
701.00  0.00
777.00  0.00
800.00  0.00
701.00  0.00
761.00  0.00
784.00  0.00
711.00  0.00
771.00  0.00
784.00  0.00
712.00  0.00
788.00  0.00
799.00  0.00
701.00  0.00
777.00  0.00
799.00  0.00
711.00  0.00
788.00  0.00
801.00  0.00
711.00  0.00
787.00  0.00
800.00  0.00
711.00  0.00
769.00  0.00
782.00  0.00
712.00  0.00
772.00  0.00
771.00  0.00
699.00  0.00
787.00  0.00
788.00  0.00
689.00  0.00
760.00  0.00
784.00  0.00
712.00  0.00
770.00  0.00
782.00  0.00
701.00  0.00
760.00  0.00
784.00  0.00
712.00  0.00
770.00  0.00
770.00  0.00
689.00  0.00
777.00  0.00
799.00  0.00
712.00  0.00
772.00  0.00
783.00  0.00
711.00  0.00
771.00  0.00
784.00  0.00
712.00  0.00
772.00  0.00
784.00  0.00
711.00  0.00
787.00  0.00
799.00  0.00
712.00  0.00
788.00  0.00
799.00  0.00
701.00  0.00
761.00  0.00
783.00  0.00
701.00  0.00
776.00  0.00
799.00  0.00
712.00  0.00
771.00  0.00
785.00  0.00
702.00  0.00
761.00  0.00
785.00  0.00
701.00  0.00
776.00  0.00
800.00  0.00
701.00  0.00
759.00  0.00
782.00  0.00
712.00  0.00
788.00  0.00
799.00  0.00
700.00  0.00
759.00  0.00
771.00  0.00
690.00  0.00
760.00  0.00
784.00  0.00
712.00  0.00
771.00  0.00
783.00  0.00
701.00  0.00
776.00  0.00
799.00  0.00
700.00  0.00
759.00  0.00
783.00  0.00
702.00  0.00
761.00  0.00
784.00  0.00
712.00  0.00
788.00  0.00
799.00  0.00
701.00  0.00
760.00  0.00
783.00  0.00
702.00  0.00
759.00  0.00
782.00  0.00
711.00  0.00
788.00  0.00
800.00  0.00