622.00  0.00
622.00  0.00
622.00  0.00
622.00  0.00
622.00  0.00
612.00  0.00
611.00  0.00
622.00  0.00
622.00  0.00
611.00  0.00
611.00  0.00
611.00  0.00
612.00  0.00
622.00  0.00
622.00  0.00
611.00  0.00
611.00  0.00
612.00  0.00
605.00  0.00
615.00  0.00
622.00  0.00
611.00  0.00
603.00  0.00
605.00  0.00
612.00  0.00
611.00  0.00
604.00  0.00
605.00  0.00
605.00  0.00
615.00  0.00
615.00  0.00
599.00  0.00
606.00  0.00
611.00  0.00
611.00  0.00
622.00  0.00
622.00  0.00
621.00  0.00
621.00  0.00
612.00  0.00
612.00  0.00
622.00  0.00
622.00  0.00
611.00  0.00
611.00  0.00
611.00  0.00
612.00  0.00
622.00  0.00
623.00  0.00
622.00  0.00
621.00  0.00
621.00  0.00
621.00  0.00
611.00  0.00
611.00  0.00
622.00  0.00
616.00  0.00
606.00  0.00
605.00  0.00
604.00  0.00
611.00  0.00
621.00  0.00
621.00  0.00
622.00  0.00
622.00  0.00
622.00  0.00
622.00  0.00
612.00  0.00
613.00  0.00
623.00  0.00
622.00  0.00
611.00  0.00
611.00  0.00
622.00  0.00
622.00  0.00
621.00  0.00
621.00  0.00
622.00  0.00
622.00  0.00
622.00  0.00
622.00  0.00
612.00  0.00
612.00  0.00
622.00  0.00
623.00  0.00
613.00  0.00
612.00  0.00
622.00  0.00
622.00  0.00
619.00  0.00
620.00  0.00
622.00  0.00
621.00  0.00
612.00  0.00
605.00  0.00
605.00  0.00
605.00  0.00
615.00  0.00
622.00  0.00
621.00  0.00
621.00  0.00
612.00  0.00
612.00  0.00
611.00  0.00
611.00  0.00
611.00  0.00
619.00  0.00
629.00  0.00
622.00  0.00
622.00  0.00
622.00  0.00
611.00  0.00
611.00  0.00
622.00  0.00
622.00  0.00
612.00  0.00
612.00  0.00
622.00  0.00
630.00  0.00
619.00  0.00