       4.91           
       4.94           
       5.02           
       4.94           
       4.84           
       4.88           
       4.68           
       4.54           
       4.70           
       4.63           
       4.77           
       4.67           
       4.73           
       4.78           
       4.62           
       4.68           
       4.64           
       4.43           
       4.61           
       4.59           
       4.58           
       4.60           
       4.66           
       4.90           
       4.55           
       4.80           
       4.80           
       4.76           
       4.80           
       4.73           
       4.86           
       4.61           
       4.69           
       4.78           
       4.86           
       4.80           
       4.76           
       4.80           
       4.80           
       4.83           
       4.73           
       4.81           
       4.71           
       4.64           
       4.77           
       4.66           
       4.60           
       4.84           
       5.01           
       4.81           
       4.70           
       4.66           
       4.64           
       4.72           
       4.87           
       5.02           
       4.93           
       4.84           
       4.69           
       4.77           
       4.57           
       4.26           
       4.45           
       4.73           
       4.72           
       4.81           
       4.79           
       4.79           
       4.85           
       4.89           
       4.76           
       4.88           
       4.76           
       4.84           
       4.93           
       4.88           
       4.79           
       4.89           
       4.81           
       4.88           
       4.82           
       4.60           
       4.67           
       4.71           
       4.51           
       4.45           
       4.62           
       4.71           
       4.90           
       4.84           
       4.89           
       4.72           
       4.76           
       4.78           
       4.83           
       4.72           
       4.61           
       4.74           
       4.78           
       4.70           
       4.61           
       4.67           
       4.70           
       4.70           
       4.73           
       4.73           
       4.69           
       4.66           
       4.57           
       4.72           
       4.64           
       4.75           
       4.71           
       4.74           
       4.74           
       4.91           
       4.69           
       4.66           
       4.45           
       4.35           
       4.53           
       4.51           
       4.48           
       4.57           
       4.63           
       4.66           
       4.59           
       4.33           
       4.11           
       4.65           
       4.73           
       4.74           
       4.81           
       4.76           
       4.84           
       4.76           
       4.97           
       4.84           
       4.75           
       4.92           
       4.78           
       4.61           
       4.43           
       4.64           
       4.84           
       4.48           
       4.46           
       4.57           
       4.73           
       4.74           
       4.67           
       4.70           
       4.78           
       4.74           
       4.73           
       4.77           
       4.72           
       4.71           
       4.49           
       4.69           
       4.63           
       4.65           
       4.76           
       4.87           
       4.78           
       4.86           
       4.74           
       4.68           
       4.54           
       4.68           
       4.59           
       4.61           
       4.61           
       4.72           
       4.62           
       4.74           
       4.70           
       4.62           
       4.74           
       4.75           
       4.54           
       4.58           
       4.62           
       4.55           
       4.38           
       4.51           
       4.54           
       4.73           
       4.73           
       4.70           
       4.59           
       4.63           
       4.58           
       4.32           
       4.66           
       4.58           
       4.62           
       4.58           
       4.76           
       4.56           
       4.59           
       4.54           
       4.43           
       4.50           
       4.54           
       4.73           
       4.71           
       4.66           
       4.71           
       4.74           
       4.74           
       4.69           
       4.65           
       4.78           
       4.84           
       4.87           
       4.85           
       4.85           
       4.87           
       4.81           
       4.94           
       4.61           
       4.29           
       4.23           
       4.48           
       4.01           
       4.40           
       4.75           
       4.81           
       4.84           
       4.77           
       4.71           
       4.76           
       4.63           
       4.78           
       4.87           
       4.87           
       4.73           
       4.78           
       4.63           
       4.29           
       4.59           
       4.47           
       4.36           
       4.44           
       4.51           
       4.19           
       4.35           
       4.96           
       4.85           
       4.85           
       4.78           
       4.78           
       4.70           
       4.35           
       4.49           
       4.32           
       4.57           
       4.55           
       4.64           
       4.68           
       4.62           
       4.63           
       4.55           
       4.83           
       4.94           
       4.76           
       4.82           
       4.74           
       4.51           
       4.71           
       4.57           
       4.67           
       4.45           
       4.31           
       4.29           
       4.33           
       4.51           
       4.68           
       4.57           
       4.74           
       4.82           
       4.75           
       4.68           
       4.65           
       4.72           
       4.64           
       4.78           
       4.65           
       4.65           
       4.71           
       4.76           
       4.85           
       4.92           
       4.92           
       4.84           
       4.77           
       4.78           
       4.86           
       4.87           
       4.86           
       4.94           
       5.01           
       5.05           
       4.77           
       4.77           
       4.81           
       4.88           
       4.96           
       4.85           
       4.80           
       4.68           
       4.72           
       4.81           
       4.80           
       4.68           
       4.51           
       4.71           
       4.81           
       4.73           
       4.52           
       4.43           
       4.66           
       4.02           
       4.65           
       4.75           
       4.70           
       4.70           
       4.72           
       4.29           
       4.54           
       4.70           
       4.63           
       4.75           
       4.70           
       4.88           
       4.77           
       4.71           
       4.79           
       4.80           
       4.87           
       4.83           
       4.78           
       4.80           
       4.81           
       4.72           
       4.68           
       4.84           
       4.76           
       4.47           
       4.72           
       4.83           
       4.80           
       4.68           
       4.83           
       4.77           
       4.73           
       4.89           
       4.98           
       4.87           
       4.82           
       4.71           
       4.66           
       4.28           
       4.41           
       4.59           
       4.75           
       4.76           
       4.90           
       4.87           
       4.84           
       4.87           
       4.66           
       4.65           
       4.50           
       4.43           
       4.50           
       4.35           
       4.53           
       4.66           
       4.73           
       4.77           
       4.76           
       4.82           
       4.77           
       4.97           
       4.93           
       4.91           
       4.80           
       4.87           
       5.10           
       4.91           
       5.04           
       4.74           
       4.76           
       4.73           
       4.80           
       4.91           
       4.69           
       4.75           
       4.72           
       4.69           
       4.77           
       4.78           
       4.70           
       4.86           
       4.60           
       4.18           
       4.53           
       4.33           
       4.65           
       4.75           
       4.55           
       4.68           
       4.66           
       4.61           
       4.75           
       4.59           
       4.74           
       4.69           
       4.79           
       4.76           
       4.70           
       4.69           
       4.67           
       4.79           
       4.85           
       4.76           
       4.80           
       4.72           
       4.75           
       4.76           
       4.75           
       4.56           
       4.62           
       4.53           
       4.45           
       3.72           
       4.34           
       4.53           
       4.59           
       4.70           
       4.63           
       4.69           
       4.91           
       4.93           
       5.05           
       4.68           
       4.68           
       4.40           
       4.50           
       4.82           
       4.75           
       4.74           
       4.78           
       4.65           
       4.79           
       4.71           
       4.78           
       4.66           
       4.63           
       4.95           
       4.72           
       4.82           
       4.80           
       4.79           
       4.62           
       4.55           
       4.73           
       4.74           
       4.72           
       4.68           
       4.66           
       4.95           
       4.81           
       4.66           
       4.78           
       4.87           
       4.78           
       4.78           
       4.73           
       4.75           
       4.87           
       4.68           
       4.71           
       4.68           
       4.70           
       4.74           
       4.75           
       4.63           
       4.60           
       4.66           
       4.71           
       4.76           
       4.44           
       4.27           
       4.48           
       4.13           
       4.35           
       4.70           
       4.59           
       4.61           
       4.76           
       4.60           
       4.59           
       4.71           
       4.66           
       4.76           
       4.73           
       4.70           
       4.78           
       4.57           
       4.67           
       4.71           
       4.65           
       4.58           
       4.40           
       4.16           
       4.85           
       4.90           
       4.75           
       4.81           
       4.75           
       4.73           
       4.57           
       4.63           
       4.62           
       4.75           
       4.71           
       4.64           
       4.83           
       4.78           
       4.73           
       4.54           
       4.55           
       4.73           
       4.79           
       4.85           
       4.83           
       4.73           
       4.80           
       4.66           
       4.78           
       4.77           
       4.75           
       4.73           
       4.88           
       4.88           
       4.84           
       4.64           
       4.69           
       4.61           
       4.82           
       4.74           
       4.84           
       4.71           
       4.68           
       4.69           
       4.76           
       4.73           
       4.78           
       4.77           
       4.69           
       4.70           
       4.49           
       4.64           
       4.29           
       4.61           
       4.61           
       4.50           
       4.60           
       4.62           
       4.34           
       4.42           
       4.66           
       4.80           
       4.91           
       4.88           
       4.67           
       4.66           
       4.67           
       4.55           
       4.67           
       4.72           
       4.48           
       4.63           
       4.73           
       4.74           
       4.76           
       4.66           
       4.57           
       4.94           
       4.75           
       4.74           
       4.78           
       4.55           
       4.74           
       4.74           
       4.78           
       4.89           
       4.89           
       4.75           
       4.73           
       4.59           
       4.63           
       4.59           
       4.76           
       4.76           
       4.57           
       4.58           
       4.64           
       4.87           
       4.69           
       4.48           
       4.38           
       4.58           
       4.69           
       4.74           
       4.74           
       4.77           
       4.83           
       4.84           
       4.54           
       4.38           
       4.19           
       4.29           
       4.36           
       4.55           
       4.62           
       4.67           
       4.81           
       4.71           
       4.84           
       4.66           
       4.70           
       4.65           
       4.79           
       4.69           
       4.48           
       4.67           
       4.52           
       4.54           
       4.82           
       4.66           
       4.28           
       4.40           
       4.15           
       4.32           
       3.95           
       4.59           
       4.97           
       5.13           
       4.99           
       4.96           
       4.59           
       4.66           
       4.74           
       4.70           
       4.64           
       4.70           
       4.76           
       4.92           
       4.90           
       4.93           
       4.85           
       4.96           
       4.94           
       4.93           
       4.96           
       4.73           
       4.72           
       4.70           
       4.74           
       4.65           
       4.68           
       4.61           
       4.74           
       5.03           
       4.93           
       4.81           
       4.81           
       4.83           
       4.91           
       4.83           
       4.83           
       4.95           
       4.94           
       4.97           
       5.04           
       4.89           
       4.85           
       4.72           
       4.84           
       4.66           
       4.79           
       4.73           
       4.83           
       4.82           
       4.71           
       4.59           
       4.57           
       4.30           
       4.32           
       4.78           
       4.57           
       4.63           
       4.44           
       4.97           
       4.86           
       4.77           
       4.85           
       4.84           
       4.72           
       4.61           
       4.67           
       4.97           
       4.77           
       4.85           
       4.78           
       4.87           
       4.68           
       4.60           
       4.82           
       4.76           
       4.75           
       4.71           
       4.83           
       4.72           
       4.77           
       4.74           
       4.81           
       4.83           
       4.76           
       4.74           
       4.71           
       4.81           
       4.69           
       4.63           
       4.71           
       4.77           
       4.75           
       4.71           
       4.75           
       4.73           
       4.35           
       4.77           
       4.78           
       4.74           
       4.54           
       4.62           
       4.56           
       4.49           
       4.54           
       4.75           
       4.69           
       4.56           
       4.91           
       4.97           
       4.85           
       4.89           
       5.13           
       4.83           
       4.66           
       4.64           
       4.75           
       4.84           
       4.73           
       4.75           
       4.59           
       4.72           
       4.79           
       4.61           
       4.67           
       4.46           
       4.55           
       4.57           
       4.68           
       4.49           
       4.65           
       4.84           
       4.78           
       4.83           
       4.86           
       4.93           
       4.98           
       4.93           
       4.91           
       4.92           
       4.78           
       4.89           
       4.70           
       5.10           
       5.07           
       4.95           
       5.01           
       4.89           
       5.00           
       4.82           
       4.83           
       4.83           
       4.73           
       4.65           
       4.63           
       4.45           
       4.61           
       4.68           
       4.87           
       4.77           
       4.84           
       4.87           
       4.70           
       4.55           
       4.69           
       4.70           
       4.77           
       4.89           
       4.89           
       4.87           
       4.73           
       4.85           
       4.79           
       4.92           
       4.98           
       5.03           
       4.91           
       4.98           
       4.77           
       4.85           
       4.84           
       4.75           
       4.77           
       4.84           
       4.84           
       4.84           
       4.89           
       4.80           
       4.77           
       4.77           
       4.76           
       4.70           
       4.75           
       4.70           
       4.86           
       4.98           
       5.08           
       4.92           
       4.91           
       4.80           
       4.78           
       4.78           
       4.86           
       4.79           
       4.75           
       4.77           
       4.79           
       4.86           
       4.84           
       4.86           
       4.70           
       4.72           
       4.91           
       4.93           
       4.95           
       4.98           
       4.73           
       4.81           
       4.69           
       4.63           
       4.62           
       4.52           
       4.42           
       4.43           
       4.88           
       4.80           
       4.71           
       4.74           
       4.76           
       4.87           
       4.74           
       4.83           
       4.78           
       4.69           
       4.58           
       4.69           
       4.69           
       4.80           
       4.81           
       4.80           
       4.86           
       4.73           
       4.75           
       4.73           
       4.76           
       4.83           
       4.75           
       4.82           
       4.80           
       4.84           
       4.92           
       4.83           
       4.87           
       4.87           
       4.85           
       4.95           
       4.86           
       4.60           
       4.31           
       4.48           
       4.65           
       4.60           
       4.75           
       4.82           
       4.77           
       4.76           
       4.94           
       4.83           
       4.78           
       4.75           
       4.93           
       4.82           
       4.88           
       4.80           
       4.93           
       5.11           
       4.77           
       4.67           
       4.80           
       4.96           
       4.89           
       4.79           
       4.88           
       4.91           
       4.97           
       4.81           
       4.71           
       4.66           
       4.79           
       4.75           
       4.70           
       4.75           
       4.81           
       4.85           
       4.72           
       4.79           
       4.82           
       4.73           
       4.71           
       4.75           
       4.77           
       4.85           
       4.82           
       4.63           
       4.70           
       4.67           
       4.75           
       4.65           
       4.64           
       4.88           
       4.83           
       4.89           
       4.85           
       4.84           
       4.87           
       4.78           
       4.82           
       4.84           
       4.71           
       4.91           
       4.76           
       4.76           
       4.64           
       4.65           
       4.61           
       4.78           
       4.64           
       4.69           
       4.72           
       4.90           
       4.87           
       4.77           
       4.92           
       4.93           
       4.81           
       4.78           
       4.93           
       4.76           
       4.60           
       4.71           
       4.91           
       4.77           
       4.85           
       4.84           
       4.81           
       4.71           
       4.72           
       4.78           
       4.77           
       4.91           
       5.15           
       4.94           
       4.97           
       4.79           
       4.71           
       4.80           
       4.91           
       4.79           
       4.82           
       4.84           
       4.79           
       4.84           
       4.81           
       4.54           
       4.64           
       4.82           
       4.70           
       4.86           
       4.80           
       4.78           
       4.78           
       4.83           
       4.81           
       4.87           
       4.80           
       4.77           
       4.78           
       4.75           
       4.75           
       4.78           
       4.79           
       4.81           
       4.89           
       4.73           
       4.76           
       4.71           
       4.82           
       4.75           
       4.75           
       4.55           
       4.51           
       4.76           
       4.82           
       4.80           
       4.80           
       4.56           
       4.65           
       4.65           
       4.75           
       4.69           
       4.87           
       4.84           
       4.75           
       4.79           
       4.89           
       4.98           
       5.15           
       5.03           
       4.82           
       4.74           
       4.83           
       4.85           
       4.84           
       4.83           
       4.86           
       4.94           
       4.92           
       4.88           
       4.81           
       4.86           
       4.78           
       4.77           
       4.87           
       4.73           
       4.92           
       4.87           
       4.82           
       4.54           
       4.72           
       4.70           
       4.73           
       4.72           
       4.71           
       4.71           
       4.69           
       4.96           
       4.90           
       5.04           
       4.71           
       4.86           
       4.75           
       4.51           
       4.56           
       4.54           
       4.69           
       4.81           
       4.73           
       4.81           
       4.93           
       4.84           
       4.69           
       4.82           
       4.79           
       4.76           
       4.83           
       4.79           
       4.87           
       4.84           
       4.84           
       4.77           
       4.45           
       4.76           
       4.70           
       4.71           
       4.62           
       4.72           
       4.79           
       4.54           
       4.68           
       4.77           
       4.80           
       4.80           
       4.77           
       4.65           
       4.68           
       4.71           
       4.73           
       4.74           
       4.79           
       4.70           
       4.79           
       4.88           
       4.79           
       4.80           
       4.89           
       4.83           
       4.71           
       4.62           
       4.66           
       4.77           
       4.87           
       4.80           
       4.58           
       4.84           
       4.85           
       4.88           
       4.87           
       4.78           
       4.65           
       4.70           
       4.66           
       4.67           
       4.99           
       4.85           
       4.78           
       4.97           
       4.94           
       4.94           
       4.87           
       4.82           
       4.86           
       4.96           
       4.95           
       4.85           
       4.65           
       4.69           
       4.84           
       4.83           
       4.72           
       4.51           
       4.66           
       4.55           
       4.58           
       4.60           
       4.85           
       4.72           
       4.72           
       4.84           
       4.70           
       4.70           
       4.83           
       4.99           
       4.86           
       4.75           
       4.90           
       4.86           
       4.85           
       5.05           
       4.82           
       4.85           
       4.74           
       4.83           
       4.79           
       4.77           
       4.64           
       4.62           
       4.66           
       4.77           
       4.75           
       4.80           
       4.93           
       4.90           
       4.82           
       4.94           
       4.83           
       5.03           
       4.94           
       4.87           
       4.89           
       4.85           
       4.96           
       4.90           
       4.70           
       4.81           
       4.73           
       4.40           
       4.59           
       4.70           
       4.75           
       4.87           
       5.00           
       4.94           
       4.91           
       4.79           
       4.87           
       4.80           
       4.85           
       4.76           
       4.73           
       4.87           
       4.75           
       4.85           
       4.80           
       5.03           
       4.83           
       4.86           
       4.92           
       4.70           
       4.81           
       4.72           
       4.72           
       4.69           
       4.73           
       4.62           
       4.78           
       4.71           
       4.48           
       4.54           
       4.76           
       4.51           
       4.64           
       4.72           
       4.67           
       4.77           
       4.82           
       4.88           
       4.91           
       5.05           
       5.09           
       5.00           
       4.89           
       4.76           
       4.87           
       4.89           
       4.74           
       4.81           
       4.85           
       4.83           
       4.82           
       4.64           
       4.75           
       4.77           
       4.80           
       4.70           
       4.67           
       4.89           
       4.91           
       4.78           
       4.90           
       4.81           
       4.80           
       4.70           
       4.83           
       4.64           
       4.51           
       4.61           
       4.74           
       4.96           
       4.95           
       4.76           
       4.74           
       4.56           
       4.69           
       4.81           
       4.73           
       4.74           
       4.84           
       4.90           
       4.83           
       4.79           
       4.76           
       4.91           
       4.78           
       4.92           
       4.83           
       5.05           
       4.82           
       4.65           
       4.66           
       4.70           
       4.66           
       4.75           
       4.80           
       4.84           
       4.73           
       4.78           
       4.84           
       4.88           
       4.85           
       4.89           
       4.92           
       4.74           
       4.74           
       4.80           
       4.86           
       4.78           
       4.73           
       4.65           
       4.61           
       4.84           
       4.79           
       4.86           
       4.82           
       4.84           
       4.88           
       4.80           
       4.73           
       4.80           
       4.83           
       4.79           
       4.59           
       4.48           
       4.73           
       4.85           
       4.93           
       5.01           
       4.86           
       4.72           
       4.74           
       4.78           
       4.80           
       4.69           
       4.84           
       4.70           
       4.66           
       4.82           
       4.72           
       4.76           
       4.71           
       4.81           
       4.76           
       4.65           
       4.65           
       4.78           
       4.72           
       4.72           
       4.79           
       4.76           
       4.81           
       4.73           
       4.80           
       4.66           
       4.66           
       4.57           
       4.51           
       4.41           
       4.74           
       4.72           
       4.36           
       4.40           
       4.61           
       4.69           
       4.79           
       4.52           
       4.68           
       4.53           
       4.54           
       4.74           
       4.74           
       4.74           
       4.76           
       4.56           
       4.38           
       4.60           
       4.57           
       4.57           
       4.49           
       4.22           
       4.65           
       4.83           
       4.62           
       4.63           
       4.79           
       4.86           
       4.83           
       4.75           
       4.75           
       4.75           
       4.91           
       5.22           
       5.04           
       4.81           
       4.72           
       4.66           
       4.80           
       4.86           
       4.46           
       4.66           
       4.65           
       4.67           
       4.84           
       4.65           
       4.76           
       4.67           
       4.75           
       4.83           
       4.74           
       4.78           
       4.65           
       4.42           
       4.59           
       4.63           
       4.78           
       4.89           
       4.76           
       5.01           
       4.89           
       4.93           
       4.82           
       4.86           
       4.99           
       4.89           
       4.76           
       4.78           
       4.89           
       4.81           
       4.93           
       4.75           
       4.83           
       4.78           
       4.68           
       4.74           
       4.88           
       4.88           
       4.88           
       4.81           
       4.89           
       4.83           
       4.82           
       4.91           
       4.86           
       4.77           
       4.83           
       4.86           
       4.93           
       4.95           
       4.83           
       4.88           
       4.93           
       4.82           
       4.81           
       4.85           
       4.69           
       4.71           
       4.69           
       4.93           
       4.85           
       4.81           
       4.73           
       4.94           
       4.81           
       4.87           
       4.94           
       4.85           
       4.86           
       4.57           
       4.67           
       4.88           
       4.78           
       4.83           
       4.99           
       4.96           
       5.08           
       4.76           
       4.75           
       4.95           
       4.76           
       4.67           
       4.85           
       4.87           
       5.02           
       4.97           
       4.83           
       4.82           
       4.62           
       4.78           
       4.71           
       4.72           
       4.76           
       4.73           
       4.92           
       4.75           
       4.78           
       4.72           
       4.67           
       4.88           
       4.77           
       4.95           
       4.83           
       4.94           
       4.99           
       4.88           
       4.91           
       4.68           
       4.66           
       4.60           
       4.73           
       4.80           
       4.80           
       4.87           
       4.80           
       4.63           
       4.81           
       4.53           
       4.39           
       4.46           
       4.74           
       4.71           
       4.65           
       4.29           
       4.67           
       4.66           
       4.87           
       4.78           
       4.40           
       4.69           
       4.76           
       4.68           
       4.68           
       4.68           
       4.56           
       4.52           
       4.67           
       4.61           
       4.69           
       4.71           
       4.54           
       4.57           
       4.69           
       4.43           
       4.33           
       4.47           
       4.27           
       4.62           
       4.79           
       4.74           
       4.62           
       4.66           
       4.89           
       4.88           
       4.88           
       4.90           
       4.96           
       5.01           
       4.95           
       4.81           
       4.75           
       4.77           
       4.81           
       4.89           
       4.92           
       4.85           
       4.97           
       4.55           
       4.22           
       4.44           
       4.72           
       4.73           
       4.76           
       4.89           
       4.90           
       4.82           
       4.86           
       4.88           
       4.96           
       4.89           
       4.90           
       4.77           
       4.61           
       4.82           
       4.79           
       4.42           
       4.73           
       4.66           
       4.66           
       4.49           
       4.28           
       4.87           
       4.63           
       4.82           
       4.61           
       4.45           
       4.66           
       4.78           
       4.76           
       4.80           
       4.71           
       4.73           
       4.79           
       4.75           
       4.99           
       4.95           
       4.84           
       4.67           
       4.55           
       4.67           
       4.82           
       4.75           
       4.69           
       4.80           
       4.70           
       4.81           
       4.88           
       4.89           
       4.86           
       4.78           
       4.89           
       4.87           
       4.70           
       4.77           
       4.82           
       4.64           
       4.49           
       4.66           
       4.68           
       4.69           
       4.66           
       4.80           
       4.78           
       4.73           
       4.97           
       4.92           
       5.05           
       5.00           
       4.99           
       4.96           
       4.82           
       4.86           
       4.84           
       4.78           
       4.67           
       4.92           
       4.95           
       4.87           
       4.79           
       4.79           
       4.64           
       4.55           
       4.87           
       4.61           
       4.60           
       4.61           
       4.70           
       4.79           
       4.76           
       4.69           
       4.77           
       4.68           
       4.78           
       4.77           
       4.77           
       4.89           
       4.85           
       4.69           
       4.60           
       4.65           
       4.86           
       4.73           
       4.67           
       4.83           
       4.82           
       4.75           
       4.81           
       4.77           
       4.92           
       4.77           
       4.72           
       4.88           
       4.96           
       4.91           
       4.80           
       4.93           
       4.85           
       4.77           
       4.67           
       4.75           
       4.79           
       4.73           
       4.71           
       4.66           
       4.78           
       4.94           
       4.77           
       4.71           
       4.79           
       4.75           
       4.69           
       4.87           
       4.84           
       4.87           
       4.79           
       4.77           
       4.79           
       4.68           
       4.66           
       4.73           
       4.70           
       4.80           
       4.84           
       4.81           
       4.91           
       4.90           
       4.96           
       4.94           
       4.97           
       4.78           
       4.69           
       4.40           
       4.53           
       4.73           
       4.77           
       4.74           
       4.71           
       4.74           
       4.88           
       4.82           
       4.67           
       4.67           
       4.63           
       4.57           
       4.73           
       4.86           
       4.88           
       4.70           
       4.80           
       4.75           
       4.77           
       4.46           
       4.30           
       4.60           
       4.56           
       4.60           
       4.57           
       4.56           
       4.61           
       4.67           
       4.44           
       4.61           
       4.40           
       4.24           
       4.39           
       4.48           
       4.60           
       4.44           
       4.80           
       4.87           
       4.79           
       4.84           
       4.85           
       4.72           
       4.74           
       4.81           
       4.69           
       4.60           
       4.65           
       4.66           
       4.81           
       4.82           
       4.72           
       4.49           
       4.64           
       4.35           
       4.83           
       4.57           
       4.67           
       4.71           
       4.72           
       4.80           
       4.75           
       4.66           
       4.63           
       4.80           
       4.88           
       4.78           
       4.80           
       4.81           
       4.98           
       4.98           
       4.70           
       4.71           
       4.79           
       4.73           
