256.00  0.00
202.00  0.04
222.00  0.00
244.00  0.00
230.00  0.00
209.00  0.00
225.00  0.00
246.00  0.00
224.00  0.00
202.00  0.00
225.00  0.00
222.00  0.00
202.00  0.00
222.00  0.00
244.00  0.00
249.00  0.00
229.00  0.00
226.00  0.00
245.00  0.00
226.00  0.00
223.00  0.00
244.00  0.00
228.00  0.00
224.00  0.00
244.00  0.00
228.00  0.00
206.00  0.00
226.00  0.00
224.00  0.00
201.00  0.00
224.00  0.00
222.00  0.00
200.00  0.00
224.00  0.00
222.00  0.00
200.00  0.00
225.00  0.09
224.00  0.00
201.00  0.00
224.00  0.00
221.00  0.00
199.00  0.00
222.00  0.00
220.00  0.00
200.00  0.00
225.00  0.00
223.00  0.00
200.00  0.00
223.00  0.00
220.00  0.00
198.00  0.00
220.00  0.00
218.00  0.00
197.00  0.00
222.00  0.00
222.00  0.00
200.00  0.00
220.00  0.00
219.00  0.00
200.00  0.00
224.00  0.00
222.00  0.00
201.00  0.00
224.00  0.00
223.00  0.00
201.00  0.00
224.00  0.00
223.00  0.00
201.00  0.00
224.00  0.00
221.00  0.00
199.00  0.00
222.00  0.00
221.00  0.00
200.00  0.00
223.00  0.00
221.00  0.00
200.00  0.00
224.00  0.00
222.00  0.00
200.00  0.06
224.00  0.00
222.00  0.00
200.00  0.00
225.00  0.00
248.00  0.00
228.00  0.00
243.00  0.00
263.00  0.00
228.00  0.00
224.00  0.00
244.00  0.00
228.00  0.21
226.00  0.00
247.00  0.00
251.00  0.00
227.00  0.00
205.00  0.00
207.00  0.00
223.00  0.00
244.00  0.00
224.00  0.00
201.00  0.00
224.00  0.00
223.00  0.00
203.00  0.00
226.00  0.00
224.00  0.00
201.00  0.00
223.00  0.00
220.00  0.00
199.00  0.00
222.00  0.00
221.00  0.00
199.00  0.00
225.00  0.00
224.00  0.03
201.00  0.00
227.00  0.00
225.00  0.00