753.00  0.00
492.00  0.00
508.00  0.00
529.00  0.00
579.00  0.00
579.00  0.00
518.00  0.00
504.00  0.00
515.00  0.00
523.00  0.00
573.00  0.00
671.00  0.00
604.00  0.00
499.00  0.00
516.00  0.00
530.00  0.00
564.00  0.00
737.00  0.00
686.00  0.00
486.00  0.00
502.00  0.00
522.00  0.00
580.00  0.00
762.00  0.00
687.00  0.00
486.00  0.00
502.00  0.00
522.00  0.00
572.00  0.00
579.00  0.00
513.00  0.00
492.00  0.00
508.00  0.00
523.00  0.00
573.00  0.00
753.00  0.00
691.00  0.00
497.00  0.00
509.00  0.00
529.00  0.00
579.00  0.00
658.00  0.00
592.00  0.00
499.00  0.00
516.00  0.00
522.00  0.00
572.00  0.00
579.00  0.00
513.00  0.00
499.00  0.00
509.00  0.00
523.00  0.00
563.00  0.00
736.00  0.00
686.00  0.00
486.00  0.00
496.00  0.00
523.00  0.00
563.00  0.00
756.00  0.00
706.00  0.00
499.00  0.00
516.00  0.00
530.00  0.00
564.00  0.00
564.00  0.00
513.00  0.00
492.00  0.00
508.00  0.00
522.00  0.00
556.00  0.00
737.00  0.00
692.00  0.00
491.00  0.00
497.00  0.00
516.00  0.00
572.00  0.00
580.00  0.00
514.00  0.00
486.00  0.00
497.00  0.00
517.00  0.00
572.00  0.00
752.00  0.00
686.00  0.00
486.00  0.00
502.00  0.00
523.00  0.00
573.00  0.00
753.00  0.00
686.00  0.00
486.00  0.00
502.00  0.00
522.00  0.00
573.00  0.00
581.00  0.00
514.00  0.00
486.00  0.00
503.00  0.00
523.00  0.00
573.00  0.00
588.00  0.00
526.00  0.00
491.00  0.00
502.00  0.00
522.00  0.00
581.00  0.00
781.00  0.00
706.00  0.00
487.00  0.00
503.00  0.00
522.00  0.00
572.00  0.00
580.00  0.00
518.00  0.00
492.00  0.00
497.00  0.00
523.00  0.00
579.00  0.00
580.00  0.00