303.00  0.01
279.00  0.00
260.00  0.00
257.00  0.00
280.00  0.00
312.00  0.00
310.00  0.00
282.00  0.00
262.00  0.00
259.00  0.00
287.00  0.00
320.00  0.00
312.00  0.00
282.00  0.00
262.00  0.00
258.00  0.00
282.00  0.00
324.00  0.00
321.00  0.00
284.00  0.00
264.00  0.00
261.00  0.00
286.00  0.00
326.00  0.00
319.00  0.00
284.00  0.00
264.00  0.00
258.00  0.00
325.00  0.00
357.00  0.00
309.00  0.00
281.00  0.00
261.00  0.00
258.00  0.00
282.00  0.00
310.00  0.00
303.00  0.00
277.00  0.00
258.00  0.00
255.00  0.00
281.00  0.00
321.00  0.00
315.00  0.00
280.00  0.00
262.00  0.00
259.00  0.00
286.00  0.00
329.00  0.00
320.00  0.00
280.00  0.00
264.00  0.00
261.00  0.00
282.00  0.00
314.00  0.00
314.00  0.00
286.00  0.00
264.00  0.00
259.00  0.00
284.00  0.00
324.00  0.00
320.00  0.00
284.00  0.00
266.00  0.00
263.00  0.00
290.00  0.00
322.00  0.00
312.00  0.00
286.00  0.00
268.00  0.00
261.00  0.00
286.00  0.00
332.00  0.00
325.00  0.00
286.00  0.00
268.00  0.00
263.00  0.00
288.00  0.00
321.00  0.00
314.00  0.00
284.00  0.00
264.00  0.00
259.00  0.00
284.00  0.00
316.00  0.00
309.00  0.00
280.00  0.00
262.00  0.00
258.00  0.00
280.00  0.00
312.00  0.00
308.00  0.00
280.00  0.00
262.00  0.00
258.00  0.00
280.00  0.00
322.00  0.00
343.00  0.00
306.00  0.13
262.00  0.00
258.00  0.00
282.00  0.00
316.00  0.00
312.00  0.00
282.00  0.00
262.00  0.00
258.00  0.00
280.00  0.00
322.00  0.00
319.00  0.00
282.00  0.00
262.00  0.00
261.00  0.00
285.00  0.00
316.00  0.00
312.00  0.00
282.00  0.00
262.00  0.00
259.00  0.00
284.00  0.00
314.00  0.00