354.00  0.00
331.00  0.00
334.00  0.00
334.00  0.00
334.00  0.00
334.00  0.00
331.00  0.00
333.00  0.00
337.00  0.00
337.00  0.00
337.00  0.00
336.00  0.00
333.00  0.00
331.00  0.00
331.00  0.00
331.00  0.00
383.00  0.00
383.00  0.00
334.00  0.00
334.00  0.00
334.00  0.00
334.00  0.00
331.00  0.00
331.00  0.01
331.00  0.00
331.00  0.00
331.00  0.00
331.00  0.00
331.00  0.00
331.00  0.00
332.00  0.00
332.00  0.00
334.00  0.00
337.00  0.00
337.00  0.00
336.00  0.00
336.00  0.00
336.00  0.00
336.00  0.00
337.00  0.00
337.00  0.01
336.00  0.00
336.00  0.00
336.00  0.00
336.00  0.00
337.00  0.00
337.00  0.00
337.00  0.00
337.00  0.00
336.00  0.00
337.00  0.00
335.00  0.00
331.00  0.00
333.00  0.00
333.00  0.00
333.00  0.00
336.00  0.00
334.00  0.00
334.00  0.00
334.00  0.00
334.00  0.00
336.00  0.00
336.00  0.00
337.00  0.00
334.00  0.00
333.00  0.00
336.00  0.00
335.00  0.00
335.00  0.00
334.00  0.00
334.00  0.00
336.00  0.00
336.00  0.00
334.00  0.00
334.00  0.00
336.00  0.00
333.00  0.00
331.00  0.00
335.00  0.00
335.00  0.00
331.00  0.00
331.00  0.00
331.00  0.00
331.00  0.00
334.00  0.00
336.00  0.00
333.00  0.00
334.00  0.00
337.00  0.00
336.00  0.00
336.00  0.00
336.00  0.00
333.00  0.00
334.00  0.00
334.00  0.00
332.00  0.00
334.00  0.00
336.00  0.00
333.00  0.00
333.00  0.00
336.00  0.00
336.00  0.00
336.00  0.00
336.00  0.00
391.00  0.00
391.00  0.00
334.00  0.00
332.00  0.00
338.00  0.00
338.00  0.00
331.00  0.00
334.00  0.00
337.00  0.00
334.00  0.00
335.00  0.00
335.00  0.00
334.00  0.00
334.00  0.00
334.00  0.00
335.00  0.00