458.00  0.00
426.00  0.00
431.00  0.00
387.00  0.00
360.00  0.00
372.00  0.00
373.00  0.00
373.00  0.00
376.00  0.00
376.00  0.00
373.00  0.00
376.00  0.00
379.00  0.00
379.00  0.00
376.00  0.00
373.00  0.00
373.00  0.00
373.00  0.00
373.00  0.00
373.00  0.00
373.00  0.00
373.00  0.00
369.00  0.00
391.00  0.00
436.00  0.00
502.00  0.00
446.00  0.00
357.00  0.00
366.00  0.00
388.00  0.00
422.00  0.00
427.00  0.00
385.00  0.00
357.00  0.00
366.00  0.00
384.00  0.00
414.00  0.00
422.00  0.00
384.00  0.00
354.00  0.00
363.00  0.00
384.00  0.00
418.00  0.00
427.00  0.00
384.00  0.00
357.00  0.00
363.00  0.00
386.00  0.00
436.00  0.00
440.00  0.00
384.00  0.00
354.00  0.00
360.00  0.06
381.00  0.00
418.00  0.00
488.00  0.00
446.00  0.00
354.00  0.00
360.00  0.00
386.00  0.00
436.00  0.00
441.00  0.00
385.00  0.00
357.00  0.00
366.00  0.00
388.00  0.00
422.00  0.00
488.00  0.00
448.00  0.00
360.00  0.00
366.00  0.00
389.00  0.00
427.00  0.00
431.00  0.00
387.00  0.00
360.00  0.00
366.00  0.00
389.00  0.00
422.00  0.00
430.00  0.00
391.00  0.00
360.00  0.00
373.00  0.00
373.00  0.00
373.00  0.00
376.00  0.00
376.00  0.00
372.00  0.00
372.00  0.00
366.00  0.00
388.00  0.00
422.00  0.00
489.00  0.00
447.00  0.00
357.00  0.00
366.00  0.00
389.00  0.00
436.00  0.00
502.00  0.00
449.00  0.00
357.00  0.00
363.00  0.00
388.00  0.00
422.00  0.00
431.00  0.00
389.00  0.00
354.00  0.00
363.00  0.00
388.00  0.00
422.00  0.00
427.00  0.00
385.00  0.00
357.00  0.00
366.00  0.00
360.00  0.00
360.00  0.00
389.00  0.00
422.00  0.00
488.00  0.00
449.00  0.00