613.00  0.00
566.00  0.00
782.00  0.00
838.00  0.00
622.00  0.00
604.00  0.00
699.00  0.00
708.00  0.00
613.00  0.00
828.00  0.00
837.00  0.00
621.00  0.00
622.00  0.00
631.00  0.00
621.00  0.00
828.00  0.00
858.00  0.00
610.00  0.00
541.00  0.00
582.00  0.00
597.00  0.00
541.00  0.00
586.00  0.00
607.00  0.00
541.00  0.00
782.00  0.00
858.00  0.00
617.00  0.00
587.00  0.00
803.00  0.00
823.00  0.00
633.00  0.00
582.00  0.00
581.00  0.00
566.00  0.00
576.00  0.00
641.00  0.00
632.00  0.00
581.00  0.00
573.00  0.00
558.00  0.00
782.00  0.00
848.00  0.00
632.00  0.00
580.00  0.00
580.00  0.00
567.00  0.00
783.00  0.00
829.00  0.00
622.00  0.00
596.00  0.00
579.00  0.00
558.00  0.00
758.00  0.00
823.00  0.00
631.00  0.00
580.00  0.00
580.00  0.00
573.00  0.00
789.00  0.00
858.00  0.00
617.00  0.00
548.00  0.00
594.00  0.00
607.00  0.00
548.00  0.00
593.00  0.00
607.00  0.00
542.00  0.00
596.00  0.00
617.00  0.00
542.00  0.00
586.00  0.00
607.00  0.00
587.00  0.00
828.00  0.00
848.00  0.00
607.00  0.00
587.00  0.00
566.00  0.00
586.00  0.00
632.00  0.00
604.00  0.00
821.00  0.00
838.00  0.00
614.00  0.00
821.00  0.00
848.00  0.00
600.00  0.00
541.00  0.00
790.00  0.00
849.00  0.00
633.00  0.00
580.00  0.00
571.00  0.00
565.00  0.00
790.00  0.00
848.00  0.00
624.00  0.00
572.00  0.00
571.00  0.00
558.00  0.00
759.00  0.00
835.00  0.00
643.00  0.00
580.00  0.00
572.00  0.00
565.00  0.00
787.00  0.00
856.00  0.00
642.00  0.00
581.00  0.00
573.00  0.00
559.00  0.00
759.00  0.00
825.00  0.00
633.00  0.00
588.00  0.00
587.00  0.00
828.00  0.00