135.00  0.00
118.00  0.00
118.00  0.00
118.00  0.00
118.00  0.00
118.00  0.00
118.00  0.00
117.00  0.00
117.00  0.00
118.00  0.00
118.00  0.00
118.00  0.00
117.00  0.00
116.00  0.00
117.00  0.00
118.00  0.00
118.00  0.00
118.00  0.00
118.00  0.00
118.00  0.00
118.00  0.00
118.00  0.00
118.00  0.00
118.00  0.00
118.00  0.00
119.00  0.00
120.00  0.00
120.00  0.00
120.00  0.00
121.00  0.00
121.00  0.00
120.00  0.00
120.00  0.00
120.00  0.00
120.00  0.00
119.00  0.00
118.00  0.00
119.00  0.00
119.00  0.00
118.00  0.00
118.00  0.00
118.00  0.00
119.00  0.00
118.00  0.00
117.00  0.00
117.00  0.00
116.00  0.00
116.00  0.00
116.00  0.00
117.00  0.00
119.00  0.00
120.00  0.00
120.00  0.00
120.00  0.00
120.00  0.00
120.00  0.00
121.00  0.00
122.00  0.00
120.00  0.00
119.00  0.00
117.00  0.00
116.00  0.00
116.00  0.00
117.00  0.00
117.00  0.00
117.00  0.00
118.00  0.00
117.00  0.00
117.00  0.00
118.00  0.00
118.00  0.00
118.00  0.00
117.00  0.00
117.00  0.00
118.00  0.00
118.00  0.00
118.00  0.00
118.00  0.00
117.00  0.00
117.00  0.00
118.00  0.00
118.00  0.00
118.00  0.00
117.00  0.00
116.00  0.00
116.00  0.00
115.00  0.00
114.00  0.00
114.00  0.00
115.00  0.00
116.00  0.00
116.00  0.00
116.00  0.00
116.00  0.00
116.00  0.00
115.00  0.00
115.00  0.00
115.00  0.00
115.00  0.00
114.00  0.00
114.00  0.00
114.00  0.00
114.00  0.00
114.00  0.00
115.00  0.00
115.00  0.00
114.00  0.00
113.00  0.00
113.00  0.00
114.00  0.00
115.00  0.00
115.00  0.00
114.00  0.00
114.00  0.00
113.00  0.00
112.00  0.00
113.00  0.00
113.00  0.00
113.00  0.00
114.00  0.00