430.00  0.00
418.00  0.00
466.00  0.00
474.00  0.00
418.00  0.00
465.00  0.00
474.00  0.00
414.00  0.00
468.00  0.00
481.00  0.00
418.00  0.00
466.00  0.00
474.00  0.00
417.00  0.00
465.00  0.00
474.00  0.00
414.00  0.00
462.00  0.00
474.00  0.00
413.00  0.00
461.00  0.00
474.00  0.07
413.00  0.00
449.00  0.00
462.00  0.00
413.00  0.00
449.00  0.00
457.00  0.00
409.00  0.00
462.00  0.00
470.00  0.00
409.00  0.00
468.00  0.00
476.00  0.00
409.00  0.00
456.00  0.00
468.00  0.00
413.00  0.00
450.00  0.00
458.00  0.00
409.00  0.00
462.00  0.00
470.00  0.00
413.00  0.00
465.00  0.00
474.00  0.00
414.00  0.00
462.00  0.00
470.00  0.00
413.00  0.00
454.00  0.00
459.00  0.00
410.00  0.00
449.00  0.00
462.00  0.00
414.00  0.00
461.00  0.00
474.00  0.00
417.00  0.00
472.00  0.00
480.00  0.00
413.00  0.00
462.00  0.00
474.00  0.00
414.00  0.00
450.00  0.00
462.00  0.00
413.00  0.00
469.00  0.00
481.00  0.00
417.00  0.00
465.00  0.00
474.00  0.00
414.00  0.00
463.00  0.00
474.00  0.00
417.00  0.00
472.00  0.00
481.00  0.00
414.00  0.00
462.00  0.00
471.00  0.00
413.00  0.00
453.00  0.00
461.00  0.00
413.00  0.00
462.00  0.00
474.00  0.00
413.00  0.00
469.00  0.00
481.00  0.00
417.00  0.00
472.00  0.00
481.00  0.00
418.00  0.00
472.00  0.00
480.00  0.00
413.00  0.00
461.00  0.00
473.00  0.00
413.00  0.00
469.00  0.00
481.00  0.00
417.00  0.00
466.00  0.00
474.00  0.00
413.00  0.00
462.00  0.00
474.00  0.00
417.00  0.00
465.00  0.00
474.00  0.00
413.00  0.00
461.00  0.00
473.00  0.00
413.00  0.00
468.00  0.00
476.00  0.00
413.00  0.00
453.00  0.00