178.00  0.00
173.00  0.00
173.00  0.00
155.00  0.00
172.00  0.00
172.00  0.00
154.00  0.00
171.00  0.00
171.00  0.00
153.00  0.00
169.00  0.00
170.00  0.00
154.00  0.00
173.00  0.00
173.00  0.00
156.00  0.00
174.00  0.00
173.00  0.00
156.00  0.00
174.00  0.00
175.00  0.00
157.00  0.00
173.00  0.00
174.00  0.00
157.00  0.00
174.00  0.00
172.00  0.00
154.00  0.00
173.00  0.00
173.00  0.00
155.00  0.00
173.00  0.00
173.00  0.00
156.00  0.00
173.00  0.00
174.00  0.00
158.00  0.00
176.00  0.00
176.00  0.00
159.00  0.00
176.00  0.00
176.00  0.00
158.00  0.00
176.00  0.00
176.00  0.00
157.00  0.00
175.00  0.00
175.00  0.00
157.00  0.00
174.00  0.00
175.00  0.00
157.00  0.00
173.00  0.00
174.00  0.00
156.00  0.00
172.00  0.00
172.00  0.00
153.00  0.00
169.00  0.00
169.00  0.00
152.00  0.00
169.00  0.00
170.00  0.00
153.00  0.00
170.00  0.00
171.00  0.00
154.00  0.00
172.00  0.01
174.00  0.00
156.00  0.00
173.00  0.00
173.00  0.00
154.00  0.00
171.00  0.00
171.00  0.00
154.00  0.00
171.00  0.00
171.00  0.00
154.00  0.00
171.00  0.00
171.00  0.00
154.00  0.00
170.00  0.00
170.00  0.00
153.00  0.00
171.00  0.00
172.00  0.00
154.00  0.00
171.00  0.00
171.00  0.00
153.00  0.00
171.00  0.00
172.00  0.00
154.00  0.00
172.00  0.00
172.00  0.00
154.00  0.00
172.00  0.00
173.00  0.00
156.00  0.00
174.00  0.00
173.00  0.00
155.00  0.00
175.00  0.00
175.00  0.00
154.00  0.00
171.00  0.00
171.00  0.00
153.00  0.00
171.00  0.00
171.00  0.00
152.00  0.00
169.00  0.00
169.00  0.00
152.00  0.00
168.00  0.00
168.00  0.00
152.00  0.00
169.00  0.00
169.00  0.00