519.00  0.00
498.00  0.00
715.00  0.00
691.00  0.00
498.00  0.00
529.00  0.00
505.00  0.00
498.00  0.00
610.00  0.00
591.00  0.00
503.00  0.00
528.00  0.00
505.00  0.00
498.00  0.00
697.00  0.00
673.00  0.00
505.00  0.00
617.00  0.00
586.00  0.00
498.00  0.00
528.00  0.00
504.00  0.00
498.00  0.00
697.00  0.00
667.00  0.00
515.00  0.00
505.00  0.00
454.00  0.00
507.00  0.00
497.00  0.00
448.00  0.00
517.00  0.00
507.00  0.00
444.00  0.00
509.00  0.00
504.00  0.00
448.00  0.00
516.00  0.00
512.00  0.00
454.00  0.00
499.00  0.00
489.00  0.00
453.00  0.00
521.00  0.00
507.00  0.00
444.00  0.00
494.00  0.00
505.00  0.00
519.00  0.00
519.00  0.00
491.00  0.00
476.00  0.00
483.00  0.00
599.00  0.00
568.00  0.00
666.00  0.00
667.00  0.00
521.00  0.00
507.00  0.00
449.00  0.00
514.00  0.00
500.00  0.00
449.00  0.00
514.00  0.00
500.00  0.00
444.00  0.00
508.00  0.00
499.00  0.00
444.00  0.00
662.00  0.00
662.00  0.00
494.00  0.00
494.00  0.00
665.00  0.00
665.00  0.00
488.00  0.00
488.00  0.00
564.00  0.00
564.00  0.00
662.00  0.00
662.00  0.00
488.00  0.00
488.00  0.00
662.00  0.00
662.00  0.00
494.00  0.00
499.00  0.00
499.00  0.00
494.00  0.00
494.00  0.00
499.00  0.00
668.00  0.00
664.00  0.00
502.00  0.00
512.00  0.00
498.00  0.00
697.00  0.00
667.00  0.00
667.00  0.00
667.00  0.00
514.00  0.00
504.00  0.00
454.00  0.00
514.00  0.00
500.00  0.00
444.00  0.00
516.00  0.00
511.00  0.00
448.00  0.00
509.00  0.00
504.00  0.00
448.00  0.00
509.00  0.00
519.00  0.00
505.00  0.00
505.00  0.00
519.00  0.00
519.00  0.00
492.00  0.00
472.00  0.00