835.00  0.00
730.00  0.00
627.00  0.00
639.00  0.00
639.00  0.00
629.00  0.00
639.00  0.00
639.00  0.00
620.00  0.00
620.00  0.00
630.00  0.00
620.00  0.00
630.00  0.00
640.00  0.00
620.00  0.00
621.00  0.00
630.00  0.00
629.00  0.00
630.00  0.00
630.00  0.00
620.00  0.00
630.00  0.00
639.00  0.00
620.00  0.00
630.00  0.00
639.00  0.00
620.00  0.00
630.00  0.00
631.00  0.00
612.00  0.00
630.00  0.00
639.00  0.00
629.00  0.00
639.00  0.00
639.00  0.00
621.00  0.00
631.00  0.00
639.00  0.00
620.00  0.00
630.00  0.00
639.00  0.00
620.00  0.00
630.00  0.00
639.00  0.00
620.00  0.00
621.00  0.00
631.00  0.00
630.00  0.00
630.00  0.00
631.00  0.00
630.00  0.00
716.00  0.00
716.00  0.00
629.00  0.00
630.00  0.00
630.00  0.00
621.00  0.00
621.00  0.00
630.00  0.00
620.00  0.00
620.00  0.00
629.00  0.00
620.00  0.00
621.00  0.00
630.00  0.00
620.00  0.00
621.00  0.00
622.00  0.00
612.00  0.00
630.00  0.00
632.00  0.00
613.00  0.00
632.00  0.00
640.00  0.30
629.00  0.00
639.00  0.00
639.00  0.00
621.00  0.00
722.00  0.00
731.00  0.00
620.00  0.00
630.00  0.00
639.00  0.00
629.00  0.00
640.00  0.00
640.00  0.04
629.00  0.00
836.00  0.00
846.00  0.00
639.00  0.00
640.00  0.00
641.00  0.00
630.00  0.00
863.00  0.00
872.00  0.00
639.00  0.00
640.00  0.00
641.00  0.00
630.00  0.00
640.00  0.00
641.00  0.00
630.00  0.00
640.00  0.00
640.00  0.00
630.00  0.00
631.00  0.00
632.00  0.00
630.00  0.00
731.00  0.00
731.00  0.00
630.00  0.00
640.00  0.00
640.00  0.00
630.00  0.00
640.00  0.00
640.00  0.00
630.00  0.00
837.00  0.00
837.00  0.00
622.00  0.00