       4.19           
       4.09           
       4.10           
       4.07           
       4.07           
       4.11           
       4.26           
       4.23           
       4.43           
       4.30           
       4.20           
       4.18           
       4.14           
       4.16           
       4.13           
       4.17           
       4.10           
       4.13           
       4.03           
       4.18           
       4.23           
       4.18           
       3.86           
       3.89           
       4.06           
       4.13           
       3.94           
       3.67           
       3.58           
       3.85           
       4.11           
       4.21           
       4.20           
       4.03           
       4.08           
       4.16           
       4.05           
       4.04           
       4.08           
       4.16           
       4.21           
       3.69           
       3.70           
       3.47           
       3.50           
       3.62           
       4.00           
       4.03           
       4.03           
       4.15           
       4.15           
       3.97           
       4.06           
       4.11           
       4.12           
       4.15           
       4.16           
       4.13           
       4.22           
       4.10           
       4.03           
       4.14           
       4.22           
       4.36           
       4.53           
       4.25           
       4.35           
       4.23           
       4.05           
       4.03           
       3.97           
       4.08           
       4.14           
       4.20           
       4.25           
       4.16           
       4.22           
       4.25           
       4.14           
       4.09           
       4.24           
       4.15           
       4.12           
       3.97           
       4.22           
       4.19           
       4.24           
       4.05           
       4.19           
       4.13           
       4.11           
       4.15           
       4.23           
       4.13           
       4.12           
       4.08           
       4.05           
       4.01           
       4.06           
       4.16           
       4.10           
       4.08           
       4.06           
       4.09           
       4.11           
       4.23           
       4.12           
       4.18           
       4.07           
       4.01           
       4.09           
       4.09           
       4.15           
       4.26           
       4.13           
       4.25           
       4.10           
       3.86           
       3.96           
       4.02           
       4.06           
       4.12           
       4.15           
       4.17           
       4.27           
       4.17           
       4.21           
       4.20           
       4.09           
       4.18           
       4.22           
       4.26           
       3.95           
       3.97           
       4.07           
       4.08           
       4.02           
       4.02           
       4.05           
       3.97           
       4.01           
       3.98           
       4.15           
       3.82           
       3.66           
       3.70           
       3.64           
       4.07           
       3.98           
       3.93           
       4.14           
       4.18           
       4.01           
       3.68           
       4.01           
       3.99           
       4.13           
       4.06           
       4.09           
       4.18           
       4.04           
       3.93           
       4.20           
       4.11           
       4.02           
       4.00           
       3.98           
       4.02           
       3.98           
       4.02           
       4.06           
       3.96           
       4.09           
       4.08           
       4.13           
       4.14           
       4.17           
       4.20           
       4.18           
       4.11           
       4.18           
       4.16           
       4.14           
       4.10           
       4.15           
       4.13           
       4.12           
       3.97           
       3.93           
       3.94           
       3.92           
       3.94           
       3.98           
       3.93           
       3.99           
       3.97           
       4.13           
       4.07           
       4.09           
       4.05           
       4.00           
       3.43           
       3.41           
       3.83           
       3.74           
       3.92           
       4.13           
       4.15           
       3.99           
       3.90           
       4.04           
       4.00           
       4.02           
       4.12           
       4.03           
       4.10           
       3.66           
       3.92           
       3.95           
       4.33           
       4.29           
       4.18           
       4.17           
       3.85           
       3.88           
       4.01           
       4.13           
       4.14           
       4.04           
       4.03           
       4.12           
       4.09           
       3.98           
       4.02           
       4.15           
       4.12           
       3.98           
       4.09           
       4.09           
       4.13           
       4.18           
       4.16           
       4.12           
       4.21           
       3.84           
       4.13           
       3.90           
       4.04           
       4.05           
       4.05           
       4.13           
       4.05           
       4.09           
       4.13           
       4.00           
       3.88           
       4.10           
       4.14           
       3.89           
       3.97           
       4.01           
       4.08           
       4.20           
       4.11           
       4.13           
       4.18           
       4.15           
       4.23           
       4.11           
       4.22           
       4.20           
       4.25           
       4.19           
       4.19           
       4.15           
       4.29           
       4.31           
       4.10           
       4.04           
       4.02           
       3.99           
       4.07           
       4.11           
       4.00           
       3.93           
       4.02           
       3.94           
       4.12           
       4.04           
       3.91           
       3.78           
       4.01           
       3.94           
       3.99           
       4.13           
       4.07           
       3.92           
       4.18           
       4.18           
       4.16           
       4.12           
       4.04           
       3.92           
       3.79           
       3.82           
       3.81           
       3.66           
       3.87           
       3.81           
       4.08           
       4.12           
       4.12           
       4.17           
       4.16           
       4.22           
       4.04           
       3.95           
       4.11           
       4.14           
       4.02           
       3.91           
       3.99           
       4.08           
       4.19           
       4.06           
       4.17           
       3.99           
       4.05           
       4.09           
       4.00           
       4.04           
       4.07           
       4.20           
       4.15           
       4.13           
       4.03           
       4.04           
       3.86           
       4.11           
       4.11           
       4.05           
       4.23           
       4.15           
       4.03           
       3.79           
       4.04           
       3.89           
       4.08           
       4.16           
       4.09           
       4.08           
       3.79           
       3.75           
       3.86           
       4.10           
       4.11           
       4.20           
       4.19           
       4.27           
       4.12           
       4.12           
       4.23           
       4.14           
       4.13           
       4.26           
       4.32           
       4.22           
       4.10           
       4.20           
       4.17           
       4.16           
       4.20           
       4.13           
       4.32           
       4.28           
       4.20           
       4.15           
       4.30           
       4.22           
       4.17           
       4.13           
       4.20           
       4.10           
       4.06           
       4.20           
       3.60           
       4.04           
       3.75           
       3.93           
       4.03           
       4.07           
       4.16           
       4.15           
       4.15           
       4.18           
       4.14           
       4.17           
       4.05           
       4.13           
       4.02           
       4.19           
       3.99           
       4.11           
       4.11           
       4.02           
       4.02           
       4.14           
       4.13           
       4.14           
       4.19           
       4.28           
       4.10           
       4.19           
       4.11           
       4.09           
       4.13           
       3.99           
       3.93           
       4.14           
       4.06           
       4.12           
       4.08           
       4.14           
       4.15           
       4.12           
       4.12           
       4.16           
       4.21           
       4.18           
       4.03           
       3.84           
       4.11           
       3.94           
       4.17           
       4.20           
       4.19           
       4.09           
       4.05           
       3.99           
       4.10           
       4.13           
       4.13           
       3.98           
       4.08           
       4.13           
       4.01           
       4.05           
       3.96           
       4.20           
       4.22           
       4.12           
       4.03           
       3.99           
       3.85           
       3.96           
       3.90           
       4.03           
       3.87           
       3.91           
       4.05           
       4.08           
       4.12           
       4.26           
       4.23           
       4.19           
       4.21           
       4.22           
       4.14           
       4.09           
       4.01           
       4.01           
       4.12           
       3.99           
       4.12           
       4.21           
       4.19           
       4.13           
       4.15           
       4.20           
       4.23           
       4.27           
       4.17           
       4.12           
       4.17           
       4.19           
       4.14           
       4.17           
       4.32           
       4.27           
       4.20           
       4.11           
       4.12           
       4.23           
       4.26           
       4.20           
       4.27           
       4.10           
       4.07           
       4.21           
       3.98           
       3.86           
       3.70           
       3.89           
       3.93           
       3.88           
       3.83           
       3.79           
       4.12           
       4.08           
       3.97           
       3.98           
       4.03           
       4.02           
       3.98           
       4.18           
       4.20           
       4.22           
       4.25           
       4.15           
       4.08           
       3.84           
       3.94           
       4.21           
       4.05           
       4.05           
       4.08           
       4.23           
       4.19           
       4.14           
       3.86           
       4.17           
       4.16           
       4.16           
       4.09           
       4.12           
       4.07           
       4.13           
       3.98           
       4.23           
       4.14           
       4.22           
       4.15           
       4.17           
       4.15           
       4.09           
       4.13           
       4.14           
       4.10           
       4.10           
       4.07           
       3.85           
       3.78           
       3.64           
       3.88           
       3.78           
       3.61           
       3.91           
       4.02           
       4.07           
       4.16           
       4.19           
       4.14           
       4.14           
       4.20           
       4.20           
       4.17           
       4.11           
       4.12           
       4.33           
       4.20           
       4.24           
       4.24           
       4.16           
       4.27           
       4.32           
       4.31           
       4.27           
       4.30           
       4.32           
       4.20           
       4.11           
       4.07           
       4.17           
       4.18           
       3.99           
       4.12           
       3.78           
       4.07           
       4.12           
       3.96           
       4.12           
       4.18           
       4.16           
       4.23           
       4.20           
       4.21           
       4.28           
       4.25           
       4.20           
       4.13           
       4.03           
       3.80           
       4.12           
       4.22           
       4.20           
       4.21           
       4.24           
       4.22           
       4.18           
       4.20           
       4.20           
       4.18           
       4.16           
       4.16           
       4.18           
       4.20           
       4.17           
       4.08           
       4.21           
       4.27           
       4.17           
       3.93           
       3.96           
       4.10           
       3.96           
       4.19           
       4.14           
       3.95           
       4.03           
       4.29           
       4.20           
       4.12           
       4.18           
       4.20           
       4.14           
       4.12           
       4.22           
       4.14           
       4.04           
       4.09           
       4.17           
       4.26           
       4.20           
       4.14           
       4.13           
       3.79           
       3.85           
       3.96           
       4.20           
       4.26           
       4.00           
       3.97           
       4.07           
       4.09           
       3.85           
       4.08           
       4.14           
       3.92           
       3.70           
       3.81           
       3.95           
       4.04           
       4.00           
       3.50           
       3.95           
       4.02           
       4.31           
       4.15           
       3.96           
       4.12           
       4.02           
       4.04           
       4.00           
       3.87           
       3.94           
       4.09           
       4.10           
       3.98           
       4.16           
       4.04           
       4.13           
       3.91           
       4.14           
       4.15           
       4.18           
       3.69           
       4.09           
       4.00           
       3.83           
       3.88           
       3.87           
       3.80           
       3.57           
       3.55           
       4.01           
       4.22           
       4.14           
       4.15           
       4.17           
       4.13           
       4.20           
       4.22           
       4.21           
       4.23           
       4.15           
       4.08           
       4.15           
       4.17           
       4.16           
       4.26           
       4.15           
       4.22           
       4.19           
       4.20           
       4.27           
       4.16           
       4.24           
       4.19           
       4.18           
       4.11           
       4.12           
       3.95           
       4.22           
       4.09           
       4.02           
       4.12           
       4.17           
       4.24           
       4.12           
       4.13           
       4.15           
       4.14           
       4.06           
       4.00           
       4.20           
       4.37           
       4.05           
       4.03           
       4.24           
       4.10           
       4.22           
       4.17           
       4.31           
       4.31           
       4.25           
       4.31           
       4.36           
       4.27           
       4.22           
       3.91           
       4.08           
       4.23           
       4.20           
       4.24           
       4.15           
       4.17           
       4.20           
       4.11           
       4.15           
       4.37           
       4.26           
       4.21           
       4.27           
       4.31           
       4.16           
       4.41           
       4.04           
       4.00           
       4.12           
       4.05           
       4.17           
       4.10           
       4.02           
       3.96           
       4.10           
       4.00           
       4.00           
       4.17           
       4.11           
       4.17           
       4.13           
       4.07           
       4.17           
       4.20           
       4.06           
       3.93           
       4.00           
       3.88           
       4.10           
       4.14           
       4.17           
       4.23           
       4.24           
       4.24           
       4.00           
       4.15           
       4.11           
       4.05           
       4.20           
       4.17           
       4.20           
       4.12           
       4.21           
       4.09           
       4.09           
       3.93           
       4.19           
       3.94           
       3.45           
       3.66           
       4.03           
       3.98           
       4.16           
       4.00           
       4.18           
       4.25           
       4.19           
       4.14           
       4.12           
       4.07           
       4.15           
       4.19           
       4.20           
       4.20           
       4.16           
       4.05           
       4.19           
       4.18           
       4.28           
       4.31           
       4.16           
       4.16           
       4.16           
       3.98           
       4.07           
       4.28           
       4.26           
       4.16           
       4.16           
       4.15           
       4.14           
       3.72           
       3.78           
       4.16           
       4.13           
       4.27           
       4.26           
       4.15           
       4.16           
       4.17           
       4.24           
       4.13           
       4.15           
       4.16           
       4.19           
       4.17           
       4.14           
       4.16           
       4.16           
       4.15           
       4.18           
       4.11           
       3.78           
       3.83           
       4.30           
       4.04           
       3.97           
       4.16           
       3.99           
       4.11           
       3.99           
       4.18           
       4.10           
       4.15           
       3.90           
       4.10           
       4.20           
       4.03           
       4.06           
       4.09           
       4.15           
       4.36           
       4.19           
       4.24           
       4.20           
       4.19           
       4.19           
       4.10           
       4.22           
       4.23           
       4.20           
       4.11           
       4.11           
       4.21           
       4.15           
       4.09           
       3.84           
       3.91           
       3.89           
       4.14           
       4.20           
       4.21           
       4.16           
       4.16           
       4.12           
       4.08           
       4.09           
       4.21           
       4.28           
       4.18           
       4.21           
       4.20           
       4.26           
       4.23           
       4.33           
       4.27           
       4.19           
       4.28           
       4.18           
       4.24           
       4.26           
       4.38           
       4.29           
       4.10           
       4.27           
       4.23           
       4.08           
       4.19           
       4.17           
       4.21           
       4.14           
       4.13           
       4.22           
       4.25           
       4.09           
       4.16           
       4.19           
       4.28           
       4.23           
       4.17           
       4.32           
       4.10           
       3.76           
       3.86           
       3.93           
       4.20           
       4.18           
       4.19           
       4.23           
       4.15           
       4.16           
       4.25           
       4.08           
       3.82           
       3.77           
       3.69           
       4.06           
       4.01           
       4.13           
       4.20           
       4.23           
       4.15           
       4.24           
       4.27           
       4.26           
       4.30           
       4.33           
       4.17           
       4.17           
       4.13           
       4.13           
       4.18           
       4.19           
       4.24           
       4.26           
       4.25           
       4.13           
       4.20           
       4.28           
       4.13           
       4.15           
       4.02           
       3.80           
       4.27           
       4.15           
       3.94           
       3.78           
       3.71           
       4.01           
       4.11           
       4.16           
       4.16           
       4.25           
       4.26           
       4.32           
       4.30           
       4.21           
       4.08           
       4.28           
       4.14           
       4.13           
       4.21           
       4.18           
       4.30           
       4.24           
       4.30           
       4.35           
       4.24           
       4.19           
       4.24           
       4.24           
       4.24           
       4.28           
       4.32           
       4.23           
       4.29           
       4.31           
       4.22           
       4.26           
       4.28           
       4.23           
       4.17           
       4.16           
       4.17           
       4.15           
       4.23           
       4.19           
       4.19           
       4.23           
       4.19           
       4.33           
       4.47           
       4.32           
       4.39           
       4.32           
       4.27           
       4.21           
       4.21           
       4.25           
       4.26           
       4.36           
       4.30           
       4.36           
       4.30           
       4.28           
       4.21           
       4.20           
       4.23           
       4.16           
       4.30           
       4.22           
       4.24           
       4.23           
       4.28           
       4.38           
       4.34           
       4.28           
       4.41           
       4.34           
       4.33           
       4.30           
       4.33           
       4.29           
       4.26           
       4.21           
       4.26           
       4.29           
       4.27           
       4.36           
       4.35           
       4.21           
       4.37           
       4.19           
       4.19           
       4.16           
       4.18           
       4.42           
       4.43           
       4.33           
       4.38           
       4.30           
       4.04           
       4.02           
       4.27           
       4.22           
       4.17           
       4.33           
       4.15           
       4.38           
       4.38           
       4.24           
       4.19           
       4.40           
       4.25           
       4.28           
       4.16           
       4.14           
       4.10           
       4.08           
       4.36           
       4.32           
       4.37           
       4.28           
       4.28           
       4.23           
       4.35           
       4.12           
       4.30           
       4.32           
       4.36           
       4.39           
       4.33           
       4.26           
       4.39           
       4.34           
       4.40           
       4.14           
       4.27           
       4.31           
       4.34           
       4.30           
       4.37           
       4.16           
       4.11           
       4.21           
       4.27           
       4.19           
       4.17           
       4.15           
       4.26           
       4.26           
       4.25           
       4.19           
       4.27           
       4.24           
       4.13           
       3.91           
       4.00           
       3.82           
       4.10           
       4.05           
       3.92           
       3.90           
       4.16           
       4.13           
       3.97           
       4.20           
       4.22           
       4.24           
       4.25           
       4.17           
       4.05           
       4.23           
       4.21           
       4.14           
       3.86           
       3.60           
       3.93           
       4.25           
       4.17           
       4.22           
       4.15           
       4.12           
       3.87           
       4.11           
       4.05           
       4.00           
       3.82           
       4.18           
       4.14           
       3.82           
       4.03           
       3.99           
       3.43           
       3.92           
       4.21           
       4.10           
       4.08           
       3.71           
       4.05           
       4.23           
       4.45           
       4.18           
       4.32           
       3.99           
       4.01           
       4.19           
       4.25           
       4.15           
       4.32           
       4.15           
       4.09           
       4.25           
       4.30           
       4.21           
       4.17           
       4.17           
       4.15           
       4.14           
       4.12           
       4.14           
       4.18           
       4.22           
       4.02           
       4.03           
       3.91           
       3.98           
       4.17           
       4.14           
       4.03           
       4.10           
       4.15           
       4.13           
       4.06           
       4.26           
       4.25           
       4.22           
       4.10           
       4.14           
       3.94           
       4.19           
       4.00           
       4.21           
       3.98           
       4.07           
       4.07           
       4.05           
       4.09           
       3.98           
       4.03           
       4.07           
       4.14           
       4.18           
       4.18           
       4.21           
       4.17           
       4.13           
       4.25           
       4.24           
       4.00           
       3.92           
       3.91           
       4.11           
       3.97           
       3.91           
       4.22           
       4.27           
       4.18           
       4.15           
       4.04           
       4.18           
       4.15           
       4.20           
       4.28           
       4.50           
       4.56           
       4.48           
       4.36           
       4.43           
       4.36           
       4.35           
       4.18           
       4.26           
       4.41           
       4.26           
       4.22           
       4.27           
       4.21           
       4.15           
       4.20           
       3.75           
       4.16           
       4.28           
       4.12           
       4.07           
       4.20           
       4.23           
       4.16           
       4.24           
       4.20           
       4.16           
       3.96           
       3.92           
       4.12           
       4.02           
       4.25           
       4.11           
       4.11           
       4.17           
       4.38           
       4.33           
       4.21           
       4.32           
       4.29           
       4.36           
       4.25           
       4.44           
       4.36           
       4.36           
       4.26           
       4.21           
       4.22           
       4.21           
       4.23           
       4.14           
       4.16           
       4.11           
       4.15           
       3.79           
       3.51           
       3.79           
       3.91           
       3.95           
       4.13           
       4.31           
       4.31           
       4.25           
       4.05           
       4.13           
       4.12           
       4.18           
       4.14           
       4.27           
       4.11           
       4.35           
       4.26           
       4.21           
       4.26           
       4.25           
       4.25           
       4.28           
       4.27           
       4.20           
       4.20           
       4.22           
       4.23           
       4.23           
       4.19           
       4.25           
       4.12           
       4.15           
       4.07           
       4.05           
       4.21           
       3.99           
       4.06           
       4.04           
       3.99           
       4.12           
       4.18           
       4.17           
       4.27           
       4.22           
       4.13           
       4.08           
       4.22           
       4.29           
       4.31           
       4.25           
       4.19           
       4.36           
       4.31           
       4.17           
       4.13           
       4.15           
       4.18           
       4.13           
       4.26           
       4.18           
       4.04           
       4.09           
       4.15           
       4.15           
       3.98           
       4.11           
       4.13           
       4.12           
       4.13           
       4.24           
       4.22           
       4.13           
       4.21           
       4.16           
       4.11           
       4.20           
       4.22           
       4.17           
       4.21           
       4.27           
       4.30           
       4.24           
       4.24           
       4.31           
       4.25           
       4.28           
       4.18           
       4.06           
       4.12           
       4.03           
       3.92           
       3.95           
       3.97           
       3.86           
       4.06           
       4.09           
       4.01           
       3.91           
       4.04           
       4.13           
       4.15           
       4.18           
       4.08           
       4.05           
       3.97           
       3.70           
       4.12           
       4.21           
       4.16           
       4.11           
       4.13           
       4.15           
       4.21           
       4.16           
       4.18           
       4.11           
       4.19           
       4.21           
       4.27           
       4.07           
       3.99           
       3.97           
       4.05           
       4.11           
       4.21           
       4.11           
       4.12           
       4.03           
       4.05           
       4.00           
       3.94           
       4.18           
       4.15           
       4.16           
       4.14           
       4.11           
       4.15           
       4.29           
       4.22           
       4.20           
       4.25           
       4.24           
       4.15           
       3.89           
       4.15           
       4.28           
       4.10           
       3.96           
       4.02           
       3.92           
       3.91           
       3.75           
       4.02           
       4.13           
       4.06           
       4.04           
       4.09           
       4.11           
       4.14           
       4.13           
       4.03           
       4.00           
       3.97           
       3.78           
       4.03           
       4.30           
       4.13           
       4.14           
       4.18           
       4.19           
       4.21           
       4.17           
       4.13           
       4.21           
       4.16           
       4.15           
       4.33           
       4.25           
       4.06           
       4.07           
       4.18           
       4.12           
       3.91           
       3.76           
       4.12           
       4.19           
       4.20           
       4.31           
       4.17           
       4.16           
       4.26           
       4.21           
       4.16           
       4.24           
       4.11           
       4.17           
       4.14           
       4.15           
       4.20           
       4.28           
       4.38           
       4.34           
       4.34           
       4.26           
       4.34           
       4.33           
       4.28           
       4.16           
       4.16           
       4.07           
       4.17           
       4.23           
       4.14           
       3.74           
       3.46           
       4.03           
       4.14           
       4.11           
       4.09           
       4.11           
       4.09           
       3.96           
       4.12           
       4.21           
       4.16           
       4.09           
       4.14           
       4.09           
       4.15           
       4.15           
       4.19           
       4.12           
       4.15           
       4.21           
       4.20           
       4.12           
       4.07           
       4.13           
       4.14           
       4.15           
       4.18           
       4.20           
       4.22           
       4.21           
       4.13           
       4.15           
       4.18           
       4.18           
       4.26           
       4.12           
       4.20           
       3.82           
       3.48           
       3.78           
       4.11           
       4.22           
       4.20           
       4.20           
       4.21           
       4.01           
       3.80           
       3.63           
       3.49           
       3.85           
       4.02           
       3.96           
       4.13           
       4.11           
       4.16           
       4.08           
       4.15           
       3.86           
       4.24           
       4.18           
       4.12           
       4.24           
       4.28           
       4.22           
       4.27           
       4.16           
       4.22           
       4.26           
       4.36           
       4.35           
       4.34           
       4.30           
       4.25           
       4.29           
       4.18           
       4.19           
       4.28           
       4.15           
       4.08           
       4.22           
       4.21           
       4.14           
       4.16           
       4.12           
       3.95           
       4.20           
       4.19           
       4.20           
       3.80           
       4.02           
       3.91           
       4.14           
       4.24           
       4.17           
       4.17           
       4.16           
       0.00           
       0.00           
       4.11           
       4.12           
       4.15           
       4.18           
       4.18           
       4.09           
       4.24           
       4.32           
       4.26           
       4.28           
       4.27           
       4.07           
       3.96           
       4.00           
       4.22           
       4.17           
       4.26           
       4.22           
       4.12           
       4.22           
       4.18           
       4.08           
       4.18           
       4.30           
       4.32           
       4.17           
       4.32           
       4.24           
       4.21           
       4.24           
       4.16           
       4.12           
       4.12           
       4.18           
       4.09           
       4.13           
       4.13           
       4.14           
       4.17           
       4.28           
       4.18           
       4.14           
       4.16           
       4.16           
       4.18           
       4.15           
       4.10           
       4.05           
       4.01           
       3.89           
       4.06           
       4.01           
       4.13           
       4.20           
       4.10           
       3.98           
       4.06           
       4.09           
       3.82           
       4.09           
       3.93           
       4.01           
       4.19           
       4.07           
       4.12           
       4.15           
       4.20           
       4.38           
       4.14           
       4.24           
       4.16           
       4.26           
       4.18           
       4.22           
       4.19           
       4.29           
       4.28           
       4.21           
       4.10           
       4.23           
       4.07           
       4.14           
       4.00           
       4.14           
       3.98           
       4.02           
       4.08           
       4.15           
       4.05           
       4.15           
       4.04           
       4.03           
       4.09           
       4.01           
       4.10           
       4.13           
       4.15           
       4.20           
       4.34           
       4.24           
       4.27           
       4.22           
       4.25           
       4.13           
       4.21           
       4.20           
       4.20           
       4.11           
       4.13           
       4.17           
       4.11           
       4.14           
       4.11           
       4.02           
       4.15           
       4.10           
       4.12           
       4.07           
       4.10           
       4.05           
       4.14           
       3.91           
       3.77           
       4.23           
       4.24           
       4.19           
       4.21           
       4.19           
       4.21           
       4.25           
       4.35           
       4.22           
       4.15           
       4.18           
       4.19           
       4.09           
       4.26           
       4.25           
       4.35           
       4.17           
       4.12           
       4.18           
       4.15           
       4.19           
       3.98           
       3.90           
       4.16           
       4.00           
       4.14           
       4.00           
       3.86           
       4.11           
       4.14           
       4.17           
       4.20           
       4.12           
       4.14           
       4.16           
       4.19           
       4.17           
       4.14           
       4.14           
       4.22           
       4.25           
       3.63           
       3.75           
       3.88           
       4.06           
       4.02           
       4.31           
       4.31           
       4.36           
       4.02           
       4.12           
       3.90           
       4.00           
       4.15           
       4.14           
       4.24           
       4.20           
       4.18           
       4.21           
       4.17           
       4.20           
       4.16           
       4.06           
       4.09           
       4.02           
       4.05           
       4.00           
       3.95           
       3.98           
       4.02           
       4.16           
       4.25           
       4.22           
       4.16           
       4.17           
       4.15           
       4.22           
       4.19           
       4.15           
       4.14           
       4.33           
       4.25           
       4.32           
       4.27           
       4.14           
       4.12           
       4.07           
       4.11           
       4.21           
       4.13           
       4.15           
       4.10           
       4.20           
       4.21           
       4.24           
       4.24           
       4.18           
       4.13           
       4.13           
       4.12           
       4.17           
       4.20           
       4.15           
       4.16           
       4.12           
       4.11           
       4.28           
       4.15           
       4.16           
       4.06           
       4.03           
       4.12           
       4.12           
       4.18           
       4.10           
       3.81           
       4.12           
       3.93           
       3.56           
       3.95           
       4.05           
       4.07           
       4.14           
       4.12           
       4.16           
       4.19           
       4.13           
       4.23           
       4.21           
       4.00           
       3.87           
       4.02           
       4.16           
       4.10           
       4.06           
       4.13           
       4.15           
       4.15           
       4.16           
       4.14           
       4.16           
