
34.00  0.00
33.00  0.00
32.00  0.00
33.00  0.00
34.00  0.00
33.00  0.00
33.00  0.00
33.00  0.00
34.00  0.00
36.00  0.00
36.00  0.00
34.00  0.00
33.00  0.00
31.00  0.00
31.00  0.00
33.00  0.00
33.00  0.00
32.00  0.00
33.00  0.00
34.00  0.00
33.00  0.00
33.00  0.00
32.00  0.00
31.00  0.00
34.00  0.00
35.00  0.00
34.00  0.00
35.00  0.00
35.00  0.00
34.00  0.00
34.00  0.00
33.00  0.00
32.00  0.00
34.00  0.00
35.00  0.00
34.00  0.00
35.00  0.00
34.00  0.00
34.00  0.00
35.00  0.00
34.00  0.00
34.00  0.00
35.00  0.00
35.00  0.00
34.00  0.00
34.00  0.00
33.00  0.00
33.00  0.00
34.00  0.00
34.00  0.00
34.00  0.00
36.00  0.00
35.00  0.00
34.00  0.00
35.00  0.00
34.00  0.00
33.00  0.00
35.00  0.00
34.00  0.00
33.00  0.00
34.00  0.00
33.00  0.00
31.00  0.00
31.00  0.00
31.00  0.00
31.00  0.00
33.00  0.00
33.00  0.00
32.00  0.03
33.00  0.00
33.00  0.00
33.00  0.00
34.00  0.00
33.00  0.00
33.00  0.00
34.00  0.00
33.00  0.00
33.00  0.00
33.00  0.00
32.00  0.00
32.00  0.00
33.00  0.00
34.00  0.00
34.00  0.00
34.00  0.01
34.00  0.00
32.00  0.00
31.00  0.00
31.00  0.00
32.00  0.00
34.00  0.00
33.00  0.00
33.00  0.00
33.00  0.00
33.00  0.00
33.00  0.00
33.00  0.00
32.00  0.00
32.00  0.00
33.00  0.00
34.00  0.00
32.00  0.00
32.00  0.00
32.00  0.00
32.00  0.00
33.00  0.00
34.00  0.00
32.00  0.00
32.00  0.00
32.00  0.00
32.00  0.00
32.00  0.00
32.00  0.00
32.00  0.00
33.00  0.06
33.00  0.00
32.00  0.00
34.00  0.00
33.00  0.00
33.00  0.00