108.00  0.00
111.00  0.00
111.00  0.00
111.00  0.00
111.00  0.00
111.00  0.00
111.00  0.00
111.00  0.00
111.00  0.00
110.00  0.00
109.00  0.00
109.00  0.00
109.00  0.00
109.00  0.00
109.00  0.00
109.00  0.00
110.00  0.00
110.00  0.00
110.00  0.00
110.00  0.00
110.00  0.00
111.00  0.00
111.00  0.00
112.00  0.00
112.00  0.00
112.00  0.00
112.00  0.00
112.00  0.00
111.00  0.00
111.00  0.00
111.00  0.00
110.00  0.00
111.00  0.00
111.00  0.00
111.00  0.00
111.00  0.00
112.00  0.00
112.00  0.00
112.00  0.00
112.00  0.00
111.00  0.00
111.00  0.00
111.00  0.00
111.00  0.00
111.00  0.00
111.00  0.00
111.00  0.00
112.00  0.00
112.00  0.00
111.00  0.00
112.00  0.00
112.00  0.00
111.00  0.00
111.00  0.00
111.00  0.00
111.00  0.00
111.00  0.00
111.00  0.00
111.00  0.00
111.00  0.00
110.00  0.00
110.00  0.00
111.00  0.00
111.00  0.00
110.00  0.00
109.00  0.00
109.00  0.00
109.00  0.00
109.00  0.00
110.00  0.00
110.00  0.00
111.00  0.00
111.00  0.00
111.00  0.00
111.00  0.00
111.00  0.00
110.00  0.00
109.00  0.00
109.00  0.00
109.00  0.00
109.00  0.00
110.00  0.00
111.00  0.00
112.00  0.00
112.00  0.00
113.00  0.00
113.00  0.00
112.00  0.00
112.00  0.00
112.00  0.00
112.00  0.00
112.00  0.00
112.00  0.00
112.00  0.00
112.00  0.00
111.00  0.00
111.00  0.00
110.00  0.00
109.00  0.00
109.00  0.00
109.00  0.00
110.00  0.00
111.00  0.00
111.00  0.00
111.00  0.00
111.00  0.00
112.00  0.00
112.00  0.00
112.00  0.00
112.00  0.00
112.00  0.00
112.00  0.00
111.00  0.00
111.00  0.00
112.00  0.00
112.00  0.00
112.00  0.00
112.00  0.00
112.00  0.00
111.00  0.00