230.00  0.00
230.00  0.00
229.00  0.00
228.00  0.00
228.00  0.00
227.00  0.00
228.00  0.00
228.00  0.00
228.00  0.00
228.00  0.00
227.00  0.00
228.00  0.00
227.00  0.00
226.00  0.00
227.00  0.00
226.00  0.00
225.00  0.00
225.00  0.00
227.00  0.00
228.00  0.00
228.00  0.00
227.00  0.00
225.00  0.00
226.00  0.00
227.00  0.00
228.00  0.00
227.00  0.00
226.00  0.00
226.00  0.00
226.00  0.00
227.00  0.00
228.00  0.00
228.00  0.00
227.00  0.00
227.00  0.00
226.00  0.00
228.00  0.00
229.00  0.00
229.00  0.00
230.00  0.00
229.00  0.00
226.00  0.00
225.00  0.00
226.00  0.00
226.00  0.00
225.00  0.00
225.00  0.00
225.00  0.00
225.00  0.00
226.00  0.00
228.00  0.00
228.00  0.00
228.00  0.00
229.00  0.00
229.00  0.00
228.00  0.00
229.00  0.00
229.00  0.00
229.00  0.00
230.00  0.00
230.00  0.00
230.00  0.00
230.00  0.00
230.00  0.00
230.00  0.00
230.00  0.00
230.00  0.00
230.00  0.00
230.00  0.00
230.00  0.00
230.00  0.00
230.00  0.00
230.00  0.00
231.00  0.00
231.00  0.00
231.00  0.00
231.00  0.00
229.00  0.00
228.00  0.00
229.00  0.00
229.00  0.00
227.00  0.00
227.00  0.00
228.00  0.00
227.00  0.00
225.00  0.00
227.00  0.00
227.00  0.00
226.00  0.00
227.00  0.00
227.00  0.00
228.00  0.09
228.00  0.00
228.00  0.00
228.00  0.00
228.00  0.00
228.00  0.00
228.00  0.00
228.00  0.00
229.00  0.00
230.00  0.00
230.00  0.00
229.00  0.00
229.00  0.00
230.00  0.09
230.00  0.00
230.00  0.00
230.00  0.00
230.00  0.00
230.00  0.00
231.00  0.00
231.00  0.00
233.00  0.00
235.00  0.00
234.00  0.00
234.00  0.00
234.00  0.00
234.00  0.00