117.00  0.00
118.00  0.00
118.00  0.00
118.00  0.00
118.00  0.00
119.00  0.00
119.00  0.00
119.00  0.00
119.00  0.00
118.00  0.00
118.00  0.00
117.00  0.00
118.00  0.00
119.00  0.00
119.00  0.00
120.00  0.00
120.00  0.00
120.00  0.00
120.00  0.00
120.00  0.00
120.00  0.00
119.00  0.00
119.00  0.00
118.00  0.00
118.00  0.00
118.00  0.00
118.00  0.00
118.00  0.00
118.00  0.00
118.00  0.00
119.00  0.00
120.00  0.00
121.00  0.00
121.00  0.00
121.00  0.00
120.00  0.00
121.00  0.00
122.00  0.00
123.00  0.00
123.00  0.00
122.00  0.00
122.00  0.00
122.00  0.00
121.00  0.00
121.00  0.00
121.00  0.00
122.00  0.00
122.00  0.00
122.00  0.00
122.00  0.00
122.00  0.00
122.00  0.00
122.00  0.00
121.00  0.00
121.00  0.00
120.00  0.00
120.00  0.00
120.00  0.00
119.00  0.00
119.00  0.00
120.00  0.00
120.00  0.00
120.00  0.00
120.00  0.00
120.00  0.00
120.00  0.00
121.00  0.00
122.00  0.00
123.00  0.00
123.00  0.00
122.00  0.00
122.00  0.00
122.00  0.00
122.00  0.00
121.00  0.00
120.00  0.00
121.00  0.00
121.00  0.09
121.00  0.00
121.00  0.00
122.00  0.00
123.00  0.00
124.00  0.00
123.00  0.00
122.00  0.00
121.00  0.00
121.00  0.00
121.00  0.00
120.00  0.00
120.00  0.00
119.00  0.00
119.00  0.00
120.00  0.00
120.00  0.00
121.00  0.00
121.00  0.00
121.00  0.00
121.00  0.00
121.00  0.00
120.00  0.00
121.00  0.00
121.00  0.00
121.00  0.00
121.00  0.00
120.00  0.00
120.00  0.00
120.00  0.00
119.00  0.00
119.00  0.00
119.00  0.00
118.00  0.00
119.00  0.06
120.00  0.00
120.00  0.00
120.00  0.00
120.00  0.00
120.00  0.00
120.00  0.00
120.00  0.00
120.00  0.00