124.00  0.00
127.00  0.00
127.00  0.00
126.00  0.00
126.00  0.00
125.00  0.00
125.00  0.00
126.00  0.00
127.00  0.01
127.00  0.00
126.00  0.00
125.00  0.00
126.00  0.00
127.00  0.00
127.00  0.00
127.00  0.00
126.00  0.00
126.00  0.00
127.00  0.03
128.00  0.00
128.00  0.00
128.00  0.00
127.00  0.00
126.00  0.00
127.00  0.00
129.00  0.00
129.00  0.00
129.00  0.00
129.00  0.00
128.00  0.00
129.00  0.00
130.00  0.00
131.00  0.00
132.00  0.00
132.00  0.00
131.00  0.00
132.00  0.00
133.00  0.00
131.00  0.00
130.00  0.00
130.00  0.00
129.00  0.00
130.00  0.00
130.00  0.00
129.00  0.00
129.00  0.00
129.00  0.00
128.00  0.00
128.00  0.00
129.00  0.00
129.00  0.00
128.00  0.00
128.00  0.00
127.00  0.00
127.00  0.00
128.00  0.00
128.00  0.00
128.00  0.00
127.00  0.00
127.00  0.00
128.00  0.00
129.00  0.00
129.00  0.00
128.00  0.00
127.00  0.00
126.00  0.00
127.00  0.00
128.00  0.00
128.00  0.00
129.00  0.00
129.00  0.00
128.00  0.00
128.00  0.00
129.00  0.00
129.00  0.00
129.00  0.00
129.00  0.00
128.00  0.00
128.00  0.00
131.00  0.00
132.00  0.00
132.00  0.00
132.00  0.00
131.00  0.00
131.00  0.00
133.00  0.00
132.00  0.00
131.00  0.00
131.00  0.00
131.00  0.00
131.00  0.00
132.00  0.00
133.00  0.00
132.00  0.00
130.00  0.00
129.00  0.00
129.00  0.16
130.00  0.00
130.00  0.00
130.00  0.00
129.00  0.00
128.00  0.00
128.00  0.00
129.00  0.22
129.00  0.00
129.00  0.00
129.00  0.00
128.00  0.00
129.00  0.00
130.00  0.00
131.00  0.00
131.00  0.00
130.00  0.00
129.00  0.00
129.00  0.00
130.00  0.00
130.00  0.00
130.00  0.00
129.00  0.00
128.00  0.00