128.00  0.00
129.00  0.00
130.00  0.00
130.00  0.00
129.00  0.00
129.00  0.00
128.00  0.00
128.00  0.00
129.00  0.00
130.00  0.00
131.00  0.00
131.00  0.00
131.00  0.00
132.00  0.00
133.00  0.00
132.00  0.00
131.00  0.00
130.00  0.00
130.00  0.00
130.00  0.00
131.00  0.00
132.00  0.00
131.00  0.00
131.00  0.00
130.00  0.00
131.00  0.00
133.00  0.00
132.00  0.00
131.00  0.00
131.00  0.00
131.00  0.00
132.00  0.00
133.00  0.00
133.00  0.00
133.00  0.00
132.00  0.00
132.00  0.00
132.00  0.00
133.00  0.00
132.00  0.00
132.00  0.00
132.00  0.00
132.00  0.00
133.00  0.00
134.00  0.00
134.00  0.00
133.00  0.00
132.00  0.00
131.00  0.00
132.00  0.00
132.00  0.00
132.00  0.00
131.00  0.00
131.00  0.00
131.00  0.00
132.00  0.00
133.00  0.00
133.00  0.00
133.00  0.00
133.00  0.00
132.00  0.00
132.00  0.00
134.00  0.00
133.00  0.00
133.00  0.00
132.00  0.00
132.00  0.00
133.00  0.00
134.00  0.00
134.00  0.00
133.00  0.00
133.00  0.00
133.00  0.00
133.00  0.12
134.00  0.00
135.00  0.00
135.00  0.00
134.00  0.00
133.00  0.00
134.00  0.00
135.00  0.00
136.00  0.00
135.00  0.00
134.00  0.00
133.00  0.00
133.00  0.00
133.00  0.00
133.00  0.00
133.00  0.00
131.00  0.00
130.00  0.00
131.00  0.00
132.00  0.00
133.00  0.00
133.00  0.00
133.00  0.00
133.00  0.00
133.00  0.00
134.00  0.00
133.00  0.00
133.00  0.00
133.00  0.00
132.00  0.00
132.00  0.00
133.00  0.00
133.00  0.00
133.00  0.00
132.00  0.00
132.00  0.00
133.00  0.00
133.00  0.00
133.00  0.00
134.00  0.00
133.00  0.00
131.00  0.00
131.00  0.00
132.00  0.00
132.00  0.00
132.00  0.00
131.00  0.00