38.00  0.00
42.00  0.00
42.00  0.00
42.00  0.00
42.00  0.00
42.00  0.00
41.00  0.00
40.00  0.00
40.00  0.00
40.00  0.00
41.00  0.00
41.00  0.00
41.00  0.00
41.00  0.00
40.00  0.00
40.00  0.00
41.00  0.00
41.00  0.00
41.00  0.00
41.00  0.00
41.00  0.00
41.00  0.00
41.00  0.00
41.00  0.00
41.00  0.00
42.00  0.00
42.00  0.00
43.00  0.00
43.00  0.00
43.00  0.00
43.00  0.00
43.00  0.00
43.00  0.00
43.00  0.00
43.00  0.00
43.00  0.00
43.00  0.00
44.00  0.00
44.00  0.00
42.00  0.00
41.00  0.00
41.00  0.00
41.00  0.00
42.00  0.00
44.00  0.00
44.00  0.00
44.00  0.00
43.00  0.00
42.00  0.00
41.00  0.00
40.00  0.00
20.00  0.00
21.00  0.00
42.00  0.00
42.00  0.00
42.00  0.00
41.00  0.00
41.00  0.00
41.00  0.00
41.00  0.00
41.00  0.00
42.00  0.00
42.00  0.00
40.00  0.00
40.00  0.00
41.00  0.00
42.00  0.00
42.00  0.00
42.00  0.01
43.00  0.00
43.00  0.00
42.00  0.00
42.00  0.00
41.00  0.00
40.00  0.00
41.00  0.00
43.00  0.00
44.00  0.00
43.00  0.00
42.00  0.00
42.00  0.00
42.00  0.00
42.00  0.00
41.00  0.00
41.00  0.00
41.00  0.00
41.00  0.00
41.00  0.00
42.00  0.00
42.00  0.00
42.00  0.00
42.00  0.00
42.00  0.00
43.00  0.00
42.00  0.00
41.00  0.00
41.00  0.00
41.00  0.00
41.00  0.00
41.00  0.00
41.00  0.00
41.00  0.00
41.00  0.00
41.00  0.00
42.00  0.00
43.00  0.00
43.00  0.00
42.00  0.00
43.00  0.00
43.00  0.00
42.00  0.00
42.00  0.00
42.00  0.00
41.00  0.00
42.00  0.00
43.00  0.00
43.00  0.00
42.00  0.00
42.00  0.00
43.00  0.00