144.00  0.00
144.00  0.16
145.00  0.00
144.00  0.00
145.00  0.00
146.00  0.00
144.00  0.00
145.00  0.00
146.00  0.00
144.00  0.00
144.00  0.00
145.00  0.00
144.00  0.00
144.00  0.00
145.00  0.00
145.00  0.00
145.00  0.00
146.00  0.00
144.00  0.00
144.00  0.00
145.00  0.00
144.00  0.00
144.00  0.00
144.00  0.00
143.00  0.00
142.00  0.00
142.00  0.00
142.00  0.00
141.00  0.00
141.00  0.00
141.00  0.00
141.00  0.00
143.00  0.00
143.00  0.00
143.00  0.00
143.00  0.00
143.00  0.00
144.00  0.00
143.00  0.00
143.00  0.00
144.00  0.00
143.00  0.00
143.00  0.00
144.00  0.00
144.00  0.00
143.00  0.00
142.00  0.00
143.00  0.00
145.00  0.00
144.00  0.00
144.00  0.00
146.00  0.00
145.00  0.00
146.00  0.00
146.00  0.00
145.00  0.00
146.00  0.00
148.00  0.00
147.00  0.00
147.00  0.00
147.00  0.00
146.00  0.00
146.00  0.00
147.00  0.00
147.00  0.00
148.00  0.00
149.00  0.00
148.00  0.00
148.00  0.00
148.00  0.00
147.00  0.00
147.00  0.00
148.00  0.00
147.00  0.00
148.00  0.00
149.00  0.00
148.00  0.00
148.00  0.00
149.00  0.00
148.00  0.00
149.00  0.00
149.00  0.00
147.00  0.00
147.00  0.00
148.00  0.00
147.00  0.00
147.00  0.00
147.00  0.00
145.00  0.00
146.00  0.00
147.00  0.00
145.00  0.00
146.00  0.00
147.00  0.00
147.00  0.00
147.00  0.00
148.00  0.00
147.00  0.00
147.00  0.00
148.00  0.00
147.00  0.00
147.00  0.00
147.00  0.00
145.00  0.00
145.00  0.00
147.00  0.00
146.00  0.00
145.00  0.00
146.00  0.00
145.00  0.00
146.00  0.00
147.00  0.00
146.00  0.00
146.00  0.00
147.00  0.00
146.00  0.00
146.00  0.00
147.00  0.00
146.00  0.00
148.00  0.00