154.00  0.00
155.00  0.00
154.00  0.00
154.00  0.00
153.00  0.00
153.00  0.00
154.00  0.00
154.00  0.00
154.00  0.00
153.00  0.00
154.00  0.00
154.00  0.00
154.00  0.00
154.00  0.00
155.00  0.39
155.00  0.00
154.00  0.00
154.00  0.00
155.00  0.00
155.00  0.00
154.00  0.00
155.00  0.00
154.00  0.00
154.00  0.00
154.00  0.00
154.00  0.00
154.00  0.00
154.00  0.00
154.00  0.00
154.00  0.00
154.00  0.00
154.00  0.00
154.00  0.00
155.00  0.00
155.00  0.00
155.00  0.00
155.00  0.00
154.00  0.00
154.00  0.00
154.00  0.00
153.00  0.00
153.00  0.00
153.00  0.00
153.00  0.00
153.00  0.00
153.00  0.00
153.00  0.00
152.00  0.00
153.00  0.00
153.00  0.00
152.00  0.00
152.00  0.00
152.00  0.00
152.00  0.00
153.00  0.00
153.00  0.00
153.00  0.00
153.00  0.00
154.00  0.00
155.00  0.00
156.00  0.00
156.00  0.00
156.00  0.00
156.00  0.00
156.00  0.00
157.00  0.00
157.00  0.00
157.00  0.00
157.00  0.00
157.00  0.00
155.00  0.00
155.00  0.00
156.00  0.00
155.00  0.00
155.00  0.00
155.00  0.00
155.00  0.00
155.00  0.00
155.00  0.00
154.00  0.04
155.00  0.00
156.00  0.00
155.00  0.00
155.00  0.00
156.00  0.00
156.00  0.00
157.00  0.00
157.00  0.00
157.00  0.00
158.00  0.00
158.00  0.00
157.00  0.00
157.00  0.00
157.00  0.00
157.00  0.00
157.00  0.00
157.00  0.00
156.00  0.00
156.00  0.00
157.00  0.00
157.00  0.00
157.00  0.00
157.00  0.00
157.00  0.00
156.00  0.00
157.00  0.00
157.00  0.00
156.00  0.00
157.00  0.00
156.00  0.00
155.00  0.00
155.00  0.00
154.00  0.00
153.00  0.00
153.00  0.00
153.00  0.00
155.00  0.13
156.00  0.00
154.00  0.00
154.00  0.00