155.00  0.00
158.00  0.00
158.00  0.00
157.00  0.00
157.00  0.00
158.00  0.00
157.00  0.00
157.00  0.00
158.00  0.00
157.00  0.00
157.00  0.00
158.00  0.00
156.00  0.00
155.00  0.00
157.00  0.00
156.00  0.00
156.00  0.00
156.00  0.00
155.00  0.00
155.00  0.00
157.00  0.00
157.00  0.00
157.00  0.00
158.00  0.00
157.00  0.00
157.00  0.00
158.00  0.00
157.00  0.00
158.00  0.00
159.00  0.00
158.00  0.00
158.00  0.00
159.00  0.00
157.00  0.00
157.00  0.00
158.00  0.00
157.00  0.00
157.00  0.00
159.00  0.00
159.00  0.00
160.00  0.00
161.00  0.00
160.00  0.00
160.00  0.00
162.00  0.00
160.00  0.00
161.00  0.00
162.00  0.00
160.00  0.00
160.00  0.00
160.00  0.00
158.00  0.00
158.00  0.00
159.00  0.00
157.00  0.00
157.00  0.00
158.00  0.00
157.00  0.00
157.00  0.00
158.00  0.00
156.00  0.00
157.00  0.00
158.00  0.00
157.00  0.00
158.00  0.00
159.00  0.00
158.00  0.00
159.00  0.00
160.00  0.00
158.00  0.00
159.00  0.00
160.00  0.00
159.00  0.00
160.00  0.00
161.00  0.00
160.00  0.00
160.00  0.00
162.00  0.00
160.00  0.00
160.00  0.00
162.00  0.00
160.00  0.00
160.00  0.00
162.00  0.00
161.00  0.00
161.00  0.00
162.00  0.00
161.00  0.00
161.00  0.00
163.00  0.00
162.00  0.00
162.00  0.00
163.00  0.00
161.00  0.00
161.00  0.00
162.00  0.00
160.00  0.00
161.00  0.00
161.00  0.00
159.00  0.00
160.00  0.00
159.00  0.00
157.00  0.00
157.00  0.00
158.00  0.00
157.00  0.00
157.00  0.00
158.00  0.00
157.00  0.00
157.00  0.00
158.00  0.00
157.00  0.00
157.00  0.00
158.00  0.00
156.00  0.00
157.00  0.00
158.00  0.00
157.00  0.00
157.00  0.00
158.00  0.00