254.00  0.00
269.00  0.00
265.00  0.00
269.00  0.00
272.00  0.00
269.00  0.00
270.00  0.00
274.00  0.00
272.00  0.00
269.00  0.00
265.00  0.00
267.00  0.00
271.00  0.00
272.00  0.00
272.00  0.00
269.00  0.00
265.00  0.00
269.00  0.00
272.00  0.00
269.00  0.00
269.00  0.00
272.00  0.00
272.00  0.00
269.00  0.00
264.00  0.00
265.00  0.00
270.00  0.00
270.00  0.00
268.00  0.00
265.00  0.00
262.00  0.00
264.00  0.00
267.00  0.00
267.00  0.00
265.00  0.00
262.00  0.00
260.00  0.00
264.00  0.00
267.00  0.00
267.00  0.00
267.00  0.00
265.00  0.00
262.00  0.00
264.00  0.00
267.00  0.00
267.00  0.00
265.00  0.00
264.00  0.00
262.00  0.00
262.00  0.00
265.00  0.00
267.00  0.00
265.00  0.00
264.00  0.00
262.00  0.00
264.00  0.00
267.00  0.00
267.00  0.00
265.00  0.00
264.00  0.00
264.00  0.00
267.00  0.00
270.00  0.00
270.00  0.00
270.00  0.00
267.00  0.00
262.00  0.00
265.00  0.00
270.00  0.00
272.00  0.00
271.00  0.00
267.00  0.00
265.00  0.00
267.00  0.00
270.00  0.00
271.00  0.00
269.00  0.00
266.00  0.00
262.00  0.00
265.00  0.00
269.00  0.00
267.00  0.00
267.00  0.00
265.00  0.00
262.00  0.00
265.00  0.00
270.00  0.00
270.00  0.00
268.00  0.00
267.00  0.00
265.00  0.00
267.00  0.00
270.00  0.00
272.00  0.00
269.00  0.00
265.00  0.00
267.00  0.00
270.00  0.00
271.00  0.00
271.00  0.00
269.00  0.00
265.00  0.00
269.00  0.00
272.00  0.00
272.00  0.00
269.00  0.00
265.00  0.00
269.00  0.00
272.00  0.00
270.00  0.00
267.00  0.00
270.00  0.00
274.00  0.00
270.00  0.00
272.00  0.00
272.00  0.00
270.00  0.00
269.00  0.00
267.00  0.00
268.00  0.00