162.00  0.16
166.00  0.00
166.00  0.00
167.00  0.00
167.00  0.00
166.00  0.00
166.00  0.00
167.00  0.00
167.00  0.00
167.00  0.00
167.00  0.00
167.00  0.00
167.00  0.00
166.00  0.00
165.00  0.00
165.00  0.00
165.00  0.00
165.00  0.00
165.00  0.00
165.00  0.00
164.00  0.00
164.00  0.00
163.00  0.00
164.00  0.00
165.00  0.00
164.00  0.00
164.00  0.00
164.00  0.00
164.00  0.00
164.00  0.00
165.00  0.00
165.00  0.00
166.00  0.00
166.00  0.00
166.00  0.00
167.00  0.00
167.00  0.00
166.00  0.00
166.00  0.00
165.00  0.00
165.00  0.00
166.00  0.00
166.00  0.00
166.00  0.00
166.00  0.00
166.00  0.00
166.00  0.00
166.00  0.00
166.00  0.00
167.00  0.00
167.00  0.00
168.00  0.00
168.00  0.00
167.00  0.00
167.00  0.00
167.00  0.00
167.00  0.00
166.00  0.00
166.00  0.00
166.00  0.00
166.00  0.00
166.00  0.00
166.00  0.00
167.00  0.00
167.00  0.00
167.00  0.00
169.00  0.00
169.00  0.00
169.00  0.00
169.00  0.00
168.00  0.00
166.00  0.00
166.00  0.00
167.00  0.00
167.00  0.00
166.00  0.00
166.00  0.00
166.00  0.00
166.00  0.00
167.00  0.00
167.00  0.00
167.00  0.00
167.00  0.00
167.00  0.00
167.00  0.00
167.00  0.00
167.00  0.00
168.00  0.00
169.00  0.00
169.00  0.00
168.00  0.00
168.00  0.00
168.00  0.00
167.00  0.00
167.00  0.00
167.00  0.00
167.00  0.00
167.00  0.00
167.00  0.00
166.00  0.00
166.00  0.00
167.00  0.00
167.00  0.00
166.00  0.00
166.00  0.00
167.00  0.00
167.00  0.00
167.00  0.00
167.00  0.00
168.00  0.00
168.00  0.00
168.00  0.00
169.00  0.00
168.00  0.06
168.00  0.00
168.00  0.00
167.00  0.00
168.00  0.00
169.00  0.00
169.00  0.00