173.00  0.00
177.00  0.00
177.00  0.00
178.00  0.00
177.00  0.00
176.00  0.00
176.00  0.00
176.00  0.00
176.00  0.00
176.00  0.00
176.00  0.00
176.00  0.00
176.00  0.00
176.00  0.00
176.00  0.00
177.00  0.00
177.00  0.00
177.00  0.00
178.00  0.00
178.00  0.00
178.00  0.00
179.00  0.00
179.00  0.00
178.00  0.00
178.00  0.00
178.00  0.00
178.00  0.00
177.00  0.00
176.00  0.00
176.00  0.00
176.00  0.00
176.00  0.00
176.00  0.00
176.00  0.00
176.00  0.00
176.00  0.00
176.00  0.00
175.00  0.00
175.00  0.00
175.00  0.00
175.00  0.00
176.00  0.00
176.00  0.00
176.00  0.00
177.00  0.00
177.00  0.00
177.00  0.00
177.00  0.00
176.00  0.00
176.00  0.00
176.00  0.00
176.00  0.00
176.00  0.00
176.00  0.00
176.00  0.00
175.00  0.00
175.00  0.00
175.00  0.00
175.00  0.00
175.00  0.00
175.00  0.00
176.00  0.00
176.00  0.00
174.00  0.00
174.00  0.00
174.00  0.00
174.00  0.00
175.00  0.00
175.00  0.00
174.00  0.00
174.00  0.00
175.00  0.00
175.00  0.00
175.00  0.00
175.00  0.00
176.00  0.00
176.00  0.00
176.00  0.00
176.00  0.00
176.00  0.00
176.00  0.00
175.00  0.00
175.00  0.00
175.00  0.00
175.00  0.00
174.00  0.00
174.00  0.00
174.00  0.00
173.00  0.00
172.00  0.00
172.00  0.00
172.00  0.00
173.00  0.00
174.00  0.00
174.00  0.00
174.00  0.00
174.00  0.00
175.00  0.00
175.00  0.00
174.00  0.00
174.00  0.00
174.00  0.00
174.00  0.00
173.00  0.00
173.00  0.00
174.00  0.00
173.00  0.00
173.00  0.00
173.00  0.00
174.00  0.00
175.00  0.00
175.00  0.00
175.00  0.00
175.00  0.00
175.00  0.00
174.00  0.00
174.00  0.00
174.00  0.00
174.00  0.00
174.00  0.00