175.00  0.00
177.00  0.00
177.00  0.00
177.00  0.00
177.00  0.00
177.00  0.00
178.00  0.00
178.00  0.00
178.00  0.00
178.00  0.00
179.00  0.00
179.00  0.00
179.00  0.00
180.00  0.00
180.00  0.00
180.00  0.00
180.00  0.00
180.00  0.00
181.00  0.00
181.00  0.00
181.00  0.00
181.00  0.28
181.00  0.00
181.00  0.00
181.00  0.00
181.00  0.00
181.00  0.00
181.00  0.00
180.00  0.00
179.00  0.00
178.00  0.00
179.00  0.00
179.00  0.00
179.00  0.00
179.00  0.00
178.00  0.00
178.00  0.00
178.00  0.00
178.00  0.00
179.00  0.00
179.00  0.00
178.00  0.00
178.00  0.00
178.00  0.00
179.00  0.00
179.00  0.00
179.00  0.00
179.00  0.00
179.00  0.00
178.00  0.00
179.00  0.00
180.00  0.00
180.00  0.00
180.00  0.00
180.00  0.00
179.00  0.00
178.00  0.00
179.00  0.00
179.00  0.00
180.00  0.00
180.00  0.00
179.00  0.00
179.00  0.00
180.00  0.00
180.00  0.00
180.00  0.00
181.00  0.00
181.00  0.00
181.00  0.00
181.00  0.00
182.00  0.00
181.00  0.00
180.00  0.00
180.00  0.00
181.00  0.00
181.00  0.00
179.00  0.00
178.00  0.00
178.00  0.00
178.00  0.00
177.00  0.00
177.00  0.00
178.00  0.00
178.00  0.00
176.00  0.00
175.00  0.00
175.00  0.00
176.00  0.00
177.00  0.00
176.00  0.00
176.00  0.00
177.00  0.00
177.00  0.00
177.00  0.00
177.00  0.00
177.00  0.04
177.00  0.00
177.00  0.00
177.00  0.00
177.00  0.00
178.00  0.00
178.00  0.00
177.00  0.00
177.00  0.00
178.00  0.00
178.00  0.00
177.00  0.00
177.00  0.00
177.00  0.00
177.00  0.00
178.00  0.00
178.00  0.00
178.00  0.00
178.00  0.00
177.00  0.00
177.00  0.00
177.00  0.00
177.00  0.00
177.00  0.00
176.00  0.00