180.00  0.00
181.00  0.00
181.00  0.00
182.00  0.00
183.00  0.00
182.00  0.00
181.00  0.00
182.00  0.00
181.00  0.00
180.00  0.00
180.00  0.00
181.00  0.00
181.00  0.00
182.00  0.00
181.00  0.00
181.00  0.00
180.00  0.00
179.00  0.00
180.00  0.00
181.00  0.00
181.00  0.00
181.00  0.00
181.00  0.00
181.00  0.00
181.00  0.00
180.00  0.00
179.00  0.00
180.00  0.00
180.00  0.00
178.00  0.03
179.00  0.00
179.00  0.00
179.00  0.00
178.00  0.00
179.00  0.00
179.00  0.00
179.00  0.00
179.00  0.00
179.00  0.00
179.00  0.00
179.00  0.00
181.00  0.00
181.00  0.00
181.00  0.00
181.00  0.00
181.00  0.00
181.00  0.00
181.00  0.00
181.00  0.00
181.00  0.00
181.00  0.00
181.00  0.06
181.00  0.00
181.00  0.00
181.00  0.00
181.00  0.00
181.00  0.00
181.00  0.00
181.00  0.00
182.00  0.00
183.00  0.00
184.00  0.00
184.00  0.00
184.00  0.00
184.00  0.00
183.00  0.00
182.00  0.00
182.00  0.00
183.00  0.00
183.00  0.00
183.00  0.00
183.00  0.00
183.00  0.00
184.00  0.00
184.00  0.00
184.00  0.00
185.00  0.00
185.00  0.00
184.00  0.00
185.00  0.00
185.00  0.00
184.00  0.00
184.00  0.00
185.00  0.00
185.00  0.00
184.00  0.00
184.00  0.00
184.00  0.00
184.00  0.00
183.00  0.00
182.00  0.00
180.00  0.00
180.00  0.00
181.00  0.00
181.00  0.00
181.00  0.00
181.00  0.00
181.00  0.00
181.00  0.00
181.00  0.00
181.00  0.00
181.00  0.00
181.00  0.00
181.00  0.00
181.00  0.00
181.00  0.00
181.00  0.00
181.00  0.00
181.00  0.00
181.00  0.00
181.00  0.00
180.00  0.00
180.00  0.00
180.00  0.00
180.00  0.00
180.00  0.00
180.00  0.00
179.00  0.00
178.00  0.00
178.00  0.00