182.00  0.00
184.00  0.00
184.00  0.00
184.00  0.00
185.00  0.00
185.00  0.00
184.00  0.00
184.00  0.00
185.00  0.00
185.00  0.00
184.00  0.00
186.00  0.00
186.00  0.00
185.00  0.00
184.00  0.00
183.00  0.00
183.00  0.00
183.00  0.00
183.00  0.00
183.00  0.00
183.00  0.00
183.00  0.00
183.00  0.00
184.00  0.00
184.00  0.00
184.00  0.00
185.00  0.00
186.00  0.00
187.00  0.00
185.00  0.00
184.00  0.00
183.00  0.00
182.00  0.00
183.00  0.00
184.00  0.00
184.00  0.00
184.00  0.00
186.00  0.00
185.00  0.00
186.00  0.00
187.00  0.00
186.00  0.00
187.00  0.00
186.00  0.00
186.00  0.00
188.00  0.00
187.00  0.00
186.00  0.00
188.00  0.00
188.00  0.00
188.00  0.00
188.00  0.00
187.00  0.25
187.00  0.00
188.00  0.00
187.00  0.00
186.00  0.00
186.00  0.00
185.00  0.00
185.00  0.00
186.00  0.00
185.00  0.00
184.00  0.00
184.00  0.00
184.00  0.00
184.00  0.00
184.00  0.00
184.00  0.00
183.00  0.00
184.00  0.00
185.00  0.00
185.00  0.00
185.00  0.00
185.00  0.00
186.00  0.00
187.00  0.00
185.00  0.00
184.00  0.00
186.00  0.00
186.00  0.00
186.00  0.00
186.00  0.00
186.00  0.00
186.00  0.00
185.00  0.00
185.00  0.00
185.00  0.00
185.00  0.00
184.00  0.00
184.00  0.00
185.00  0.00
185.00  0.00
185.00  0.00
186.00  0.00
186.00  0.00
185.00  0.00
185.00  0.00
185.00  0.00
186.00  0.00
187.00  0.00
188.00  0.00
186.00  0.00
185.00  0.00
187.00  0.00
185.00  0.00
184.00  0.00
184.00  0.00
183.00  0.00
183.00  0.00
182.00  0.00
181.00  0.00
182.00  0.00
183.00  0.00
183.00  0.00
184.00  0.00
184.00  0.00
184.00  0.00
184.00  0.00
184.00  0.00
184.00  0.00