52.00  0.00
60.00  0.00
61.00  0.00
59.00  0.00
58.00  0.31
58.00  0.00
58.00  0.00
58.00  0.00
59.00  0.00
61.00  0.00
60.00  0.00
61.00  0.00
63.00  0.00
62.00  0.00
62.00  0.00
62.00  0.00
61.00  0.00
61.00  0.00
61.00  0.00
60.00  0.00
60.00  0.00
62.00  0.00
62.00  0.00
62.00  0.00
63.00  0.00
63.00  0.00
63.00  0.00
63.00  0.00
62.00  0.00
61.00  0.00
61.00  0.00
60.00  0.00
60.00  0.00
61.00  0.00
60.00  0.00
59.00  0.00
60.00  0.00
59.00  0.00
59.00  0.00
60.00  0.00
60.00  0.00
61.00  0.00
62.00  0.00
60.00  0.00
60.00  0.00
60.00  0.00
60.00  0.00
59.00  0.00
60.00  0.00
60.00  0.00
61.00  0.00
62.00  0.00
61.00  0.00
61.00  0.00
61.00  0.00
61.00  0.00
61.00  0.00
62.00  0.00
61.00  0.00
60.00  0.00
61.00  0.00
60.00  0.00
61.00  0.00
62.00  0.00
60.00  0.19
60.00  0.00
61.00  0.00
60.00  0.00
60.00  0.00
61.00  0.00
60.00  0.00
59.00  0.00
59.00  0.00
59.00  0.00
61.00  0.00
63.00  0.37
62.00  0.00
61.00  0.00
62.00  0.00
61.00  0.00
62.00  0.00
62.00  0.00
62.00  0.00
62.00  0.00
62.00  0.00
61.00  0.00
62.00  0.00
63.00  0.00
62.00  0.00
62.00  0.00
63.00  0.00
62.00  0.00
62.00  0.00
62.00  0.00
61.00  0.00
60.00  0.00
60.00  0.00
59.00  0.00
60.00  0.00
60.00  0.00
59.00  0.00
60.00  0.00
60.00  0.00
61.00  0.00
63.00  0.00
62.00  0.00
62.00  0.00
63.00  0.00
62.00  0.00
62.00  0.00
63.00  0.00
63.00  0.00
63.00  0.00
63.00  0.00
62.00  0.00
62.00  0.00
63.00  0.00
61.00  0.00
61.00  0.00
63.00  0.00