188.00  0.00
184.00  0.00
184.00  0.00
184.00  0.00
184.00  0.00
184.00  0.00
185.00  0.00
186.00  0.00
185.00  0.00
185.00  0.00
185.00  0.00
187.00  0.00
187.00  0.00
187.00  0.00
188.00  0.00
188.00  0.00
188.00  0.00
189.00  0.00
189.00  0.00
189.00  0.00
190.00  0.00
189.00  0.00
188.00  0.00
189.00  0.00
187.00  0.00
186.00  0.00
188.00  0.00
187.00  0.00
186.00  0.00
188.00  0.00
187.00  0.00
187.00  0.00
188.00  0.00
187.00  0.00
187.00  0.00
188.00  0.00
188.00  0.00
189.00  0.00
190.00  0.00
189.00  0.00
189.00  0.00
190.00  0.00
189.00  0.00
188.00  0.00
189.00  0.00
188.00  0.00
187.00  0.00
188.00  0.00
187.00  0.00
187.00  0.00
189.00  0.00
189.00  0.00
189.00  0.00
191.00  0.00
190.00  0.00
189.00  0.00
190.00  0.00
189.00  0.00
189.00  0.00
191.00  0.00
190.00  0.00
189.00  0.00
190.00  0.00
189.00  0.00
190.00  0.00
192.00  0.00
190.00  0.00
189.00  0.00
191.00  0.00
190.00  0.00
190.00  0.00
191.00  0.00
189.00  0.00
189.00  0.00
191.00  0.00
190.00  0.00
190.00  0.00
192.00  0.00
190.00  0.00
189.00  0.00
190.00  0.00
189.00  0.00
189.00  0.00
191.00  0.00
190.00  0.00
189.00  0.00
190.00  0.00
189.00  0.00
189.00  0.00
190.00  0.00
188.00  0.00
188.00  0.00
189.00  0.00
189.00  0.00
189.00  0.00
190.00  0.00
189.00  0.00
190.00  0.00
193.00  0.00
192.00  0.00
192.00  0.00
194.00  0.00
192.00  0.00
192.00  0.00
193.00  0.00
191.00  0.00
191.00  0.00
192.00  0.00
190.00  0.00
189.00  0.00
191.00  0.00
190.00  0.00
188.00  0.00
190.00  0.00
190.00  0.00
189.00  0.00
190.00  0.00
189.00  0.00
188.00  0.00
189.00  0.00