194.00  0.00
195.00  0.00
195.00  0.00
195.00  0.00
195.00  0.00
195.00  0.00
194.00  0.00
195.00  0.00
195.00  0.00
195.00  0.00
195.00  0.00
195.00  0.00
195.00  0.00
195.00  0.00
195.00  0.00
195.00  0.00
194.00  0.00
194.00  0.00
194.00  0.00
195.00  0.00
195.00  0.00
195.00  0.00
195.00  0.00
195.00  0.00
195.00  0.00
195.00  0.00
196.00  0.00
195.00  0.27
195.00  0.00
195.00  0.00
196.00  0.00
197.00  0.00
197.00  0.00
196.00  0.00
195.00  0.00
195.00  0.00
195.00  0.00
195.00  0.00
196.00  0.00
196.00  0.00
196.00  0.00
196.00  0.00
195.00  0.00
196.00  0.00
196.00  0.00
195.00  0.00
195.00  0.00
195.00  0.00
195.00  0.00
195.00  0.00
195.00  0.00
195.00  0.00
195.00  0.00
195.00  0.00
195.00  0.00
195.00  0.00
195.00  0.00
195.00  0.00
196.00  0.00
196.00  0.00
195.00  0.00
195.00  0.00
195.00  0.00
194.00  0.00
195.00  0.00
196.00  0.00
196.00  0.00
195.00  0.00
195.00  0.00
195.00  0.00
195.00  0.00
195.00  0.00
195.00  0.00
194.00  0.00
194.00  0.00
193.00  0.00
192.00  0.00
191.00  0.00
190.00  0.00
190.00  0.00
190.00  0.00
190.00  0.00
191.00  0.00
192.00  0.00
191.00  0.00
191.00  0.00
193.00  0.00
194.00  0.00
194.00  0.00
194.00  0.00
194.00  0.00
194.00  0.00
194.00  0.00
194.00  0.00
194.00  0.00
195.00  0.00
194.00  0.00
192.00  0.00
193.00  0.00
193.00  0.00
192.00  0.00
193.00  0.04
193.00  0.00
193.00  0.00
192.00  0.00
190.00  0.00
191.00  0.00
192.00  0.00
191.00  0.00
191.00  0.00
194.00  0.00
194.00  0.00
193.00  0.00
193.00  0.00
191.00  0.00
191.00  0.00
191.00  0.00
189.00  0.00
188.00  0.00
189.00  0.00