197.00  0.00
197.00  0.00
197.00  0.00
197.00  0.00
196.00  0.00
196.00  0.00
197.00  0.00
196.00  0.00
195.00  0.00
196.00  0.00
195.00  0.00
196.00  0.00
197.00  0.00
196.00  0.00
196.00  0.00
197.00  0.00
197.00  0.00
197.00  0.00
197.00  0.00
197.00  0.00
197.00  0.00
197.00  0.00
197.00  0.00
197.00  0.00
197.00  0.00
197.00  0.00
198.00  0.00
199.00  0.00
198.00  0.00
198.00  0.00
200.00  0.00
200.00  0.00
200.00  0.00
202.00  0.00
202.00  0.00
202.00  0.00
203.00  0.00
202.00  0.00
202.00  0.00
202.00  0.00
201.00  0.00
201.00  0.00
201.00  0.00
201.00  0.00
201.00  0.00
201.00  0.00
200.00  0.00
199.00  0.00
199.00  0.00
199.00  0.00
200.00  0.00
201.00  0.00
200.00  0.00
200.00  0.00
201.00  0.00
200.00  0.00
200.00  0.00
202.00  0.00
201.00  0.00
200.00  0.00
201.00  0.00
200.00  0.00
200.00  0.00
201.00  0.00
201.00  0.00
200.00  0.00
200.00  0.00
200.00  0.00
200.00  0.00
202.00  0.00
202.00  0.00
202.00  0.00
203.00  0.00
202.00  0.00
202.00  0.00
202.00  0.00
201.00  0.00
201.00  0.00
201.00  0.00
201.00  0.00
201.00  0.00
202.00  0.00
202.00  0.00
202.00  0.00
202.00  0.00
201.00  0.00
202.00  0.03
203.00  0.00
202.00  0.00
202.00  0.00
203.00  0.00
202.00  0.00
202.00  0.00
203.00  0.00
203.00  0.00
203.00  0.00
203.00  0.00
202.00  0.00
202.00  0.00
202.00  0.00
200.00  0.00
200.00  0.00
201.00  0.00
201.00  0.00
201.00  0.16
201.00  0.00
199.00  0.00
198.00  0.00
200.00  0.00
200.00  0.00
200.00  0.00
201.00  0.00
201.00  0.00
202.00  0.00
202.00  0.03
201.00  0.00
201.00  0.00
201.00  0.00
200.00  0.00
200.00  0.00