274.00  0.00
279.00  0.00
277.00  0.00
277.00  0.00
279.00  0.00
277.00  0.00
277.00  0.00
281.00  0.00
279.00  0.00
279.00  0.00
283.00  0.00
279.00  0.00
277.00  0.00
280.00  0.00
278.00  0.00
277.00  0.00
279.00  0.00
274.00  0.00
272.00  0.00
276.00  0.00
274.00  0.00
274.00  0.00
276.00  0.00
274.00  0.00
274.00  0.00
278.00  0.00
276.00  0.00
274.00  0.00
276.00  0.00
272.00  0.00
270.00  0.00
272.00  0.00
270.00  0.00
270.00  0.00
272.00  0.00
269.00  0.00
265.00  0.00
269.00  0.00
272.00  0.00
270.00  0.00
267.00  0.00
269.00  0.00
274.00  0.00
274.00  0.00
270.00  0.00
272.00  0.00
276.00  0.00
272.00  0.00
272.00  0.00
276.00  0.00
274.00  0.00
274.00  0.00
276.00  0.00
274.00  0.00
276.00  0.00
279.00  0.00
276.00  0.00
276.00  0.00
279.00  0.00
276.00  0.00
276.00  0.00
281.00  0.00
279.00  0.00
278.00  0.00
280.00  0.00
276.00  0.00
276.00  0.00
279.00  0.00
278.00  0.00
280.00  0.00
281.00  0.00
276.00  0.00
276.00  0.00
278.00  0.00
274.00  0.00
278.00  0.00
281.00  0.00
276.00  0.00
276.00  0.00
279.00  0.00
276.00  0.00
278.00  0.00
281.00  0.00
276.00  0.00
278.00  0.00
283.00  0.00
280.00  0.00
278.00  0.00
278.00  0.00
276.00  0.00
280.00  0.00
283.00  0.00
280.00  0.00
280.00  0.00
281.00  0.00
278.00  0.00
280.00  0.00
283.00  0.00
280.00  0.00
280.00  0.00
281.00  0.00
278.00  0.00
280.00  0.00
283.00  0.00
281.00  0.00
281.00  0.00
283.00  0.00
280.00  0.00
282.00  0.00
285.00  0.00
281.00  0.00
281.00  0.00
283.00  0.00
280.00  0.00
280.00  0.00
283.00  0.00
281.00  0.00
283.00  0.00
285.00  0.00
281.00  0.00