204.00  0.00
204.00  0.00
203.00  0.00
203.00  0.00
204.00  0.00
207.00  0.00
208.00  0.00
207.00  0.00
207.00  0.00
210.00  0.00
210.00  0.00
209.00  0.00
211.00  0.00
210.00  0.00
209.00  0.00
212.00  0.00
213.00  0.00
211.00  0.00
209.00  0.00
206.00  0.00
206.00  0.00
206.00  0.00
207.00  0.00
208.00  0.00
206.00  0.00
205.00  0.00
205.00  0.00
206.00  0.00
206.00  0.00
205.00  0.00
205.00  0.00
207.00  0.00
208.00  0.00
209.00  0.00
209.00  0.00
207.00  0.00
207.00  0.00
209.00  0.00
210.00  0.00
210.00  0.00
210.00  0.00
208.00  0.00
207.00  0.00
208.00  0.00
209.00  0.00
209.00  0.00
209.00  0.00
208.00  0.00
207.00  0.00
209.00  0.00
210.00  0.00
211.00  0.00
211.00  0.00
209.00  0.00
208.00  0.00
208.00  0.00
208.00  0.00
208.00  0.00
207.00  0.00
204.00  0.00
203.00  0.00
203.00  0.00
202.00  0.00
201.00  0.00
202.00  0.00
202.00  0.00
202.00  0.00
203.00  0.00
201.00  0.00
200.00  0.00
202.00  0.00
202.00  0.00
201.00  0.00
201.00  0.00
201.00  0.00
202.00  0.00
203.00  0.00
202.00  0.00
202.00  0.00
202.00  0.00
201.00  0.00
202.00  0.00
203.00  0.00
203.00  0.00
203.00  0.00
204.00  0.00
204.00  0.00
204.00  0.00
205.00  0.00
205.00  0.00
206.00  0.00
208.00  0.00
208.00  0.00
206.00  0.00
206.00  0.00
208.00  0.00
208.00  0.00
209.00  0.00
210.00  0.00
209.00  0.00
208.00  0.00
210.00  0.00
211.00  0.00
210.00  0.00
210.00  0.00
207.00  0.00
205.00  0.00
205.00  0.00
207.00  0.00
207.00  0.00
205.00  0.00
205.00  0.00
207.00  0.00
208.00  0.00
209.00  0.00
209.00  0.09
206.00  0.00
205.00  0.00
207.00  0.00
209.00  0.00