72.00  0.00
80.00  0.00
79.00  0.00
79.00  0.00
79.00  0.00
78.00  0.00
78.00  0.00
78.00  0.00
79.00  0.00
79.00  0.00
80.00  0.00
79.00  0.00
78.00  0.00
79.00  0.00
81.00  0.00
82.00  0.00
82.00  0.00
81.00  0.00
80.00  0.00
80.00  0.00
80.00  0.00
82.00  0.00
81.00  0.00
80.00  0.00
80.00  0.00
80.00  0.16
81.00  0.00
80.00  0.00
78.00  0.00
78.00  0.00
77.00  0.00
77.00  0.00
78.00  0.00
78.00  0.00
78.00  0.00
78.00  0.00
78.00  0.00
79.00  0.00
79.00  0.00
81.00  0.00
82.00  0.00
82.00  0.00
82.00  0.00
81.00  0.00
80.00  0.00
80.00  0.00
81.00  0.00
81.00  0.00
80.00  0.00
80.00  0.00
81.00  0.00
81.00  0.00
80.00  0.00
79.00  0.00
79.00  0.00
79.00  0.00
80.00  0.00
81.00  0.00
80.00  0.00
79.00  0.00
80.00  0.00
81.00  0.00
80.00  0.00
79.00  0.00
78.00  0.00
78.00  0.00
77.00  0.00
77.00  0.00
77.00  0.00
76.00  0.00
76.00  0.00
78.00  0.00
78.00  0.00
78.00  0.00
79.00  0.00
78.00  0.00
79.00  0.00
80.00  0.00
81.00  0.00
82.00  0.00
80.00  0.00
79.00  0.00
79.00  0.30
79.00  0.00
78.00  0.00
79.00  0.00
81.00  0.00
80.00  0.00
79.00  0.00
79.00  0.00
80.00  0.00
81.00  0.00
81.00  0.00
79.00  0.00
78.00  0.00
79.00  0.00
81.00  0.00
80.00  0.00
78.00  0.00
78.00  0.00
78.00  0.00
77.00  0.00
77.00  0.00
78.00  0.00
77.00  0.00
77.00  0.00
78.00  0.00
78.00  0.00
78.00  0.00
78.00  0.00
77.00  0.00
77.00  0.00
79.00  0.00
78.00  0.00
78.00  0.00
79.00  0.00
78.00  0.00
77.00  0.00
78.00  0.00
77.00  0.00