81.00  0.00
85.00  0.00
86.00  0.00
86.00  0.00
86.00  0.00
85.00  0.00
84.00  0.00
84.00  0.00
85.00  0.00
86.00  0.00
86.00  0.00
86.00  0.00
85.00  0.00
85.00  0.00
86.00  0.00
87.00  0.00
87.00  0.00
87.00  0.00
86.00  0.00
87.00  0.00
88.00  0.00
89.00  0.00
90.00  0.00
89.00  0.00
87.00  0.00
87.00  0.00
87.00  0.00
87.00  0.00
87.00  0.00
87.00  0.00
86.00  0.00
86.00  0.00
87.00  0.00
88.00  0.00
89.00  0.07
88.00  0.00
87.00  0.00
87.00  0.00
88.00  0.00
89.00  0.00
88.00  0.06
88.00  0.00
87.00  0.00
87.00  0.00
87.00  0.00
88.00  0.00
88.00  0.00
87.00  0.00
86.00  0.00
86.00  0.00
87.00  0.00
87.00  0.00
88.00  0.00
87.00  0.00
86.00  0.00
86.00  0.00
88.00  0.00
88.00  0.00
87.00  0.00
85.00  0.00
84.00  0.00
83.00  0.00
84.00  0.00
85.00  0.00
86.00  0.00
86.00  0.00
86.00  0.00
87.00  0.00
88.00  0.16
89.00  0.00
89.00  0.00
89.00  0.00
89.00  0.00
88.00  0.00
88.00  0.00
89.00  0.00
90.00  0.00
90.00  0.00
89.00  0.00
89.00  0.00
90.00  0.00
90.00  0.00
91.00  0.00
91.00  0.00
91.00  0.00
91.00  0.00
91.00  0.00
91.00  0.00
91.00  0.00
90.00  0.00
88.00  0.00
89.00  0.00
90.00  0.00
91.00  0.22
91.00  0.00
91.00  0.00
90.00  0.00
89.00  0.00
90.00  0.00
91.00  0.00
91.00  0.00
90.00  0.00
88.00  0.00
88.00  0.00
89.00  0.00
89.00  0.00
90.00  0.00
90.00  0.00
89.00  0.00
89.00  0.00
90.00  0.00
90.00  0.00
89.00  0.00
88.00  0.00
88.00  0.00
88.00  0.00
89.00  0.00
89.00  0.00
89.00  0.00
88.00  0.00