278.00  0.00
276.00  0.01
273.00  0.00
274.00  0.00
279.00  0.00
276.00  0.00
276.00  0.00
278.00  0.00
274.00  0.00
274.00  0.00
276.00  0.00
276.00  0.00
279.00  0.00
281.00  0.00
276.00  0.00
278.00  0.00
281.00  0.00
278.00  0.00
280.00  0.00
281.00  0.00
278.00  0.00
280.00  0.00
281.00  0.00
279.00  0.00
281.00  0.00
283.00  0.00
281.00  0.00
283.00  0.12
285.00  0.00
280.00  0.00
282.00  0.00
287.00  0.00
283.00  0.00
283.00  0.00
285.00  0.00
281.00  0.00
285.00  0.00
287.00  0.00
281.00  0.00
283.00  0.00
285.00  0.00
281.00  0.00
283.00  0.00
285.00  0.00
281.00  0.00
281.00  0.00
283.00  0.00
280.00  0.00
280.00  0.00
283.00  0.00
280.00  0.00
282.00  0.00
285.00  0.00
280.00  0.00
280.00  0.00
283.00  0.00
280.00  0.00
282.00  0.00
285.00  0.00
280.00  0.00
280.00  0.00
283.00  0.00
281.00  0.00
283.00  0.00
285.00  0.00
280.00  0.00
282.00  0.00
287.00  0.00
283.00  0.00
285.00  0.00
289.00  0.00
283.00  0.00
283.00  0.00
287.00  0.00
283.00  0.00
283.00  0.00
287.00  0.00
283.00  0.00
285.00  0.00
289.00  0.00
283.00  0.00
285.00  0.00
289.00  0.00
285.00  0.00
287.00  0.00
289.00  0.00
283.00  0.00
285.00  0.00
287.00  0.00
281.00  0.00
283.00  0.00
287.00  0.00
283.00  0.00
285.00  0.00
289.00  0.00
285.00  0.00
287.00  0.00
289.00  0.00
285.00  0.00
287.00  0.00
289.00  0.00
285.00  0.00
285.00  0.00
289.00  0.00
287.00  0.00
287.00  0.00
289.00  0.00
285.00  0.00
287.00  0.00
289.00  0.00
283.00  0.00
283.00  0.00
287.00  0.00
285.00  0.00
285.00  0.00
286.00  0.00
282.00  0.00
283.00  0.00
287.00  0.00
283.00  0.00