91.00  0.00
96.00  0.00
96.00  0.00
95.00  0.00
94.00  0.00
94.00  0.00
95.00  0.00
96.00  0.00
96.00  0.00
95.00  0.00
94.00  0.00
94.00  0.00
94.00  0.00
94.00  0.00
94.00  0.00
94.00  0.00
94.00  0.00
94.00  0.00
95.00  0.00
95.00  0.00
95.00  0.00
95.00  0.00
94.00  0.00
94.00  0.00
95.00  0.00
96.00  0.00
97.00  0.00
97.00  0.00
95.00  0.00
94.00  0.00
93.00  0.00
94.00  0.00
95.00  0.00
95.00  0.00
94.00  0.00
93.00  0.00
93.00  0.00
93.00  0.00
94.00  0.00
94.00  0.00
93.00  0.00
92.00  0.00
93.00  0.00
94.00  0.00
94.00  0.00
94.00  0.00
93.00  0.00
93.00  0.00
94.00  0.00
95.00  0.00
96.00  0.00
95.00  0.00
94.00  0.00
94.00  0.00
94.00  0.00
95.00  0.00
95.00  0.00
94.00  0.00
93.00  0.00
93.00  0.00
94.00  0.00
95.00  0.00
96.00  0.00
95.00  0.00
94.00  0.00
93.00  0.00
94.00  0.00
95.00  0.00
96.00  0.00
95.00  0.00
93.00  0.00
93.00  0.00
94.00  0.12
94.00  0.00
94.00  0.00
94.00  0.00
93.00  0.00
93.00  0.00
93.00  0.00
93.00  0.00
93.00  0.00
94.00  0.00
93.00  0.00
93.00  0.00
95.00  0.00
96.00  0.00
96.00  0.00
95.00  0.00
94.00  0.00
94.00  0.00
95.00  0.07
96.00  0.00
96.00  0.00
96.00  0.00
95.00  0.00
95.00  0.00
96.00  0.00
96.00  0.00
97.00  0.00
97.00  0.00
96.00  0.00
96.00  0.00
97.00  0.00
97.00  0.00
98.00  0.00
97.00  0.00
96.00  0.00
95.00  0.00
96.00  0.00
96.00  0.00
95.00  0.00
94.00  0.00
92.00  0.00
92.00  0.00
93.00  0.00
94.00  0.00
95.00  0.00
95.00  0.00
94.00  0.00
93.00  0.00