285.00  0.00
293.00  0.00
293.00  0.00
293.00  0.00
291.00  0.00
289.00  0.00
291.00  0.00
289.00  0.00
289.00  0.00
291.00  0.00
287.00  0.00
289.00  0.00
291.00  0.00
285.00  0.00
287.00  0.00
291.00  0.00
287.00  0.00
287.00  0.00
291.00  0.00
287.00  0.00
287.00  0.00
289.00  0.00
283.00  0.00
285.00  0.00
289.00  0.00
285.00  0.00
285.00  0.00
287.00  0.00
283.00  0.00
282.00  0.00
284.00  0.00
281.00  0.00
283.00  0.00
287.00  0.00
283.00  0.00
285.00  0.00
289.00  0.00
283.00  0.00
285.00  0.00
287.00  0.00
281.00  0.00
285.00  0.00
289.00  0.00
283.00  0.00
283.00  0.00
285.00  0.00
280.00  0.00
280.00  0.00
283.00  0.00
280.00  0.00
281.00  0.00
283.00  0.00
276.00  0.00
278.00  0.00
283.00  0.00
281.00  0.00
281.00  0.00
283.00  0.00
280.00  0.00
280.00  0.00
283.00  0.00
280.00  0.00
282.00  0.00
287.00  0.00
282.00  0.00
282.00  0.00
285.00  0.00
280.00  0.00
280.00  0.00
283.00  0.00
280.00  0.00
280.00  0.00
283.00  0.00
280.00  0.00
282.00  0.00
287.00  0.00
283.00  0.00
283.00  0.00
285.00  0.00
281.00  0.00
285.00  0.00
289.00  0.00
284.00  0.00
284.00  0.00
285.00  0.00
281.00  0.00
283.00  0.00
285.00  0.00
281.00  0.00
283.00  0.00
285.00  0.00
280.00  0.00
282.00  0.00
285.00  0.00
280.00  0.00
280.00  0.00
284.00  0.00
281.00  0.00
283.00  0.00
285.00  0.00
283.00  0.00
285.00  0.00
287.00  0.00
283.00  0.00
283.00  0.00
285.00  0.00
281.00  0.00
285.00  0.00
289.00  0.00
283.00  0.00
283.00  0.00
287.00  0.00
283.00  0.00
283.00  0.00
287.00  0.00
282.00  0.00
282.00  0.00
285.00  0.00
281.00  0.00
283.00  0.00