217.00  0.00
220.00  0.00
222.00  0.00
222.00  0.00
223.00  0.00
223.00  0.00
219.00  0.00
218.00  0.00
221.00  0.00
222.00  0.00
222.00  0.00
222.00  0.00
219.00  0.00
218.00  0.00
221.00  0.00
221.00  0.00
221.00  0.00
222.00  0.00
219.00  0.00
218.00  0.00
221.00  0.00
222.00  0.00
222.00  0.00
222.00  0.00
220.00  0.00
219.00  0.00
221.00  0.00
222.00  0.00
223.00  0.00
223.00  0.00
220.00  0.00
219.00  0.00
221.00  0.00
223.00  0.00
223.00  0.00
223.00  0.00
221.00  0.00
219.00  0.00
223.00  0.00
223.00  0.00
223.00  0.00
223.00  0.00
220.00  0.00
219.00  0.00
222.00  0.00
224.00  0.00
224.00  0.00
224.00  0.00
221.00  0.00
218.00  0.00
222.00  0.00
223.00  0.00
223.00  0.00
223.00  0.00
220.00  0.00
219.00  0.00
222.00  0.00
224.00  0.00
224.00  0.00
223.00  0.00
220.00  0.00
220.00  0.00
223.00  0.00
223.00  0.00
222.00  0.00
221.00  0.00
218.00  0.00
218.00  0.00
221.00  0.00
221.00  0.00
222.00  0.00
223.00  0.00
220.00  0.00
220.00  0.00
222.00  0.00
223.00  0.00
224.00  0.00
223.00  0.00
219.00  0.00
219.00  0.00
222.00  0.00
222.00  0.00
223.00  0.00
223.00  0.00
222.00  0.00
222.00  0.00
222.00  0.00
223.00  0.00
224.00  0.00
224.00  0.00
221.00  0.00
218.00  0.00
220.00  0.00
220.00  0.00
221.00  0.00
221.00  0.00
217.00  0.00
216.00  0.00
218.00  0.00
219.00  0.00
221.00  0.00
221.00  0.00
217.00  0.00
216.00  0.00
218.00  0.00
220.00  0.00
220.00  0.00
219.00  0.00
218.00  0.00
218.00  0.19
221.00  0.00
221.00  0.00
221.00  0.00
222.00  0.00
219.00  0.00
218.00  0.15
221.00  0.00
223.00  0.00
224.00  0.00
223.00  0.00