227.00  0.00
233.00  0.00
232.00  0.00
230.00  0.00
230.00  0.00
230.00  0.00
230.00  0.00
230.00  0.00
230.00  0.00
230.00  0.00
230.00  0.00
229.00  0.00
229.00  0.00
230.00  0.00
229.00  0.00
228.00  0.00
228.00  0.00
227.00  0.00
228.00  0.00
229.00  0.00
230.00  0.00
231.00  0.00
231.00  0.00
230.00  0.00
228.00  0.00
224.00  0.00
224.00  0.00
228.00  0.00
229.00  0.00
229.00  0.00
228.00  0.00
225.00  0.00
224.00  0.00
225.00  0.00
226.00  0.00
227.00  0.00
227.00  0.00
225.00  0.00
224.00  0.00
225.00  0.00
226.00  0.00
227.00  0.00
227.00  0.00
225.00  0.00
225.00  0.00
227.00  0.00
228.00  0.00
229.00  0.00
228.00  0.00
225.00  0.00
225.00  0.00
228.00  0.00
228.00  0.00
228.00  0.00
229.00  0.00
227.00  0.00
225.00  0.00
228.00  0.00
228.00  0.00
227.00  0.00
227.00  0.00
224.00  0.00
223.00  0.00
224.00  0.00
224.00  0.00
224.00  0.00
225.00  0.00
224.00  0.00
222.00  0.00
224.00  0.00
226.00  0.00
226.00  0.00
226.00  0.00
224.00  0.00
223.00  0.00
225.00  0.00
226.00  0.00
225.00  0.00
226.00  0.00
224.00  0.00
223.00  0.00
226.00  0.00
227.00  0.00
228.00  0.00
228.00  0.00
224.00  0.00
224.00  0.00
227.00  0.00
228.00  0.00
227.00  0.00
228.00  0.00
228.00  0.00
228.00  0.00
227.00  0.00
227.00  0.00
227.00  0.00
228.00  0.00
228.00  0.00
228.00  0.00
229.00  0.00
229.00  0.00
227.00  0.00
228.00  0.00
228.00  0.00
229.00  0.00
230.00  0.00
230.00  0.00
231.00  0.00
231.00  0.00
230.00  0.00
230.00  0.00
231.00  0.00
231.00  0.00
231.00  0.00
233.00  0.00
232.00  0.00
230.00  0.00
232.00  0.03
232.00  0.00
230.00  0.00