63.00  0.00
63.00  0.00
65.00  0.00
64.00  0.00
62.00  0.00
63.00  0.00
63.00  0.00
62.00  0.00
63.00  0.00
62.00  0.00
61.00  0.00
63.00  0.00
62.00  0.00
61.00  0.01
62.00  0.00
62.00  0.00
61.00  0.00
63.00  0.00
62.00  0.00
61.00  0.00
62.00  0.00
62.00  0.00
61.00  0.00
62.00  0.00
62.00  0.00
61.00  0.00
62.00  0.00
62.00  0.00
61.00  0.00
63.00  0.00
63.00  0.00
62.00  0.00
63.00  0.00
63.00  0.00
61.00  0.00
62.00  0.00
62.00  0.00
61.00  0.00
63.00  0.00
62.00  0.00
61.00  0.00
64.00  0.00
63.00  0.00
62.00  0.00
64.00  0.00
63.00  0.00
62.00  0.00
64.00  0.00
63.00  0.09
62.00  0.00
64.00  0.00
64.00  0.00
63.00  0.00
64.00  0.00
63.00  0.00
62.00  0.00
63.00  0.00
62.00  0.00
61.00  0.00
63.00  0.00
63.00  0.00
62.00  0.00
63.00  0.00
63.00  0.00
62.00  0.00
64.00  0.00
64.00  0.00
63.00  0.00
65.00  0.00
65.00  0.00
64.00  0.00
65.00  0.00
64.00  0.00
63.00  0.00
65.00  0.00
64.00  0.00
63.00  0.00
66.00  0.00
65.00  0.00
64.00  0.00
65.00  0.00
65.00  0.00
64.00  0.00
66.00  0.00
65.00  0.00
64.00  0.00
66.00  0.00
65.00  0.00
64.00  0.00
66.00  0.00
65.00  0.00
64.00  0.00
65.00  0.00
63.00  0.00
62.00  0.00
63.00  0.00
63.00  0.00
62.00  0.00
64.00  0.00
64.00  0.00
63.00  0.00
64.00  0.00
64.00  0.00
63.00  0.00
66.00  0.00
65.00  0.00
65.00  0.00
67.00  0.00
66.00  0.00
65.00  0.00
67.00  0.00
66.00  0.00
65.00  0.00
67.00  0.00
66.00  0.00
65.00  0.00
66.00  0.00
65.00  0.00
64.00  0.00
66.00  0.00