143.00  0.00
150.00  0.00
150.00  0.34
149.00  0.00
150.00  0.00
149.00  0.00
148.00  0.25
150.00  0.00
150.00  0.00
149.00  0.00
150.00  0.00
149.00  0.00
148.00  0.00
150.00  0.00
148.00  0.00
147.00  0.00
149.00  0.00
149.00  0.00
148.00  0.00
149.00  0.00
148.00  0.00
147.00  0.00
149.00  0.00
149.00  0.00
148.00  0.00
150.00  0.00
150.00  0.00
149.00  0.00
150.00  0.00
149.00  0.00
148.00  0.00
149.00  0.00
148.00  0.00
147.00  0.00
149.00  0.00
147.00  0.00
147.00  0.00
149.00  0.00
148.00  0.00
147.00  0.00
149.00  0.00
149.00  0.00
148.00  0.00
149.00  0.00
148.00  0.00
148.00  0.00
150.00  0.00
150.00  0.00
149.00  0.00
150.00  0.00
150.00  0.00
149.00  0.00
150.00  0.00
150.00  0.00
149.00  0.00
150.00  0.00
149.00  0.00
148.00  0.00
150.00  0.00
149.00  0.00
148.00  0.00
150.00  0.00
149.00  0.00
148.00  0.00
150.00  0.00
149.00  0.00
148.00  0.00
151.00  0.00
150.00  0.00
149.00  0.00
150.00  0.00
150.00  0.00
149.00  0.00
152.00  0.00
151.00  0.00
150.00  0.00
152.00  0.00
151.00  0.09
151.00  0.00
152.00  0.00
150.00  0.00
149.00  0.00
150.00  0.00
149.00  0.00
149.00  0.00
150.00  0.00
150.00  0.00
149.00  0.00
150.00  0.00
150.00  0.00
149.00  0.00
150.00  0.00
149.00  0.00
148.00  0.00
150.00  0.00
149.00  0.00
149.00  0.00
151.00  0.00
150.00  0.00
150.00  0.00
151.00  0.00
150.00  0.00
149.00  0.00
151.00  0.00
150.00  0.00
149.00  0.00
151.00  0.00
151.00  0.00
150.00  0.00
151.00  0.00
151.00  0.00
150.00  0.00
152.00  0.00
151.00  0.00
150.00  0.00
152.00  0.00
151.00  0.00
150.00  0.00
152.00  0.00
152.00  0.00