93.00  0.00
97.00  0.00
98.00  0.00
98.00  0.00
100.00  0.00
101.00  0.00
97.00  0.00
96.00  0.00
97.00  0.00
97.00  0.00
100.00  0.00
101.00  0.00
97.00  0.00
96.00  0.00
97.00  0.00
97.00  0.00
99.00  0.00
100.00  0.00
96.00  0.00
96.00  0.00
97.00  0.00
97.00  0.00
99.00  0.00
101.00  0.00
98.00  0.00
98.00  0.00
99.00  0.00
99.00  0.00
101.00  0.00
101.00  0.00
97.00  0.00
96.00  0.00
97.00  0.00
97.00  0.00
99.00  0.00
100.00  0.00
96.00  0.00
95.00  0.00
97.00  0.00
96.00  0.00
99.00  0.00
100.00  0.00
96.00  0.00
96.00  0.00
96.00  0.00
95.00  0.00
97.00  0.00
98.00  0.00
95.00  0.00
95.00  0.00
95.00  0.00
94.00  0.00
97.00  0.00
98.00  0.00
94.00  0.00
94.00  0.00
95.00  0.00
94.00  0.00
97.00  0.00
98.00  0.00
95.00  0.00
95.00  0.00
95.00  0.00
94.00  0.00
96.00  0.00
97.00  0.00
94.00  0.00
94.00  0.00
95.00  0.00
94.00  0.00
96.00  0.00
97.00  0.00
94.00  0.00
94.00  0.00
95.00  0.00
93.00  0.00
95.00  0.00
97.00  0.00
94.00  0.00
94.00  0.01
95.00  0.00
95.00  0.00
98.00  0.00
99.00  0.00
96.00  0.00
96.00  0.00
97.00  0.00
97.00  0.00
100.00  0.00
101.00  0.00
98.00  0.00
98.00  0.00
99.00  0.00
99.00  0.00
102.00  0.00
103.00  0.00
99.00  0.00
99.00  0.00
100.00  0.00
99.00  0.00
101.00  0.00
102.00  0.00
98.00  0.00
98.00  0.00
99.00  0.00
98.00  0.00
101.00  0.00
102.00  0.00
98.00  0.00
98.00  0.00
99.00  0.00
98.00  0.00
102.00  0.00
103.00  0.00
99.00  0.00
99.00  0.00
100.00  0.00
99.00  0.00
100.00  0.00
100.00  0.00