153.00  0.00
153.00  0.00
157.00  0.00
159.00  0.01
152.00  0.00
157.00  0.00
159.00  0.00
152.00  0.00
157.00  0.00
159.00  0.00
153.00  0.00
157.00  0.00
159.00  0.00
153.00  0.00
157.00  0.00
159.00  0.00
153.00  0.00
157.00  0.00
159.00  0.00
153.00  0.00
158.00  0.00
161.00  0.00
155.00  0.00
159.00  0.00
161.00  0.00
155.00  0.00
160.00  0.00
162.00  0.00
154.00  0.00
159.00  0.00
161.00  0.00
155.00  0.00
159.00  0.00
161.00  0.00
155.00  0.00
159.00  0.00
161.00  0.00
155.00  0.00
159.00  0.00
160.00  0.00
153.00  0.15
158.00  0.00
160.00  0.00
153.00  0.00
157.00  0.00
159.00  0.00
152.00  0.00
157.00  0.00
158.00  0.00
152.00  0.00
157.00  0.00
159.00  0.00
154.00  0.00
158.00  0.00
159.00  0.00
153.00  0.00
158.00  0.00
160.00  0.00
154.00  0.00
158.00  0.00
160.00  0.00
154.00  0.00
158.00  0.00
160.00  0.00
154.00  0.00
158.00  0.00
160.00  0.00
153.00  0.00
158.00  0.00
160.00  0.00
153.00  0.00
158.00  0.00
159.00  0.00
153.00  0.00
158.00  0.00
159.00  0.00
154.00  0.00
158.00  0.00
160.00  0.00
154.00  0.00
158.00  0.00
159.00  0.00
153.00  0.00
159.00  0.00
160.00  0.00
154.00  0.13
159.00  0.00
160.00  0.00
154.00  0.00
159.00  0.00
160.00  0.00
153.00  0.00
158.00  0.00
159.00  0.00
153.00  0.00
158.00  0.00
160.00  0.00
153.00  0.00
157.00  0.00
159.00  0.00
153.00  0.00
157.00  0.00
159.00  0.00
153.00  0.00
158.00  0.00
159.00  0.00
153.00  0.00
157.00  0.00
159.00  0.00
153.00  0.00
157.00  0.00
159.00  0.00
153.00  0.00
158.00  0.00
159.00  0.00
152.00  0.00
157.00  0.00
159.00  0.00
152.00  0.00
157.00  0.00