102.00  0.00
103.00  0.00
103.00  0.00
102.00  0.00
102.00  0.00
102.00  0.00
103.00  0.00
103.00  0.00
104.00  0.00
104.00  0.00
104.00  0.00
104.00  0.00
104.00  0.00
103.00  0.00
102.00  0.00
103.00  0.00
103.00  0.00
103.00  0.00
103.00  0.00
102.00  0.00
102.00  0.00
102.00  0.00
103.00  0.00
103.00  0.00
103.00  0.00
103.00  0.00
103.00  0.00
103.00  0.00
103.00  0.00
103.00  0.00
102.00  0.00
102.00  0.00
102.00  0.00
103.00  0.00
103.00  0.00
103.00  0.00
103.00  0.00
103.00  0.00
103.00  0.00
103.00  0.00
103.00  0.00
103.00  0.00
104.00  0.00
104.00  0.00
105.00  0.00
105.00  0.00
105.00  0.00
105.00  0.00
105.00  0.00
105.00  0.00
104.00  0.00
104.00  0.00
104.00  0.00
104.00  0.07
104.00  0.00
104.00  0.00
104.00  0.00
104.00  0.00
104.00  0.00
104.00  0.00
104.00  0.00
105.00  0.00
105.00  0.00
105.00  0.00
106.00  0.00
106.00  0.00
106.00  0.00
106.00  0.00
106.00  0.00
106.00  0.00
106.00  0.00
106.00  0.00
106.00  0.00
106.00  0.00
106.00  0.00
106.00  0.00
106.00  0.00
106.00  0.00
105.00  0.00
105.00  0.00
105.00  0.00
105.00  0.00
105.00  0.00
105.00  0.00
104.00  0.00
104.00  0.00
104.00  0.00
104.00  0.00
105.00  0.00
105.00  0.00
106.00  0.00
106.00  0.00
106.00  0.00
106.00  0.00
106.00  0.00
106.00  0.00
106.00  0.00
106.00  0.00
106.00  0.00
106.00  0.00
106.00  0.00
106.00  0.00
106.00  0.00
106.00  0.00
105.00  0.00
105.00  0.00
105.00  0.00
104.00  0.00
104.00  0.00
104.00  0.00
104.00  0.00
104.00  0.00
105.00  0.00
105.00  0.00
105.00  0.00
104.00  0.00
103.00  0.00
103.00  0.00
103.00  0.00
103.00  0.00