39.00  0.00
39.00  0.00
39.00  0.00
39.00  0.00
40.00  0.00
39.00  0.00
39.00  0.00
39.00  0.00
38.00  0.00
39.00  0.00
40.00  0.00
40.00  0.00
40.00  0.00
40.00  0.00
39.00  0.00
39.00  0.00
39.00  0.00
39.00  0.00
39.00  0.00
39.00  0.00
39.00  0.00
38.00  0.00
38.00  0.00
39.00  0.00
39.00  0.00
39.00  0.00
39.00  0.00
39.00  0.00
38.00  0.00
38.00  0.00
39.00  0.00
40.00  0.00
39.00  0.00
39.00  0.00
38.00  0.00
37.00  0.00
37.00  0.00
37.00  0.00
37.00  0.00
37.00  0.00
37.00  0.00
38.00  0.00
38.00  0.00
39.00  0.00
38.00  0.00
38.00  0.00
39.00  0.00
40.00  0.00
40.00  0.00
39.00  0.00
38.00  0.00
38.00  0.00
38.00  0.00
38.00  0.00
38.00  0.00
38.00  0.00
39.00  0.00
40.00  0.00
39.00  0.00
39.00  0.00
39.00  0.00
39.00  0.00
38.00  0.00
39.00  0.00
40.00  0.00
40.00  0.00
40.00  0.00
40.00  0.00
40.00  0.00
39.00  0.00
39.00  0.00
39.00  0.00
39.00  0.00
39.00  0.00
39.00  0.00
40.00  0.00
40.00  0.00
40.00  0.00
39.00  0.00
39.00  0.00
39.00  0.00
39.00  0.00
39.00  0.00
39.00  0.00
38.00  0.00
39.00  0.00
40.00  0.00
39.00  0.00
39.00  0.00
39.00  0.00
38.00  0.00
38.00  0.00
39.00  0.00
40.00  0.00
41.00  0.00
41.00  0.00
41.00  0.00
40.00  0.00
41.00  0.00
41.00  0.00
41.00  0.00
42.00  0.00
43.00  0.00
43.00  0.00
42.00  0.00
42.00  0.00
40.00  0.00
39.00  0.00
39.00  0.00
39.00  0.00
39.00  0.00
39.00  0.00
39.00  0.00
39.00  0.00
39.00  0.00
39.00  0.00
40.00  0.00
40.00  0.00
40.00  0.00
41.00  0.00
41.00  0.00
41.00  0.00
41.00  0.00
41.00  0.00
41.00  0.00
42.00  0.00
41.00  0.00
41.00  0.00
41.00  0.00
39.00  0.00
38.00  0.00
39.00  0.00
39.00  0.00
38.00  0.00
38.00  0.00
39.00  0.00
39.00  0.00
39.00  0.00
37.00  0.00
37.00  0.00
39.00  0.00
41.00  0.00
42.00  0.00
41.00  0.00
41.00  0.00
41.00  0.00
42.00  0.00
42.00  0.00
43.00  0.00
42.00  0.00
40.00  0.00
39.00  0.12
40.00  0.00
40.00  0.00
38.00  0.00
38.00  0.00
39.00  0.00
40.00  0.00
41.00  0.00
41.00  0.00
41.00  0.00
40.00  0.00
40.00  0.00
40.00  0.00
40.00  0.00
40.00  0.00
39.00  0.00
39.00  0.00
39.00  0.00
40.00  0.00
40.00  0.00
40.00  0.00
41.00  0.00
41.00  0.00
40.00  0.00
40.00  0.00
40.00  0.13
40.00  0.00
41.00  0.00
41.00  0.00
41.00  0.00
41.00  0.00
40.00  0.00
40.00  0.00
41.00  0.00
41.00  0.00
41.00  0.00
40.00  0.00
39.00  0.00
39.00  0.00
39.00  0.00
38.00  0.00
39.00  0.00
39.00  0.00
39.00  0.00
39.00  0.00
40.00  0.00
41.00  0.00
40.00  0.00
39.00  0.00
40.00  0.00
40.00  0.00
40.00  0.00
40.00  0.00
40.00  0.00
40.00  0.00
40.00  0.00
40.00  0.00
39.00  0.00
39.00  0.00
39.00  0.00
40.00  0.00
40.00  0.00
39.00  0.00
39.00  0.00
39.00  0.00
39.00  0.00
39.00  0.00
39.00  0.00
39.00  0.00
39.00  0.00
38.00  0.00
38.00  0.00
38.00  0.00
38.00  0.00
38.00  0.00
38.00  0.00
39.00  0.00
39.00  0.00
39.00  0.00
37.00  0.00
38.00  0.00
39.00  0.00
39.00  0.00
39.00  0.00
39.00  0.00
39.00  0.00
38.00  0.00
38.00  0.00
39.00  0.00