       2.96           
       2.92           
       2.94           
       2.91           
       2.75           
       2.85           
       2.87           
       2.89           
       2.98           
       2.95           
       2.96           
       2.95           
       2.96           
       2.95           
       2.96           
       2.91           
       2.89           
       2.79           
       2.84           
       2.81           
       2.92           
       2.92           
       3.03           
       2.94           
       3.00           
       2.97           
       2.91           
       3.02           
       2.99           
       2.94           
       2.91           
       2.93           
       2.95           
       2.94           
       2.92           
       2.92           
       2.86           
       2.86           
       2.93           
       2.91           
       2.83           
       2.98           
       2.88           
       2.89           
       2.91           
       2.95           
       2.85           
       2.99           
       2.99           
       3.04           
       2.95           
       2.99           
       2.86           
       2.96           
       2.98           
       2.97           
       2.90           
       3.05           
       2.96           
       2.86           
       2.82           
       2.83           
       2.95           
       2.94           
       2.93           
       2.92           
       2.95           
       2.96           
       3.08           
       2.99           
       2.93           
       2.83           
       2.72           
       2.60           
       2.67           
       2.84           
       2.56           
       2.83           
       2.75           
       2.94           
       2.85           
       2.98           
       2.93           
       2.94           
       2.99           
       2.91           
       2.95           
       2.99           
       2.93           
       2.96           
       2.95           
       2.99           
       2.91           
       2.96           
       2.93           
       2.91           
       2.83           
       2.69           
       2.95           
       2.82           
       2.94           
       2.97           
       2.93           
       2.97           
       2.98           
       2.87           
       2.91           
       2.95           
       2.80           
       2.95           
       2.96           
       2.97           
       2.94           
       2.95           
       2.96           
       2.94           
       2.93           
       3.00           
       2.96           
       2.97           
       3.00           
       2.97           
       2.96           
       2.91           
       2.98           
       3.00           
       2.95           
       2.94           
       2.81           
       2.92           
       2.88           
       2.82           
       2.90           
       2.94           
       2.95           
       2.99           
       2.82           
       2.77           
       2.94           
       2.96           
       2.93           
       2.95           
       3.02           
       2.98           
       2.95           
       3.00           
       2.92           
       2.93           
       2.87           
       2.94           
       2.97           
       2.98           
       2.97           
       2.95           
       3.00           
       3.02           
       2.94           
       2.95           
       2.94           
       2.95           
       2.91           
       2.97           
       2.98           
       2.99           
       2.97           
       2.97           
       3.05           
       2.93           
       2.95           
       3.01           
       2.88           
       2.93           
       2.90           
       2.99           
       2.97           
       3.00           
       2.97           
       2.97           
       2.92           
       2.92           
       2.92           
       2.79           
       2.78           
       2.81           
       2.91           
       2.82           
       2.77           
       2.90           
       3.00           
       2.96           
       2.96           
       2.98           
       2.95           
       2.93           
       3.00           
       3.04           
       2.94           
       2.94           
       2.90           
       2.97           
       2.87           
       2.88           
       3.00           
       2.98           
       2.96           
       2.93           
       2.95           
       2.98           
       2.96           
       2.97           
       2.96           
       2.99           
       2.98           
       2.92           
       2.96           
       2.93           
       2.92           
       2.96           
       2.95           
       3.00           
       3.00           
       3.06           
       3.04           
       2.98           
       2.98           
       2.94           
       2.99           
       2.98           
       3.01           
       2.97           
       2.92           
       3.01           
       2.96           
       2.96           
       2.85           
       2.92           
       2.95           
       2.94           
       2.93           
       2.83           
       2.91           
       2.96           
       2.94           
       3.00           
       2.95           
       3.00           
       2.98           
       3.00           
       2.87           
       2.92           
       2.77           
       2.75           
       2.90           
       2.94           
       2.97           
       2.94           
       2.89           
       2.99           
       2.97           
       2.99           
       2.94           
       2.99           
       2.82           
       2.79           
       2.93           
       2.87           
       2.87           
       2.96           
       2.96           
       3.00           
       2.88           
       2.99           
       3.00           
       3.02           
       2.98           
       2.99           
       2.97           
       3.03           
       3.00           
       2.98           
       2.98           
       2.98           
       2.95           
       2.96           
       3.06           
       3.01           
       3.08           
       3.05           
       3.01           
       2.97           
       2.95           
       2.96           
       2.98           
       2.97           
       2.97           
       3.00           
       2.96           
       3.02           
       2.96           
       3.03           
       3.04           
       3.00           
       3.00           
       3.02           
       2.98           
       3.00           
       3.07           
       3.01           
       2.98           
       3.01           
       2.99           
       2.96           
       2.97           
       2.97           
       2.98           
       2.99           
       3.01           
       3.00           
       2.99           
       3.04           
       2.95           
       3.00           
       3.06           
       3.03           
       2.96           
       2.98           
       2.98           
       2.99           
       2.93           
       2.97           
       2.97           
       2.97           
       3.00           
       2.97           
       2.99           
       2.94           
       2.83           
       2.76           
       2.39           
       2.44           
       2.57           
       2.52           
       2.44           
       2.79           
       2.94           
       2.83           
       2.96           
       2.82           
       2.94           
       2.94           
       3.02           
       2.97           
       2.91           
       2.95           
       3.00           
       3.05           
       3.00           
       3.01           
       2.97           
       2.91           
       2.97           
       2.92           
       2.95           
       2.97           
       2.97           
       2.97           
       2.95           
       3.00           
       2.98           
       2.86           
       2.95           
       3.01           
       2.98           
       3.00           
       2.93           
       2.97           
       2.93           
       2.95           
       3.06           
       3.06           
       2.97           
       2.93           
       2.93           
       3.03           
       3.05           
       3.08           
       3.05           
       3.02           
       2.98           
       3.04           
       3.01           
       3.05           
       3.01           
       2.94           
       3.03           
       3.01           
       2.99           
       2.99           
       2.99           
       2.99           
       2.99           
       2.98           
       3.00           
       2.99           
       2.97           
       2.98           
       3.01           
       3.05           
       3.04           
       3.00           
       3.01           
       3.01           
       3.00           
       3.00           
       2.97           
       3.03           
       3.02           
       2.98           
       2.96           
       3.01           
       2.98           
       3.00           
       2.99           
       2.91           
       2.99           
       2.98           
       2.96           
       3.00           
       3.00           
       2.98           
       2.99           
       2.99           
       3.00           
       2.96           
       2.99           
       3.04           
       3.03           
       3.02           
       3.01           
       2.97           
       2.96           
       3.04           
       3.04           
       3.07           
       3.00           
       2.99           
       2.98           
       3.00           
       3.00           
       3.00           
       3.01           
       2.99           
       3.00           
       2.98           
       3.02           
       3.00           
       3.01           
       3.06           
       3.09           
       3.05           
       3.01           
       2.98           
       3.02           
       3.04           
       3.01           
       3.04           
       2.94           
       3.01           
       2.91           
       3.00           
       2.99           
       3.02           
       2.93           
       2.93           
       2.94           
       2.98           
       3.00           
       3.02           
       3.00           
       2.99           
       2.82           
       2.96           
       3.02           
       2.99           
       3.07           
       3.03           
       2.98           
       2.99           
       3.02           
       3.01           
       3.01           
       3.00           
       3.00           
       2.98           
       2.97           
       3.00           
       3.04           
       3.08           
       3.05           
       3.03           
       3.02           
       3.01           
       3.04           
       3.00           
       3.02           
       3.00           
       3.04           
       3.05           
       3.02           
       3.02           
       3.06           
       3.04           
       3.04           
       3.08           
       3.04           
       3.05           
       3.03           
       3.06           
       3.04           
       3.02           
       3.05           
       3.06           
       2.99           
       2.92           
       2.93           
       2.99           
       3.01           
       3.04           
       3.08           
       3.07           
       2.96           
       3.00           
       3.07           
       3.05           
       3.06           
       3.04           
       3.05           
       3.04           
       3.06           
       3.05           
       3.00           
       3.09           
       3.05           
       3.10           
       3.05           
       3.02           
       3.01           
       3.09           
       3.06           
       3.01           
       3.04           
       3.05           
       3.07           
       3.06           
       2.99           
       3.03           
       3.03           
       3.05           
       3.04           
       3.08           
       3.05           
       3.02           
       3.03           
       3.03           
       3.00           
       3.00           
       3.00           
       3.04           
       2.97           
       2.98           
       3.06           
       2.97           
       3.05           
       2.99           
       2.98           
       3.05           
       2.98           
       2.97           
       2.95           
       2.94           
       3.11           
       3.09           
       3.01           
       3.02           
       3.03           
       2.96           
       2.94           
       3.04           
       2.99           
       3.03           
       3.01           
       3.03           
       3.05           
       3.06           
       3.04           
       3.02           
       2.94           
       3.00           
       2.89           
       3.05           
       3.02           
       3.00           
       2.97           
       3.02           
       2.97           
       3.03           
       3.13           
       3.04           
       3.07           
       3.10           
       3.02           
       3.03           
       3.03           
       3.00           
       3.05           
       3.00           
       2.96           
       3.01           
       2.98           
       3.03           
       3.06           
       3.04           
       3.01           
       3.00           
       3.04           
       3.04           
       3.07           
       3.03           
       3.00           
       3.00           
       3.03           
       3.05           
       3.05           
       3.06           
       3.05           
       3.01           
       3.09           
       3.15           
       3.11           
       3.17           
       3.07           
       3.13           
       3.13           
       3.06           
       3.04           
       3.01           
       2.97           
       3.05           
       3.04           
       2.99           
       3.11           
       3.06           
       3.10           
       3.10           
       3.05           
       2.97           
       3.01           
       3.01           
       3.02           
       3.05           
       3.06           
       3.03           
       2.98           
       3.01           
       3.03           
       3.03           
       3.08           
       3.07           
       3.04           
       3.02           
       3.02           
       3.01           
       3.04           
       3.08           
       3.06           
       3.07           
       3.01           
       3.00           
       3.05           
       3.04           
       3.07           
       3.11           
       3.03           
       3.00           
       3.05           
       2.97           
       2.97           
       3.03           
       3.04           
       3.02           
       3.05           
       3.04           
       3.02           
       3.02           
       3.03           
       3.05           
       3.09           
       3.05           
       3.04           
       3.03           
       2.99           
       2.99           
       2.99           
       3.04           
       3.02           
       3.07           
       3.08           
       3.00           
       2.97           
       3.08           
       3.02           
       2.96           
       3.07           
       3.07           
       3.08           
       3.13           
       3.13           
       3.12           
       3.04           
       3.02           
       2.95           
       3.02           
       3.00           
       3.07           
       3.08           
       3.07           
       3.10           
       3.06           
       3.06           
       3.16           
       3.13           
       3.15           
       3.11           
       3.04           
       3.13           
       3.07           
       3.09           
       3.08           
       3.02           
       3.00           
       3.01           
       3.04           
       2.96           
       3.00           
       3.01           
       3.02           
       3.08           
       3.04           
       3.00           
       3.01           
       2.95           
       3.05           
       3.04           
       3.07           
       3.04           
       3.08           
       3.03           
       3.06           
       3.02           
       3.03           
       3.00           
       3.06           
       3.05           
       3.00           
       3.02           
       3.00           
       3.06           
       3.04           
       3.03           
       3.04           
       3.03           
       3.02           
       2.98           
       3.08           
       3.06           
       3.07           
       3.03           
       3.04           
       3.07           
       3.06           
       3.02           
       3.04           
       3.05           
       3.07           
       3.06           
       3.06           
       3.07           
       3.02           
       3.01           
       3.04           
       3.07           
       3.09           
       3.12           
       3.10           
       3.09           
       3.03           
       3.04           
       3.13           
       3.02           
       3.04           
       3.01           
       3.03           
       3.04           
       3.09           
       3.08           
       3.06           
       3.06           
       3.09           
       3.10           
       3.03           
       2.96           
       3.03           
       3.03           
       3.00           
       3.01           
       3.11           
       3.06           
       3.00           
       3.00           
       2.99           
       3.00           
       3.05           
       2.98           
       3.05           
       3.08           
       3.04           
       3.00           
       3.05           
       3.05           
       3.01           
       3.02           
       3.06           
       3.01           
       2.99           
       3.09           
       3.04           
       3.06           
       3.05           
       3.10           
       3.13           
       3.08           
       3.07           
       3.08           
       3.09           
       3.07           
       3.13           
       3.11           
       3.15           
       3.17           
       3.14           
       3.14           
       3.11           
       3.12           
       3.12           
       3.02           
       3.08           
       3.11           
       3.09           
       3.04           
       3.05           
       3.08           
       3.08           
       3.12           
       3.08           
       3.09           
       3.08           
       3.08           
       3.09           
       3.14           
       3.06           
       3.07           
       3.11           
       3.09           
       3.11           
       3.15           
       3.14           
       3.07           
       3.09           
       3.05           
       3.07           
       3.08           
       3.13           
       3.10           
       3.11           
       3.09           
       3.03           
       3.10           
       3.09           
       3.09           
       3.05           
       3.09           
       3.06           
       3.05           
       3.07           
       3.13           
       3.07           
       3.04           
       3.11           
       3.08           
       3.10           
       3.11           
       3.11           
       3.03           
       3.10           
       3.05           
       3.09           
       3.07           
       3.09           
       3.03           
       3.03           
       3.07           
       3.06           
       3.05           
       3.07           
       3.06           
       3.08           
       3.05           
       3.08           
       3.05           
       3.07           
       3.04           
       3.09           
       3.05           
       3.08           
       3.04           
       3.07           
       3.09           
       3.03           
       3.04           
       3.02           
       3.04           
       3.08           
       3.07           
       3.17           
       3.08           
       3.05           
       3.14           
       3.13           
       3.13           
       3.11           
       3.11           
       3.06           
       3.11           
       3.12           
       3.15           
       3.10           
       3.14           
       3.10           
       3.07           
       3.07           
       3.09           
       3.09           
       3.12           
       3.12           
       3.12           
       3.08           
       3.06           
       3.14           
       3.10           
       3.05           
       3.10           
       3.05           
       3.08           
       3.08           
       3.05           
       3.08           
       3.09           
       3.10           
       3.04           
       3.08           
       3.11           
       3.13           
       3.12           
       3.09           
       3.11           
       3.07           
       3.09           
       3.12           
       3.08           
       3.16           
       3.08           
       3.06           
       3.05           
       3.05           
       3.09           
       3.07           
       3.09           
       3.10           
       3.08           
       3.11           
       3.05           
       3.12           
       3.10           
       3.18           
       3.13           
       3.10           
       3.15           
       3.11           
       3.10           
       3.14           
       3.11           
       3.13           
       3.11           
       3.11           
       3.06           
       3.03           
       3.09           
       3.04           
       3.07           
       3.06           
       3.03           
       3.12           
       3.07           
       3.17           
       3.04           
       3.04           
       3.07           
       3.08           
       3.12           
       3.16           
       3.16           
       3.09           
       3.11           
       3.11           
       3.10           
       3.12           
       3.12           
       3.12           
       3.10           
       3.12           
       3.11           
       3.16           
       3.12           
       3.13           
       3.16           
       3.18           
       3.21           
       3.16           
       3.17           
       3.23           
       3.15           
       3.16           
       3.10           
       3.14           
       3.13           
       3.16           
       3.17           
       3.17           
       3.17           
       3.14           
       3.16           
       3.10           
       3.05           
       3.15           
       3.09           
       3.12           
       3.14           
       3.28           
       3.12           
       3.14           
       3.09           
       3.16           
       3.15           
       3.16           
       3.16           
       3.08           
       3.17           
       3.14           
       3.12           
       3.17           
       3.15           
       3.06           
       3.16           
       3.09           
       3.15           
       3.16           
       3.19           
       3.19           
       3.10           
       3.13           
       3.10           
       3.11           
       3.12           
       3.12           
       3.10           
       3.16           
       3.13           
       3.09           
       3.12           
       3.11           
       3.13           
       3.13           
       3.13           
       3.12           
       3.06           
       3.03           
       3.10           
       3.16           
       3.13           
       3.10           
       3.15           
       3.12           
       3.13           
       3.19           
       3.18           
       3.16           
       3.10           
       3.15           
       3.14           
       3.09           
       3.13           
       3.06           
       3.14           
       3.19           
       3.15           
       3.21           
       3.19           
       3.11           
       3.16           
       3.11           
       3.03           
       3.12           
       3.09           
       3.12           
       3.15           
       3.14           
       3.14           
       3.08           
       3.13           
       3.12           
       3.13           
       3.09           
       3.14           
       3.13           
       3.07           
       3.12           
       3.10           
       3.14           
       3.15           
       3.15           
       3.15           
       3.31           
       3.18           
       3.21           
       3.14           
       3.18           
       3.13           
       3.19           
       3.15           
       3.09           
       3.11           
       3.14           
       3.18           
       3.25           
       3.14           
       3.13           
       3.14           
       3.06           
       3.10           
       3.06           
       3.07           
       3.13           
       3.19           
       3.13           
       3.07           
       3.09           
       3.14           
       3.10           
       3.01           
       3.05           
       3.09           
       3.09           
       3.12           
       3.07           
       3.09           
       3.09           
       3.10           
       3.10           
       3.10           
       3.07           
       3.08           
       3.07           
       3.13           
       3.10           
       3.08           
       3.13           
       3.11           
       3.12           
       3.14           
       3.14           
       3.15           
       3.16           
       3.15           
       3.17           
       3.18           
       3.18           
       3.16           
       3.13           
       3.14           
       3.15           
       3.12           
       3.10           
       3.08           
       3.11           
       3.06           
       3.11           
       3.08           
       3.11           
       3.14           
       3.10           
       3.18           
       3.09           
       3.12           
       3.10           
       3.12           
       3.16           
       3.15           
       3.23           
       3.24           
       3.21           
       3.13           
       3.13           
       3.19           
       3.14           
       3.16           
       3.14           
       3.11           
       3.12           
       3.08           
       3.11           
       3.14           
       3.07           
       3.07           
       3.09           
       3.16           
       3.07           
       3.06           
       3.10           
       3.13           
       3.14           
       3.11           
       3.07           
       3.14           
       3.09           
       3.12           
       3.13           
       3.09           
       3.14           
       3.16           
       3.18           
       3.22           
       3.16           
       3.20           
       3.18           
       3.28           
       3.21           
       3.25           
       3.28           
       3.18           
       3.24           
       3.23           
       3.24           
       3.17           
       3.22           
       3.14           
       3.13           
       3.21           
       3.15           
       3.16           
       3.20           
       3.08           
       3.14           
       3.09           
       3.12           
       3.21           
       3.15           
       3.13           
       3.12           
       3.22           
       3.15           
       3.12           
       3.12           
       3.13           
       3.14           
       3.09           
       3.15           
       3.16           
       3.10           
       3.08           
       3.14           
       3.09           
       3.16           
       3.05           
       3.07           
       3.07           
       3.12           
       3.09           
       3.14           
       3.17           
       3.14           
       3.12           
       3.12           
       3.13           
       3.11           
       3.18           
       3.12           
       3.09           
       3.04           
       3.07           
       3.12           
       3.09           
       3.11           
       3.07           
       3.06           
       3.03           
       3.11           
       3.05           
       3.13           
       3.13           
       3.11           
       3.10           
       3.08           
       3.12           
       3.10           
       3.08           
       3.16           
       3.16           
       3.16           
       3.20           
       3.10           
       3.10           
       3.18           
       3.09           
       3.06           
       3.06           
       3.13           
       3.13           
       3.15           
       3.11           
       3.17           
       3.23           
       3.12           
       3.14           
       3.15           
       3.18           
       3.15           
       3.19           
       3.11           
       3.12           
       3.11           
       3.11           
       3.09           
       3.14           
       3.12           
       3.19           
       3.10           
       3.17           
       3.17           
       3.23           
       3.12           
       3.13           
       3.12           
       3.13           
       3.19           
       3.10           
       3.12           
       3.17           
       3.16           
       3.17           
       3.21           
       3.23           
       3.09           
       3.10           
       3.15           
       3.07           
       3.10           
       2.99           
       3.15           
       3.09           
       3.10           
       3.13           
       3.16           
       3.12           
       3.15           
       3.15           
       3.16           
       3.17           
       3.21           
       3.18           
       3.14           
       3.13           
       3.16           
       3.10           
       3.16           
       3.15           
       3.05           
       3.19           
       3.17           
       3.12           
       3.11           
       3.17           
       3.08           
       3.10           
       3.07           
       3.08           
       3.13           
       3.13           
       3.13           
       3.13           
       3.10           
       3.16           
       3.01           
       3.11           
       3.08           
       3.08           
       3.00           
       3.08           
       3.10           
       3.09           
       3.10           
       3.17           
       3.15           
       3.13           
       3.17           
       3.16           
       3.08           
       3.08           
       3.11           
       3.18           
       3.09           
       3.03           
       3.12           
       3.14           
       3.14           
       3.16           
       3.17           
       3.09           
       3.16           
       3.16           
       3.13           
       3.08           
       3.16           
       3.19           
       3.19           
       3.18           
       3.16           
       3.15           
       3.16           
       3.19           
       3.18           
       3.19           
       3.15           
       3.20           
       3.18           
       3.18           
       3.22           
       3.30           
       3.19           
       3.19           
       3.29           
       3.26           
       3.15           
       3.20           
       3.18           
       3.16           
       3.13           
       3.17           
       3.17           
       3.17           
       3.18           
       3.18           
       3.14           
       3.11           
       3.11           
       3.13           
       3.15           
       3.14           
       3.12           
       3.20           
       3.14           
       3.17           
       3.15           
       3.22           
       3.24           
       3.18           
       3.21           
       3.21           
       3.17           
       3.15           
       3.19           
       3.12           
       3.10           
       3.19           
       3.15           
       3.25           
       3.19           
       3.19           
       3.20           
       3.15           
       3.15           
       3.19           
       3.19           
       3.18           
       3.19           
       3.21           
       3.17           
       3.17           
       3.18           
       3.20           
       3.16           
       3.15           
       3.14           
       3.18           
       3.17           
       3.11           
       3.15           
       3.16           
       3.17           
       3.15           
       3.14           
       3.16           
       3.18           
       3.15           
       3.16           
       3.12           
       3.17           
       3.17           
       3.18           
       3.12           
       3.15           
       3.13           
       3.19           
       3.14           
       3.22           
       3.17           
       3.15           
       3.15           
       3.10           
       3.10           
       3.17           
       3.15           
       3.24           
       3.17           
       3.17           
       3.10           
       3.17           
       3.20           
       3.17           
       3.17           
       3.13           
       3.11           
       3.08           
       3.11           
       3.16           
       3.17           
       3.11           
       3.11           
       3.12           
       3.17           
       3.18           
       3.13           
       3.12           
       3.10           
       3.15           
       3.21           
       3.13           
       3.12           
       3.11           
       3.11           
       3.13           
       3.14           
       3.15           
       3.21           
       3.15           
       3.12           
       3.21           
       3.18           
       3.17           
       3.17           
       3.20           
       3.15           
       3.16           
       3.17           
       3.22           
       3.17           
       3.21           
       3.14           
       3.16           
       3.15           
       3.21           
       3.20           
       3.22           
       3.17           
       3.16           
       3.18           
       3.13           
       3.13           
       3.03           
       3.14           
       3.15           
       3.10           
       3.06           
       3.08           
       3.20           
       3.16           
       3.13           
       3.20           
       3.22           
       3.18           
       3.19           
       3.20           
       3.17           
       3.14           
       3.23           
       3.17           
       3.23           
       3.22           
       3.27           
       3.21           
       3.16           
       3.19           
       3.18           
       3.11           
       3.15           
       3.15           
       3.19           
       3.17           
       3.14           
       3.15           
       3.15           
       3.15           
       3.11           
       3.16           
       3.14           
       3.16           
       3.14           
       3.13           
       3.14           
       3.19           
       3.17           
       3.17           
       3.18           
       3.17           
       3.17           
       3.15           
       3.18           
       3.14           
       3.17           
       3.19           
       3.17           
       3.10           
       3.17           
       3.22           
       3.15           
       3.12           
       3.14           
       3.18           
       3.22           
       3.19           
       3.12           
       3.18           
       3.14           
       3.14           
       3.15           
       3.16           
       3.17           
       3.16           
       3.14           
       3.13           
       3.13           
       3.14           
       3.16           
       3.12           
       3.12           
       3.16           
       3.17           
       3.21           
       3.15           
       3.18           
       3.20           
       3.08           
       3.19           
       3.16           
       3.18           
       3.17           
       3.16           
       3.16           
       3.18           
       3.19           
       3.15           
       3.18           
       3.14           
       3.20           
       3.13           
       3.21           
       3.22           
       3.18           
       3.08           
       3.12           
       3.19           
       3.20           
       3.33           
       3.24           
       3.24           
       3.25           
       3.20           
       3.11           
       3.22           
       3.24           
       3.22           
       3.16           
       3.21           
       3.18           
       3.22           
       3.15           
       3.14           
       3.19           
       3.15           
       3.15           
       3.18           
       3.20           
       3.18           
       3.15           
       3.24           
       3.22           
       3.13           
       3.18           
       3.27           
       3.25           
       3.21           
       3.23           
       3.18           
       3.22           
       3.26           
       3.24           
       3.18           
       3.18           
       3.19           
       3.16           
       3.11           
       3.12           
       3.20           
       3.26           
       3.19           
       3.20           
       3.20           
       3.20           
       3.12           
       3.08           
       3.16           
       3.17           
       3.17           
       3.18           
       3.19           
       3.15           
       3.10           
       3.09           
       3.17           
       3.17           
       3.26           
       3.25           
       3.26           
       3.22           
       3.21           
       3.19           
       3.21           
       3.17           
       3.17           
       3.20           
       3.19           
       3.18           
       3.17           
       3.18           
       3.24           
       3.21           
       3.20           
       3.20           
       3.13           
       3.18           
       3.21           
       3.26           
       3.19           
       3.19           
       3.19           
       3.19           
       3.19           
       3.20           
       3.15           
       3.17           
       3.18           
       3.17           
       3.19           
       3.17           
       3.19           
       3.19           
       3.22           
       3.19           
       3.17           
       3.21           
       3.20           
       3.19           
       3.19           
       3.18           
       3.21           
       3.24           
       3.20           
       3.30           
       3.21           
       3.22           
       3.25           
       3.26           
       3.20           
       3.20           
       3.27           
       3.28           
       3.23           
       3.27           
       3.26           
       3.30           
       3.31           
       3.31           
       3.31           
       3.33           
       3.25           
       3.26           
       3.19           
       3.18           
       3.22           
       3.27           
       3.26           
       3.30           
       3.25           
       3.23           
       3.20           
       3.22           
       3.23           
       3.21           
       3.16           
       3.18           
       3.18           
       3.14           
       3.20           
       3.22           
       3.24           
       3.20           
       3.23           
       3.25           
       3.21           
       3.18           
       3.22           
       3.21           
       3.23           
       3.25           
       3.20           
       3.20           
       3.24           
       3.25           
       3.23           
       3.19           
       3.25           
       3.28           
       3.23           
       3.28           
       3.27           
       3.22           
       3.25           
       3.32           
       3.25           
       3.23           
       3.24           
       3.31           
       3.18           
       3.22           
       3.23           
       3.26           
       3.27           
       3.30           
       3.24           
       3.33           
