380.00  0.00
401.00  0.00
329.00  0.00
351.00  0.00
390.00  0.00
316.00  0.00
267.00  0.00
309.00  0.00
313.00  0.00
268.00  0.00
314.00  0.00
319.00  0.00
270.00  0.00
313.00  0.00
318.00  0.00
270.00  0.00
313.00  0.00
317.00  0.00
267.00  0.00
308.00  0.00
313.00  0.00
266.00  0.00
340.00  0.00
388.00  0.00
314.00  0.00
267.00  0.00
311.00  0.00
317.00  0.00
269.00  0.00
313.00  0.00
316.00  0.00
267.00  0.00
341.00  0.00
390.00  0.00
339.00  0.00
298.00  0.00
349.00  0.01
397.00  0.00
327.00  0.00
354.00  0.00
401.00  0.00
327.00  0.00
301.00  0.00
325.00  0.00
303.00  0.00
354.00  0.00
405.00  0.00
334.00  0.00
357.00  0.00
405.00  0.00
330.00  0.00
349.00  0.00
397.00  0.00
323.00  0.00
266.00  0.00
336.00  0.00
377.00  0.00
355.00  0.00
318.00  0.00
274.00  0.00
269.00  0.00
339.00  0.00
384.00  0.00
355.00  0.00
311.00  0.00
267.00  0.00
265.00  0.00
335.00  0.00
367.00  0.00
345.00  0.00
316.00  0.00
270.00  0.00
265.00  0.00
333.00  0.00
380.00  0.00
358.00  0.00
316.00  0.00
270.00  0.00
267.00  0.00
335.00  0.00
381.00  0.00
336.00  0.00
301.00  0.00
353.00  0.00
401.00  0.00
327.00  0.00
349.00  0.00
397.00  0.00
329.00  0.00
356.00  0.00
401.00  0.00
329.00  0.00
351.00  0.00
397.00  0.00
328.00  0.00
355.00  0.00
405.00  0.00
332.00  0.00
355.00  0.00
401.00  0.00
329.00  0.00
356.00  0.00
408.00  0.00
337.00  0.00
362.00  0.00
406.00  0.00
329.00  0.00
356.00  0.00
405.00  0.00
332.00  0.00
356.00  0.00
405.00  0.00
332.00  0.00
351.00  0.00
404.00  0.07
335.00  0.00
355.00  0.00
375.00  0.00
301.00  0.00
350.00  0.00