410.00  0.00
349.00  0.00
373.00  0.00
425.00  0.00
585.00  0.00
531.00  0.00
346.00  0.00
352.00  0.00
375.00  0.00
429.00  0.00
490.00  0.00
429.00  0.00
344.00  0.00
352.00  0.00
376.00  0.00
429.00  0.00
590.00  0.00
528.00  0.00
347.00  0.00
355.00  0.00
380.00  0.00
434.00  0.00
578.00  0.00
516.00  0.00
344.00  0.00
349.00  0.00
370.00  0.00
421.00  0.00
485.00  0.00
426.00  0.00
338.00  0.00
349.00  0.00
376.00  0.00
429.00  0.00
578.00  0.00
514.00  0.00
341.00  0.00
349.00  0.00
373.00  0.00
425.00  0.00
486.00  0.00
429.00  0.00
344.00  0.00
349.00  0.00
399.00  0.00
455.00  0.00
484.00  0.00
420.00  0.00
338.00  0.00
346.00  0.00
373.00  0.00
430.00  0.00
578.00  0.00
516.00  0.00
344.00  0.00
352.00  0.00
372.00  0.00
426.00  0.00
497.00  0.00
435.00  0.00
346.00  0.00
352.00  0.00
373.00  0.00
430.00  0.00
497.00  0.00
435.00  0.00
344.00  0.00
349.00  0.00
373.00  0.00
430.00  0.00
491.00  0.00
429.00  0.00
344.00  0.00
349.00  0.00
369.00  0.00
425.00  0.00
577.00  0.00
516.00  0.00
344.00  0.00
352.00  0.00
375.00  0.00
429.00  0.00
578.00  0.00
517.00  0.00
347.00  0.00
355.00  0.00
376.00  0.00
430.00  0.00
497.00  0.00
435.00  0.00
344.00  0.00
349.00  0.00
369.00  0.00
426.00  0.00
577.00  0.00
515.00  0.00
346.00  0.00
352.00  0.00
373.00  0.00
429.00  0.00
578.00  0.00
516.00  0.00
344.00  0.00
352.00  0.00
376.00  0.00
430.00  0.00
578.00  0.00
516.00  0.00
347.00  0.00
355.00  0.00
376.00  0.00
429.00  0.00
578.00  0.00
516.00  0.00
344.00  0.00
349.00  0.00
373.00  0.00
424.00  0.00
573.00  0.00
516.00  0.00