169.00  0.00
112.00  0.00
111.00  0.00
110.00  0.00
111.00  0.00
112.00  0.00
113.00  0.04
113.00  0.00
113.00  0.00
112.00  0.00
112.00  0.00
111.00  0.00
110.00  0.00
110.00  0.00
110.00  0.00
110.00  0.00
110.00  0.00
110.00  0.00
110.00  0.00
110.00  0.00
110.00  0.00
110.00  0.00
110.00  0.00
110.00  0.00
111.00  0.00
112.00  0.00
112.00  0.00
112.00  0.00
111.00  0.00
111.00  0.00
112.00  0.00
113.00  0.00
114.00  0.00
115.00  0.00
114.00  0.00
113.00  0.00
113.00  0.00
113.00  0.00
113.00  0.00
113.00  0.00
113.00  0.00
113.00  0.00
113.00  0.00
113.00  0.00
113.00  0.00
113.00  0.00
113.00  0.00
113.00  0.00
113.00  0.00
113.00  0.00
113.00  0.00
113.00  0.00
113.00  0.12
113.00  0.00
113.00  0.00
112.00  0.00
112.00  0.00
112.00  0.00
112.00  0.00
112.00  0.00
110.00  0.00
109.00  0.00
109.00  0.00
109.00  0.00
110.00  0.00
110.00  0.00
109.00  0.00
110.00  0.00
111.00  0.00
110.00  0.00
110.00  0.00
111.00  0.00
112.00  0.00
113.00  0.00
113.00  0.00
113.00  0.00
113.00  0.00
113.00  0.00
112.00  0.00
111.00  0.00
111.00  0.00
112.00  0.00
111.00  0.00
112.00  0.00
112.00  0.00
112.00  0.00
112.00  0.00
112.00  0.00
113.00  0.00
113.00  0.00
112.00  0.00
113.00  0.00
113.00  0.00
113.00  0.00
113.00  0.00
114.00  0.00
114.00  0.00
115.00  0.00
114.00  0.00
114.00  0.00
116.00  0.00
117.00  0.00
117.00  0.00
116.00  0.00
115.00  0.00
116.00  0.00
116.00  0.00
114.00  0.00
113.00  0.00
112.00  0.00
112.00  0.00
112.00  0.00
112.00  0.00
112.00  0.00
112.00  0.00
113.00  0.00
114.00  0.00
114.00  0.00
114.00  0.00
113.00  0.00