530.00  0.00
440.00  0.00
411.00  0.00
407.00  0.00
602.00  0.01
673.00  0.00
507.00  0.00
444.00  0.00
415.00  0.00
404.00  0.00
598.00  0.00
673.00  0.00
507.00  0.00
443.00  0.00
415.00  0.00
615.00  0.00
668.00  0.00
501.00  0.00
443.00  0.00
419.00  0.00
408.00  0.00
614.00  0.00
682.00  0.00
495.00  0.00
435.00  0.00
411.00  0.00
400.00  0.00
595.00  0.00
666.00  0.00
494.00  0.00
434.00  0.00
411.00  0.00
404.00  0.00
598.00  0.00
665.00  0.00
494.00  0.00
434.00  0.00
411.00  0.00
400.00  0.00
594.00  0.00
666.00  0.00
495.00  0.00
434.00  0.00
411.00  0.00
403.00  0.00
614.00  0.00
677.00  0.00
490.00  0.00
434.00  0.00
411.00  0.00
404.00  0.00
598.00  0.00
660.00  0.00
489.00  0.00
435.00  0.00
407.00  0.00
400.00  0.00
599.00  0.00
667.00  0.00
500.00  0.00
443.00  0.00
415.00  0.00
404.00  0.00
598.00  0.00
660.00  0.00
489.00  0.00
438.00  0.00
415.00  0.00
404.00  0.00
599.00  0.00
667.00  0.00
499.00  0.00
439.00  0.00
411.00  0.00
400.00  0.00
594.00  0.00
665.00  0.00
495.00  0.00
434.00  0.00
410.00  0.00
403.00  0.00
599.00  0.00
665.00  0.00
494.00  0.00
435.00  0.00
411.00  0.00
404.00  0.00
599.00  0.00
667.00  0.00
495.00  0.00
434.00  0.00
407.00  0.00
396.00  0.00
595.00  0.00
661.00  0.00
484.00  0.00
430.00  0.00
411.00  0.00
404.00  0.00
599.00  0.00
667.00  0.00
495.00  0.00
438.00  0.00
415.00  0.00
404.00  0.00
598.00  0.00
666.00  0.00
500.00  0.00
439.00  0.00
410.00  0.00
403.00  0.00
614.00  0.00
682.00  0.00
490.00  0.00
430.00  0.00
411.00  0.00
404.00  0.00
428.00  0.00
497.00  0.00
496.00  0.00