1063.00  0.00
1080.00  0.00
810.00  0.00
740.00  0.00
726.00  0.00
704.00  0.00
985.00  0.00
1077.00  0.00
796.00  0.00
725.00  0.00
724.00  0.00
704.00  0.00
952.00  0.00
1045.00  0.00
797.00  0.00
726.00  0.00
725.00  0.00
703.00  0.00
985.00  0.00
1078.00  0.00
811.00  0.00
739.00  0.00
725.00  0.00
704.00  0.00
947.00  0.00
1039.00  0.00
810.00  0.00
739.00  0.00
738.00  0.00
716.00  0.00
985.00  0.00
1077.00  0.00
797.00  0.00
727.00  0.04
726.00  0.00
704.00  0.00
952.00  0.00
1047.00  0.00
799.00  0.00
726.00  0.00
725.00  0.00
714.00  0.00
996.00  0.00
1077.00  0.00
810.00  0.00
728.00  0.00
727.00  0.00
717.00  0.00
949.00  0.00
1057.00  0.00
826.00  0.00
739.00  0.00
725.00  0.00
704.00  0.00
950.00  0.00
1060.00  0.00
826.00  0.00
739.00  0.00
725.00  0.00
703.00  0.00
951.00  0.00
1044.00  0.00
797.00  0.00
725.00  0.00
724.00  0.00
703.00  0.00
947.00  0.00
1057.00  0.00
826.00  0.00
739.00  0.00
725.00  0.00
704.00  0.00
989.00  0.00
1099.00  0.00
828.00  0.00
740.00  0.00
725.00  0.00
703.00  0.00
988.00  0.00
1080.00  0.00
809.00  0.00
738.00  0.00
724.00  0.00
713.00  0.00
997.00  0.00
1097.00  0.00
827.00  0.00
739.00  0.00
724.00  0.00
702.00  0.00
984.00  0.00
1078.00  0.00
810.00  0.00
739.00  0.00
738.00  0.00
716.00  0.00
948.00  0.00
1041.00  0.00
797.00  0.00
715.00  0.00
717.00  0.00
705.00  0.00
947.00  0.00
1039.00  0.00
809.00  0.00
738.00  0.00
724.00  0.00
713.00  0.00
957.00  0.00
1039.00  0.00
809.00  0.00
738.00  0.00
724.00  0.00
703.00  0.00
987.00  0.00
1079.00  0.00
809.00  0.00
738.00  0.00
725.00  0.00
704.00  0.00