754.00  0.00
466.00  0.00
538.00  0.00
528.00  0.00
461.00  0.00
542.00  0.00
537.00  0.00
466.00  0.00
539.00  0.00
528.00  0.00
466.00  0.00
538.00  0.00
528.00  0.00
466.00  0.00
547.00  0.00
532.00  0.00
456.00  0.00
533.00  0.00
528.00  0.00
466.00  0.00
538.00  0.00
523.00  0.00
461.00  0.00
546.00  0.00
531.00  0.00
456.00  0.00
542.00  0.00
536.00  0.00
466.00  0.00
547.00  0.00
537.00  0.00
466.00  0.00
538.00  0.00
523.00  0.00
456.00  0.00
533.00  0.00
524.00  0.00
461.00  0.00
538.00  0.00
527.00  0.00
461.00  0.00
542.00  0.00
532.00  0.00
456.00  0.00
533.00  0.00
528.00  0.00
461.00  0.00
533.00  0.00
528.00  0.00
461.00  0.00
541.00  0.00
536.00  0.00
466.00  0.00
538.00  0.00
527.00  0.00
466.00  0.00
538.00  0.00
528.00  0.00
461.00  0.00
533.00  0.00
527.00  0.00
460.00  0.00
533.00  0.00
524.00  0.00
457.00  0.00
533.00  0.00
528.00  0.00
460.00  0.00
533.00  0.00
528.00  0.00
466.00  0.00
547.00  0.00
536.00  0.00
461.00  0.00
533.00  0.00
523.00  0.00
461.00  0.00
546.00  0.00
531.00  0.00
456.00  0.00
533.00  0.00
523.00  0.00
456.00  0.00
534.00  0.00
524.00  0.00
461.00  0.00
538.00  0.00
528.00  0.00
460.00  0.00
532.00  0.00
523.00  0.00
461.00  0.00
537.00  0.00
523.00  0.00
456.00  0.00
533.00  0.00
523.00  0.00
456.00  0.00
524.00  0.00
514.00  0.00
456.00  0.00
533.00  0.00
523.00  0.00
456.00  0.00
533.00  0.00
523.00  0.00
456.00  0.00
541.00  0.00
531.00  0.00
456.00  0.00
532.00  0.00
527.00  0.00
466.00  0.00
538.00  0.00
523.00  0.00
456.00  0.00
533.00  0.00
523.00  0.00
461.00  0.00
530.00  0.00