220.00  0.00
199.00  0.00
198.00  0.00
199.00  0.00
199.00  0.00
199.00  0.00
198.00  0.00
197.00  0.00
197.00  0.00
196.00  0.00
197.00  0.00
197.00  0.00
197.00  0.00
198.00  0.00
199.00  0.00
200.00  0.00
199.00  0.00
199.00  0.00
229.00  0.00
229.00  0.00
201.00  0.00
202.00  0.00
200.00  0.00
199.00  0.00
197.00  0.00
196.00  0.00
195.00  0.00
196.00  0.00
199.00  0.00
199.00  0.00
198.00  0.00
197.00  0.00
197.00  0.00
198.00  0.00
198.00  0.00
199.00  0.00
200.00  0.00
200.00  0.00
199.00  0.00
198.00  0.00
197.00  0.00
196.00  0.00
197.00  0.00
198.00  0.00
199.00  0.00
200.00  0.00
199.00  0.00
199.00  0.00
199.00  0.00
199.00  0.00
199.00  0.00
197.00  0.00
197.00  0.00
198.00  0.00
197.00  0.00
196.00  0.00
195.00  0.00
195.00  0.00
195.00  0.00
195.00  0.00
228.00  0.00
228.00  0.00
198.00  0.00
198.00  0.04
230.00  0.00
231.00  0.00
199.00  0.00
199.00  0.00
199.00  0.00
199.00  0.00
200.00  0.00
199.00  0.00
200.00  0.00
202.00  0.00
203.00  0.00
204.00  0.00
201.00  0.00
201.00  0.00
201.00  0.00
200.00  0.00
200.00  0.00
200.00  0.00
200.00  0.00
199.00  0.00
232.00  0.00
233.00  0.00
231.00  0.00
230.00  0.00
199.00  0.00
200.00  0.00
231.00  0.00
231.00  0.00
200.00  0.00
199.00  0.00
198.00  0.00
197.00  0.00
197.00  0.00
198.00  0.00
198.00  0.00
199.00  0.00
229.00  0.00
230.00  0.00
201.00  0.00
200.00  0.00
199.00  0.00
201.00  0.00
204.00  0.00
204.00  0.00
216.00  0.00
217.00  0.00
219.00  0.00
220.00  0.00
220.00  0.00
217.00  0.00
183.00  0.00
216.00  0.00
217.00  0.00
217.00  0.00
218.00  0.00
206.00  0.00