634.00  0.00
659.00  0.00
585.00  0.06
576.00  0.00
563.00  0.00
787.00  0.00
864.00  0.00
648.00  0.00
585.00  0.00
575.00  0.00
556.00  0.00
783.00  0.00
865.00  0.00
648.00  0.00
578.00  0.00
569.00  0.00
562.00  0.00
789.00  0.00
866.00  0.00
648.00  0.00
577.00  0.00
568.00  0.00
561.00  0.00
788.00  0.00
877.00  0.00
659.00  0.00
577.00  0.00
569.00  0.00
562.00  0.00
788.00  0.00
866.00  0.00
648.00  0.00
585.00  0.00
576.00  0.00
556.00  0.00
783.00  0.00
866.00  0.00
648.00  0.00
578.00  0.00
570.00  0.00
557.00  0.00
783.00  0.00
866.00  0.00
657.00  0.00
594.00  0.00
577.00  0.00
563.00  0.00
816.00  0.00
904.00  0.00
659.00  0.00
584.00  0.00
576.00  0.00
562.00  0.00
789.00  0.00
877.00  0.00
658.00  0.00
584.00  0.00
585.00  0.00
571.00  0.00
816.00  0.00
893.00  0.00
647.00  0.00
585.00  0.00
576.00  0.00
562.00  0.00
787.00  0.00
864.00  0.00
648.00  0.00
577.00  0.00
568.00  0.00
562.00  0.00
787.00  0.00
864.00  0.00
640.00  0.00
577.00  0.00
576.00  0.00
562.00  0.00
789.00  0.00
866.00  0.00
648.00  0.00
584.00  0.00
575.00  0.00
556.00  0.00
783.00  0.00
866.00  0.00
640.00  0.00
570.00  0.00
569.00  0.00
555.00  0.00
782.00  0.00
876.00  0.00
658.00  0.00
578.00  0.00
569.00  0.00
555.00  0.00
782.00  0.00
866.00  0.00
649.00  0.00
578.00  0.00
569.00  0.00
556.00  0.00
758.00  0.00
841.00  0.00
648.00  0.00
577.00  0.00
568.00  0.00
556.00  0.00
783.00  0.00
865.00  0.00
640.00  0.00
570.00  0.00
561.00  0.00
554.00  0.00
788.00  0.00
877.00  0.00
659.00  0.00
578.00  0.00
569.00  0.00
561.00  0.00
788.00  0.00