
1076.00  0.00
1077.00  0.00
1075.00  0.00
1064.00  0.00
1022.00  0.00
1033.00  0.00
1033.00  0.00
1021.00  0.01
1024.00  0.00
1036.00  0.00
1036.00  0.00
1036.00  0.00
1033.00  0.00
1033.00  0.00
1036.00  0.00
1036.00  0.00
1080.00  0.00
1080.00  0.00
1033.00  0.00
1021.00  0.00
1021.00  0.00
1062.00  0.00
794.00  0.00
1051.00  0.00
1023.00  0.00
1021.00  0.00
1062.00  0.00
793.00  0.00
1050.00  0.00
1064.00  0.00
807.00  0.00
1061.00  0.00
1062.00  0.00
793.00  0.00
1046.00  0.00
1062.00  0.00
808.00  0.00
1062.00  0.00
1063.00  0.00
808.00  0.00
1104.00  0.00
1104.00  0.00
794.00  0.00
1048.00  0.00
1063.00  0.00
794.00  0.00
1046.00  0.00
1061.00  0.00
792.00  0.00
1047.00  0.00
1062.00  0.00
808.00  0.00
1064.00  0.00
1064.00  0.00
807.00  0.00
841.00  0.00
842.00  0.00
860.00  0.00
860.00  0.00
843.00  0.00
842.00  0.00
843.00  0.00
843.00  0.00
860.00  0.00
861.00  0.00
863.00  0.00
863.00  0.00
861.00  0.00
860.00  0.00
860.00  0.00
877.00  0.00
859.00  0.00
842.00  0.00
862.00  0.00
863.00  0.00
861.00  0.00
861.00  0.00
843.00  0.00
843.00  0.00
843.00  0.00
842.00  0.00
844.00  0.00
844.00  0.00
843.00  0.00
844.00  0.00
843.00  0.00
857.00  0.00
876.00  0.00
862.00  0.00
861.00  0.00
862.00  0.00
862.00  0.00
860.00  0.00
861.00  0.00
861.00  0.00
860.00  0.00
860.00  0.00
843.00  0.00
831.00  0.00
829.00  0.00
841.00  0.07
844.00  0.00
845.00  0.00
862.00  0.00
862.00  0.00
844.00  0.00
829.00  0.00
847.00  0.00
860.00  0.00
860.00  0.00
860.00  0.00
860.00  0.00
861.00  0.00
861.00  0.00
861.00  0.00
862.00  0.00
863.00  0.00
861.00  0.00
860.00  0.00