324.00  0.00
226.00  0.00
269.00  0.00
310.00  0.00
393.00  0.00
349.00  0.00
219.00  0.00
224.00  0.00
228.00  0.00
245.00  0.00
289.00  0.00
296.00  0.00
250.00  0.00
225.00  0.00
228.00  0.00
247.00  0.00
288.00  0.00
290.00  0.00
246.00  0.00
224.00  0.00
225.00  0.00
263.00  0.00
303.00  0.00
329.00  0.00
287.00  0.00
223.00  0.00
225.00  0.00
265.00  0.00
308.00  0.00
292.00  0.00
248.00  0.00
225.00  0.00
230.00  0.00
231.00  0.00
232.00  0.00
230.00  0.00
226.00  0.00
225.00  0.00
225.00  0.00
269.00  0.00
310.00  0.00
335.00  0.00
291.00  0.00
221.00  0.00
224.00  0.00
225.00  0.00
224.00  0.00
223.00  0.00
222.00  0.00
226.00  0.00
231.00  0.00
229.00  0.00
270.00  0.00
308.00  0.00
330.00  0.00
286.00  0.00
222.00  0.00
223.00  0.00
261.00  0.00
301.00  0.00
324.00  0.00
284.00  0.00
223.00  0.00
224.00  0.00
260.00  0.00
304.00  0.00
387.00  0.00
343.00  0.00
221.00  0.00
222.00  0.00
222.00  0.00
224.00  0.00
223.00  0.00
220.00  0.00
226.00  0.00
229.00  0.00
247.00  0.00
286.00  0.00
330.00  0.00
287.00  0.00
223.00  0.00
225.00  0.00
263.00  0.00
286.00  0.00
272.00  0.00
247.00  0.00
223.00  0.00
226.00  0.00
267.00  0.00
311.00  0.00
313.00  0.00
311.00  0.00
306.00  0.00
385.00  0.00
371.00  0.00
376.00  0.00
378.00  0.00
373.00  0.00
467.00  0.00
414.00  0.00
320.00  0.00
281.00  0.00
282.00  0.00
323.00  0.00
422.00  0.00
477.00  0.00
349.00  0.00
226.00  0.00
228.00  0.00
247.00  0.00
288.00  0.00
294.00  0.00
250.00  0.00
225.00  0.00
227.00  0.00
266.00  0.00
308.00  0.00
332.00  0.00
288.00  0.00
220.00  0.00