667.00  0.00
689.00  0.00
936.00  0.00
924.00  0.00
689.00  0.00
936.00  0.00
915.00  0.00
676.00  0.00
932.00  0.00
924.00  0.00
679.00  0.00
901.00  0.00
899.00  0.00
678.00  0.00
922.00  0.00
922.00  0.00
689.00  0.00
936.00  0.00
924.00  0.00
677.00  0.00
894.00  0.00
893.00  0.00
677.00  0.00
924.00  0.00
914.00  0.00
667.00  0.00
924.00  0.00
914.00  0.00
667.00  0.00
922.00  0.00
912.00  0.00
667.00  0.00
924.00  0.00
924.00  0.00
677.00  0.00
922.00  0.00
883.00  0.00
885.00  0.00
885.00  0.00
675.00  0.00
714.00  0.00
677.00  0.00
893.00  0.00
893.00  0.00
688.00  0.00
935.00  0.00
924.00  0.00
677.00  0.00
921.00  0.00
921.00  0.00
679.00  0.00
926.00  0.00
924.00  0.00
676.00  0.00
924.00  0.00
924.00  0.00
688.00  0.00
906.00  0.00
886.00  0.00
678.00  0.00
904.00  0.00
893.00  0.00
689.00  0.00
934.00  0.00
922.00  0.00
689.00  0.00
936.00  0.00
924.00  0.00
689.00  0.00
936.00  0.00
924.00  0.00
677.00  0.00
925.00  0.00
925.00  0.00
679.00  0.00
923.00  0.00
922.00  0.00
689.00  0.00
934.00  0.00
922.00  0.00
688.00  0.00
936.00  0.00
924.00  0.00
687.00  0.00
935.00  0.00
915.00  0.00
679.00  0.00
936.00  0.00
914.00  0.00
667.00  0.00
891.00  0.00
853.00  0.00
886.00  0.00
886.00  0.00
886.00  0.00
894.00  0.00
863.00  0.00
863.00  0.00
862.00  0.00
862.00  0.00
684.00  0.00
667.00  0.00
592.00  0.00
690.00  0.00
681.00  0.00
599.00  0.00
683.00  0.00
659.00  0.00
584.00  0.00
676.00  0.00
667.00  0.00
600.00  0.00
683.00  0.00
666.00  0.00
600.00  0.00
684.00  0.00
667.00  0.00
599.00  0.00
683.00  0.00
659.00  0.00