219.00  0.00
146.00  0.00
164.00  0.00
165.00  0.00
147.00  0.00
165.00  0.00
165.00  0.00
148.00  0.00
166.00  0.00
166.00  0.00
148.00  0.00
168.00  0.00
168.00  0.00
148.00  0.00
166.00  0.00
166.00  0.00
148.00  0.00
165.00  0.00
166.00  0.00
148.00  0.00
165.00  0.00
165.00  0.00
149.00  0.00
166.00  0.00
166.00  0.00
149.00  0.00
168.00  0.00
169.00  0.00
150.00  0.00
169.00  0.00
169.00  0.00
151.00  0.00
168.00  0.00
168.00  0.00
151.00  0.00
169.00  0.00
169.00  0.00
151.00  0.00
178.00  0.00
178.00  0.00
151.00  0.00
179.00  0.00
180.00  0.00
152.00  0.00
171.00  0.00
172.00  0.00
154.00  0.00
172.00  0.00
173.00  0.00
155.00  0.00
181.00  0.00
179.00  0.07
151.00  0.00
169.00  0.00
169.00  0.00
151.00  0.00
169.00  0.00
169.00  0.00
150.00  0.00
168.00  0.00
168.00  0.00
149.00  0.00
176.00  0.00
176.00  0.00
149.00  0.00
166.00  0.00
166.00  0.00
149.00  0.00
166.00  0.00
165.00  0.00
146.00  0.00
164.00  0.00
164.00  0.00
145.00  0.00
162.00  0.00
163.00  0.00
146.00  0.00
165.00  0.00
166.00  0.00
149.00  0.00
168.00  0.00
169.00  0.00
151.00  0.00
169.00  0.00
169.00  0.00
151.00  0.00
169.00  0.00
168.00  0.00
149.00  0.00
169.00  0.00
170.00  0.00
153.00  0.00
173.00  0.00
173.00  0.00
154.00  0.00
173.00  0.00
173.00  0.00
154.00  0.00
172.00  0.00
171.00  0.00
152.00  0.00
179.00  0.00
180.00  0.00
153.00  0.00
173.00  0.00
173.00  0.00
154.00  0.00
173.00  0.00
173.00  0.00
154.00  0.00
180.00  0.00
180.00  0.00
153.00  0.00
172.00  0.00
171.00  0.00
152.00  0.00
168.00  0.00
168.00  0.00
152.00  0.00
173.00  0.00