464.00  0.00
375.00  0.00
374.00  0.00
374.00  0.00
374.00  0.00
374.00  0.00
374.00  0.00
371.00  0.00
371.00  0.00
374.00  0.00
377.00  0.00
377.00  0.00
374.00  0.00
374.00  0.00
374.00  0.00
374.00  0.00
374.00  0.00
374.00  0.00
371.00  0.00
371.00  0.00
374.00  0.00
371.00  0.00
371.00  0.00
374.00  0.00
374.00  0.00
374.00  0.00
371.00  0.00
367.00  0.00
368.00  0.00
368.00  0.00
368.00  0.00
368.00  0.00
368.00  0.00
368.00  0.00
365.00  0.00
364.00  0.00
367.00  0.00
368.00  0.00
368.00  0.00
368.00  0.00
368.00  0.00
367.00  0.00
367.00  0.00
371.00  0.00
371.00  0.00
367.00  0.00
368.00  0.00
371.00  0.00
371.00  0.00
367.00  0.00
368.00  0.00
368.00  0.00
367.00  0.00
371.00  0.00
371.00  0.00
371.00  0.00
371.00  0.00
367.00  0.00
371.00  0.00
371.00  0.00
367.00  0.00
367.00  0.00
371.00  0.00
374.00  0.00
371.00  0.00
367.00  0.00
367.00  0.00
371.00  0.00
374.00  0.00
371.00  0.00
371.00  0.00
374.00  0.00
374.00  0.00
374.00  0.00
374.00  0.00
374.00  0.00
374.00  0.00
374.00  0.00
374.00  0.00
374.00  0.00
378.00  0.00
381.00  0.00
377.00  0.00
374.00  0.00
374.00  0.00
374.00  0.00
374.00  0.00
374.00  0.00
374.00  0.00
371.00  0.00
371.00  0.00
374.00  0.00
371.00  0.00
368.00  0.00
371.00  0.00
374.00  0.00
371.00  0.00
371.00  0.00
374.00  0.00
371.00  0.00
367.00  0.00
367.00  0.00
367.00  0.00
368.00  0.00
368.00  0.00
367.00  0.00
367.00  0.00
367.00  0.00
368.00  0.00
368.00  0.00
371.00  0.00
374.00  0.00
374.00  0.00
374.00  0.00
374.00  0.00
374.00  0.00
374.00  0.00
374.00  0.00
374.00  0.00
374.00  0.00