349.00  0.00
281.00  0.00
218.00  0.00
219.00  0.00
237.00  0.00
275.00  0.00
278.00  0.00
238.00  0.00
217.00  0.00
219.00  0.00
260.00  0.00
286.00  0.00
307.00  0.00
279.00  0.00
218.00  0.00
220.00  0.00
259.00  0.00
295.00  0.00
280.00  0.00
241.00  0.00
218.00  0.00
221.00  0.00
259.00  0.00
295.00  0.00
282.00  0.00
243.00  0.00
219.00  0.00
222.00  0.00
261.00  0.00
297.00  0.00
320.00  0.00
281.00  0.00
218.00  0.00
219.00  0.00
256.00  0.00
279.00  0.00
303.00  0.00
278.00  0.00
215.00  0.00
216.00  0.00
252.00  0.00
277.00  0.00
354.00  0.00
329.00  0.00
215.00  0.00
216.00  0.00
254.00  0.00
289.00  0.00
365.00  0.00
329.00  0.00
216.00  0.00
218.00  0.00
255.00  0.00
282.00  0.00
358.00  0.00
330.00  0.00
218.00  0.00
219.00  0.00
257.00  0.00
295.00  0.00
318.00  0.00
280.00  0.00
221.00  0.00
222.00  0.00
261.00  0.00
284.00  0.00
311.00  0.00
286.00  0.00
221.00  0.00
223.00  0.00
262.00  0.00
299.00  0.00
376.00  0.00
335.00  0.00
218.00  0.00
220.00  0.00
259.00  0.00
284.00  0.00
306.00  0.00
279.00  0.00
218.00  0.00
219.00  0.00
257.00  0.00
293.00  0.00
372.00  0.00
334.00  0.00
216.00  0.00
218.00  0.00
255.00  0.00
291.00  0.00
367.00  0.00
328.00  0.00
215.00  0.00
217.00  0.00
254.00  0.00
279.00  0.00
359.00  0.00
334.00  0.00
217.00  0.00
219.00  0.00
258.00  0.00
293.00  0.00
372.00  0.00
335.00  0.00
218.00  0.00
221.00  0.00
259.00  0.00
295.00  0.00
369.00  0.00
330.00  0.00
219.00  0.00
222.00  0.00
261.00  0.00
297.00  0.00
282.00  0.00
243.00  0.00
218.00  0.00
221.00  0.00
259.00  0.00
295.00  0.00