342.00  0.00
265.00  0.00
339.00  0.00
385.00  0.00
359.00  0.00
318.00  0.00
270.00  0.00
265.00  0.00
339.00  0.00
385.00  0.00
359.00  0.00
318.00  0.00
270.00  0.00
265.00  0.00
290.00  0.00
336.00  0.00
359.00  0.00
317.00  0.00
269.00  0.00
265.00  0.00
339.00  0.00
387.00  0.00
362.00  0.00
318.00  0.00
272.00  0.00
269.00  0.00
341.00  0.00
387.00  0.00
336.00  0.00
295.00  0.00
276.00  0.00
270.00  0.00
297.00  0.00
344.00  0.00
336.00  0.00
296.00  0.00
269.00  0.00
341.00  0.00
387.00  0.00
361.00  0.00
320.00  0.00
269.00  0.00
299.00  0.00
342.00  0.00
363.00  0.00
324.00  0.00
276.00  0.00
270.00  0.00
345.00  0.00
392.00  0.00
336.00  0.00
297.00  0.00
302.00  0.00
342.00  0.00
362.00  0.00
320.00  0.00
267.00  0.00
345.00  0.00
392.00  0.00
362.00  0.00
318.00  0.00
272.00  0.00
268.00  0.00
336.00  0.00
383.00  0.00
362.00  0.00
318.00  0.00
270.00  0.00
267.00  0.00
341.00  0.00
388.00  0.00
334.00  0.00
291.00  0.00
272.00  0.00
267.00  0.00
339.00  0.00
387.00  0.00
362.00  0.00
317.00  0.00
270.00  0.01
267.00  0.00
339.00  0.00
384.00  0.00
355.00  0.00
313.00  0.00
269.00  0.00
266.00  0.00
336.00  0.00
381.00  0.00
355.00  0.00
315.00  0.00
270.00  0.00
265.00  0.00
339.00  0.00
384.00  0.00
356.00  0.00
315.00  0.00
270.00  0.00
266.00  0.00
340.00  0.00
385.00  0.00
359.00  0.00
316.00  0.00
269.00  0.00
267.00  0.00
292.00  0.00
328.00  0.00
326.00  0.00
295.00  0.00
269.00  0.00
343.00  0.00
371.00  0.00
301.00  0.00
306.00  0.00
344.00  0.00
339.00  0.00
297.00  0.00
267.00  0.00
341.00  0.00
385.00  0.00