57.00  0.00
49.00  0.00
49.00  0.00
49.00  0.00
49.00  0.00
48.00  0.00
47.00  0.00
48.00  0.00
48.00  0.00
47.00  0.00
46.00  0.00
46.00  0.00
46.00  0.00
46.00  0.00
47.00  0.00
47.00  0.00
47.00  0.00
48.00  0.00
48.00  0.00
47.00  0.00
47.00  0.15
48.00  0.00
48.00  0.00
48.00  0.00
48.00  0.00
48.00  0.00
48.00  0.00
47.00  0.00
46.00  0.00
46.00  0.00
46.00  0.00
46.00  0.00
46.00  0.00
45.00  0.00
45.00  0.00
47.00  0.00
47.00  0.00
47.00  0.00
47.00  0.00
47.00  0.00
46.00  0.00
46.00  0.00
46.00  0.00
46.00  0.00
46.00  0.00
47.00  0.00
48.00  0.00
48.00  0.00
48.00  0.00
47.00  0.00
47.00  0.00
48.00  0.00
49.00  0.00
49.00  0.00
49.00  0.00
48.00  0.00
48.00  0.00
47.00  0.00
48.00  0.00
48.00  0.00
48.00  0.00
48.00  0.00
48.00  0.00
48.00  0.00
48.00  0.00
48.00  0.00
48.00  0.00
47.00  0.00
47.00  0.00
47.00  0.00
47.00  0.00
47.00  0.00
47.00  0.00
48.00  0.22
48.00  0.00
48.00  0.00
48.00  0.00
49.00  0.00
49.00  0.00
49.00  0.00
49.00  0.04
48.00  0.00
48.00  0.00
48.00  0.00
47.00  0.00
48.00  0.00
25.00  0.00
22.00  0.00
51.00  0.00
52.00  0.00
52.00  0.00
52.00  0.00
52.00  0.00
52.00  0.00
51.00  0.00
51.00  0.00
52.00  0.00
52.00  0.00
51.00  0.00
51.00  0.00
51.00  0.00
51.00  0.00
52.00  0.00
51.00  0.00
51.00  0.00
51.00  0.00
52.00  0.00
52.00  0.00
52.00  0.00
52.00  0.00
51.00  0.00
51.00  0.00
51.00  0.00
51.00  0.00
51.00  0.00
50.00  0.00
51.00  0.00
52.00  0.00
51.00  0.00
51.00  0.00