171.00  0.00
149.00  0.00
148.00  0.00
146.00  0.00
146.00  0.00
146.00  0.00
146.00  0.00
144.00  0.00
144.00  0.00
146.00  0.00
146.00  0.00
147.00  0.00
147.00  0.00
147.00  0.00
145.00  0.00
145.00  0.00
147.00  0.00
146.00  0.00
145.00  0.00
145.00  0.00
145.00  0.00
145.00  0.00
147.00  0.00
148.00  0.00
149.00  0.00
150.00  0.00
149.00  0.00
148.00  0.00
148.00  0.00
148.00  0.00
149.00  0.00
149.00  0.00
149.00  0.00
150.00  0.00
149.00  0.00
147.00  0.00
146.00  0.00
145.00  0.00
146.00  0.00
147.00  0.00
148.00  0.00
147.00  0.00
146.00  0.00
145.00  0.00
146.00  0.00
147.00  0.00
147.00  0.00
146.00  0.00
147.00  0.00
149.00  0.00
149.00  0.00
148.00  0.00
149.00  0.00
148.00  0.00
147.00  0.00
148.00  0.00
147.00  0.00
147.00  0.00
146.00  0.00
145.00  0.00
147.00  0.00
146.00  0.00
144.00  0.00
145.00  0.00
146.00  0.00
145.00  0.00
145.00  0.00
146.00  0.00
147.00  0.00
147.00  0.00
147.00  0.00
147.00  0.00
148.00  0.00
148.00  0.00
149.00  0.00
150.00  0.00
148.00  0.00
147.00  0.00
147.00  0.00
147.00  0.00
147.00  0.00
148.00  0.00
148.00  0.00
146.00  0.00
144.00  0.00
143.00  0.00
143.00  0.00
143.00  0.00
143.00  0.00
144.00  0.00
144.00  0.00
144.00  0.00
144.00  0.00
144.00  0.00
145.00  0.00
145.00  0.00
144.00  0.00
146.00  0.00
147.00  0.00
147.00  0.00
146.00  0.00
147.00  0.00
145.00  0.00
144.00  0.00
144.00  0.00
144.00  0.00
143.00  0.00
143.00  0.00
144.00  0.00
143.00  0.00
142.00  0.00
143.00  0.00
141.00  0.00
140.00  0.00
132.00  0.00
125.00  0.00
126.00  0.04
128.00  0.00
129.00  0.00
128.00  0.00