386.00  0.00
512.00  0.00
485.00  0.00
402.00  0.00
404.00  0.00
478.00  0.00
483.00  0.00
351.00  0.00
506.00  0.00
482.00  0.00
378.00  0.00
542.00  0.00
492.00  0.00
351.00  0.00
506.00  0.00
483.00  0.00
351.00  0.00
506.00  0.00
482.00  0.00
351.00  0.00
507.00  0.00
483.00  0.00
378.00  0.00
542.00  0.00
492.00  0.00
348.00  0.00
512.00  0.00
492.00  0.00
351.00  0.00
515.00  0.00
492.00  0.00
348.00  0.00
379.00  0.00
358.00  0.00
348.00  0.00
512.00  0.00
492.00  0.00
351.00  0.00
516.00  0.00
495.00  0.00
353.00  0.00
515.00  0.00
490.00  0.00
349.00  0.00
515.00  0.00
492.00  0.00
351.00  0.00
515.00  0.00
490.00  0.00
346.00  0.00
503.00  0.00
478.00  0.00
477.00  0.00
482.00  0.00
348.00  0.00
503.00  0.00
483.00  0.00
351.00  0.00
506.00  0.00
483.00  0.00
351.00  0.00
506.00  0.00
477.00  0.00
477.00  0.00
477.00  0.00
477.00  0.00
477.00  0.00
477.00  0.00
477.00  0.00
353.00  0.00
353.00  0.00
477.00  0.00
477.00  0.00
368.00  0.00
364.00  0.00
313.00  0.00
368.00  0.00
364.00  0.00
313.00  0.00
368.00  0.00
364.00  0.00
315.00  0.00
371.00  0.00
364.00  0.00
315.00  0.00
367.00  0.00
360.00  0.00
315.00  0.00
371.00  0.00
364.00  0.00
315.00  0.00
371.00  0.00
366.00  0.00
318.00  0.00
371.00  0.00
364.00  0.00
313.00  0.00
369.00  0.00
364.00  0.00
315.00  0.00
371.00  0.00
366.00  0.00
317.00  0.00
371.00  0.00
364.00  0.00
315.00  0.00
371.00  0.00
364.00  0.00
315.00  0.00
367.00  0.00
360.00  0.00
313.00  0.00
368.00  0.00
362.00  0.00
311.00  0.00
368.00  0.00
371.00  0.00
367.00  0.00
367.00  0.00
367.00  0.00