415.00  0.00
580.00  0.00
518.00  0.00
347.00  0.00
355.00  0.00
377.00  0.00
425.00  0.00
574.00  0.00
517.00  0.00
344.00  0.00
350.00  0.00
370.00  0.00
426.00  0.00
579.00  0.00
517.00  0.00
344.00  0.00
349.00  0.00
400.00  0.00
452.00  0.00
574.00  0.00
517.00  0.00
344.00  0.00
349.00  0.00
373.00  0.00
425.00  0.00
564.00  0.00
507.00  0.00
344.00  0.00
351.00  0.00
375.00  0.00
425.00  0.00
433.00  0.00
377.00  0.00
344.00  0.00
350.00  0.00
374.00  0.00
425.00  0.00
574.00  0.00
517.00  0.00
344.00  0.00
353.00  0.00
376.00  0.00
425.00  0.00
574.00  0.00
515.00  0.00
342.00  0.00
349.00  0.00
373.00  0.00
425.00  0.00
574.00  0.00
515.00  0.00
339.00  0.00
346.00  0.00
373.00  0.00
425.00  0.00
583.00  0.00
524.00  0.00
341.00  0.00
352.00  0.00
373.00  0.00
417.00  0.00
569.00  0.00
514.00  0.00
342.00  0.00
353.00  0.00
376.00  0.00
425.00  0.00
562.00  0.00
502.00  0.00
341.00  0.00
349.00  0.00
373.00  0.00
425.00  0.00
573.00  0.00
516.00  0.00
344.00  0.00
352.00  0.00
376.00  0.00
430.00  0.00
579.00  0.00
520.00  0.00
350.00  0.00
352.00  0.00
374.00  0.00
430.00  0.00
578.00  0.00
519.00  0.00
346.00  0.00
350.00  0.00
374.00  0.00
430.00  0.00
434.00  0.00
372.00  0.00
347.00  0.00
355.00  0.00
380.00  0.00
434.00  0.00
497.00  0.00
436.00  0.00
348.00  0.00
356.00  0.00
380.00  0.00
434.00  0.00
591.00  0.00
532.00  0.00
350.00  0.00
355.00  0.00
380.00  0.00
430.00  0.00
586.00  0.00
528.00  0.00
344.00  0.00
349.00  0.00
377.00  0.00
434.00  0.00
579.00  0.00
519.00  0.00
349.00  0.00
355.00  0.00
376.00  0.00