252.00  0.00
505.00  0.00
510.00  0.00
517.00  0.00
516.00  0.00
517.00  0.00
517.00  0.00
510.00  0.00
505.00  0.00
512.00  0.00
517.00  0.00
517.00  0.00
512.00  0.00
504.00  0.00
504.00  0.00
511.00  0.00
511.00  0.00
512.00  0.00
512.00  0.00
504.00  0.00
504.00  0.00
505.00  0.00
509.00  0.00
509.00  0.00
504.00  0.00
512.00  0.00
512.00  0.00
505.00  0.00
505.00  0.00
504.00  0.00
504.00  0.00
504.00  0.00
509.00  0.00
509.00  0.00
505.00  0.00
512.00  0.00
512.00  0.00
505.00  0.00
505.00  0.00
505.00  0.00
505.00  0.00
505.00  0.00
505.00  0.00
504.00  0.00
505.00  0.00
505.00  0.00
505.00  0.00
505.00  0.00
505.00  0.00
504.00  0.00
504.00  0.00
512.00  0.00
512.00  0.00
504.00  0.00
509.00  0.00
517.00  0.00
512.00  0.00
512.00  0.00
512.00  0.00
512.00  0.00
512.00  0.00
512.00  0.00
517.00  0.00
517.00  0.00
517.00  0.00
517.00  0.00
517.00  0.00
496.00  0.00
495.00  0.00
517.00  0.00
512.00  0.00
512.00  0.00
516.00  0.00
517.00  0.00
517.00  0.00
516.00  0.00
517.00  0.00
517.00  0.00
512.00  0.00
511.00  0.00
511.00  0.00
512.00  0.00
517.00  0.00
509.00  0.00
505.00  0.00
512.00  0.00
512.00  0.00
504.00  0.00
504.00  0.00
505.00  0.00
505.00  0.00
505.00  0.00
505.00  0.00
504.00  0.00
504.00  0.00
512.00  0.00
512.00  0.00
512.00  0.00
512.00  0.00
505.00  0.00
505.00  0.00
504.00  0.00
499.00  0.00
499.00  0.00
500.00  0.00
500.00  0.00
500.00  0.00
500.00  0.00
500.00  0.00
500.00  0.00
500.00  0.00
500.00  0.00
505.00  0.00
505.00  0.00
500.00  0.00
500.00  0.00
504.00  0.00
511.00  0.00
507.00  0.00
500.00  0.00