       3.88           
       3.82           
       3.80           
       3.76           
       3.79           
       3.81           
       3.78           
       3.72           
       3.74           
       3.76           
       3.74           
       3.79           
       3.84           
       3.83           
       3.84           
       3.87           
       3.91           
       3.96           
       3.78           
       3.86           
       3.78           
       3.85           
       3.88           
       3.87           
       3.92           
       3.80           
       3.66           
       3.85           
       3.87           
       3.93           
       3.82           
       3.90           
       3.90           
       3.94           
       3.95           
       3.94           
       3.85           
       3.78           
       3.73           
       3.79           
       3.81           
       3.87           
       3.80           
       3.78           
       3.64           
       3.75           
       3.86           
       3.79           
       3.88           
       3.73           
       3.73           
       3.72           
       3.81           
       3.80           
       3.88           
       3.79           
       3.60           
       3.49           
       3.67           
       3.68           
       3.81           
       3.63           
       3.64           
       3.80           
       3.72           
       3.87           
       3.78           
       3.66           
       3.71           
       3.85           
       3.78           
       3.71           
       3.81           
       3.81           
       3.79           
       3.63           
       3.64           
       3.69           
       3.72           
       3.82           
       3.71           
       3.79           
       3.72           
       3.76           
       3.79           
       3.78           
       3.82           
       3.78           
       3.91           
       3.86           
       3.79           
       3.79           
       3.77           
       3.77           
       3.66           
       3.95           
       3.79           
       3.69           
       3.73           
       3.84           
       3.89           
       3.87           
       3.82           
       3.83           
       3.78           
       3.80           
       3.77           
       3.76           
       3.85           
       3.77           
       3.70           
       3.66           
       3.75           
       3.84           
       3.85           
       3.81           
       3.81           
       3.85           
       3.78           
       3.95           
       3.65           
       3.64           
       3.42           
       3.72           
       3.72           
       3.77           
       3.74           
       3.75           
       3.62           
       3.64           
       3.78           
       3.64           
       3.60           
       3.65           
       3.82           
       3.83           
       4.08           
       3.97           
       3.82           
       3.90           
       3.79           
       3.83           
       3.90           
       3.88           
       3.68           
       3.71           
       3.90           
       3.82           
       3.76           
       3.82           
       3.79           
       3.80           
       3.87           
       3.85           
       3.79           
       3.71           
       3.80           
       3.69           
       3.62           
       3.64           
       3.74           
       3.72           
       3.84           
       3.78           
       3.75           
       3.54           
       3.58           
       3.75           
       3.77           
       3.72           
       3.82           
       3.84           
       3.85           
       3.80           
       3.82           
       3.79           
       3.81           
       3.78           
       3.96           
       3.92           
       3.94           
       3.95           
       3.92           
       3.79           
       3.80           
       3.94           
       3.99           
       4.00           
       3.77           
       3.83           
       3.59           
       3.56           
       3.60           
       3.57           
       3.45           
       3.66           
       3.83           
       3.79           
       3.87           
       3.92           
       3.83           
       3.88           
       3.59           
       3.66           
       3.76           
       3.75           
       3.74           
       3.70           
       3.85           
       3.78           
       3.95           
       3.93           
       3.86           
       3.75           
       3.57           
       3.87           
       3.81           
       3.74           
       3.86           
       3.89           
       3.92           
       3.90           
       3.80           
       3.96           
       3.90           
       3.90           
       3.85           
       3.89           
       3.83           
       3.77           
       3.82           
       3.93           
       3.84           
       3.82           
       3.95           
       3.93           
       3.91           
       3.76           
       3.70           
       3.69           
       3.82           
       3.87           
       3.83           
       3.87           
       3.85           
       3.98           
       3.73           
       3.73           
       3.76           
       3.85           
       3.85           
       3.89           
       3.86           
       3.98           
       3.85           
       3.79           
       3.72           
       3.89           
       3.79           
       3.90           
       3.90           
       3.95           
       3.84           
       3.88           
       3.88           
       3.84           
       3.93           
       3.80           
       3.75           
       3.94           
       3.91           
       3.84           
       3.97           
       3.92           
       3.94           
       3.98           
       3.90           
       3.88           
       3.83           
       3.86           
       3.78           
       3.88           
       3.84           
       3.87           
       3.87           
       3.75           
       3.85           
       3.94           
       3.95           
       3.96           
       3.92           
       3.86           
       3.75           
       3.88           
       3.76           
       3.85           
       3.86           
       3.84           
       3.83           
       3.78           
       3.89           
       3.86           
       3.91           
       3.79           
       3.77           
       3.61           
       3.85           
       3.87           
       3.97           
       3.99           
       4.00           
       3.96           
       3.78           
       3.93           
       3.90           
       3.83           
       3.89           
       3.85           
       3.77           
       3.84           
       3.76           
       3.80           
       3.81           
       3.73           
       3.67           
       3.74           
       3.81           
       3.76           
       3.72           
       3.79           
       3.79           
       3.77           
       3.69           
       3.80           
       3.91           
       3.88           
       3.91           
       3.74           
       3.78           
       3.93           
       3.90           
       3.83           
       3.75           
       3.80           
       3.73           
       3.91           
       3.86           
       3.95           
       3.91           
       3.91           
       4.02           
       4.09           
       4.03           
       3.78           
       3.85           
       3.92           
       3.90           
       3.95           
       4.05           
       3.96           
       3.84           
       3.94           
       4.05           
       3.90           
       3.83           
       3.84           
       3.93           
       3.86           
       3.96           
       3.92           
       3.89           
       3.92           
       3.85           
       3.80           
       3.81           
       3.88           
       3.98           
       3.83           
       3.86           
       3.76           
       3.80           
       3.76           
       3.76           
       3.75           
       3.84           
       3.76           
       3.77           
       3.71           
       3.80           
       3.76           
       3.72           
       3.49           
       3.65           
       3.81           
       3.84           
       3.88           
       4.02           
       3.89           
       3.86           
       3.76           
       3.72           
       3.72           
       3.66           
       3.72           
       3.81           
       3.89           
       3.84           
       3.74           
       3.77           
       3.86           
       3.80           
       3.82           
       3.85           
       3.87           
       3.77           
       3.80           
       3.79           
       3.80           
       3.73           
       3.79           
       3.71           
       3.76           
       3.94           
       3.73           
       3.85           
       3.84           
       3.55           
       3.75           
       3.81           
       3.81           
       3.83           
       3.80           
       3.79           
       3.76           
       3.79           
       3.71           
       3.75           
       3.76           
       3.83           
       3.83           
       3.86           
       3.89           
       3.92           
       3.90           
       3.65           
       3.69           
       3.67           
       3.82           
       3.87           
       3.93           
       3.85           
       4.00           
       3.92           
       3.84           
       3.64           
       3.76           
       3.87           
       3.90           
       3.81           
       3.80           
       3.80           
       3.65           
       3.81           
       3.80           
       3.85           
       3.35           
       3.65           
       3.97           
       4.06           
       4.07           
       4.02           
       3.94           
       3.94           
       4.03           
       4.11           
       4.05           
       3.89           
       3.88           
       3.97           
       3.93           
       3.77           
       3.84           
       3.87           
       3.88           
       4.02           
       4.16           
       4.02           
       3.93           
       3.96           
       3.98           
       4.14           
       3.93           
       3.95           
       3.95           
       3.84           
       3.66           
       3.87           
       3.77           
       3.84           
       3.81           
       3.72           
       3.76           
       3.80           
       3.95           
       3.95           
       3.93           
       3.94           
       3.90           
       3.87           
       3.86           
       3.78           
       3.84           
       3.60           
       3.87           
       3.98           
       3.92           
       3.90           
       3.81           
       3.78           
       3.78           
       3.87           
       3.84           
       3.96           
       3.97           
       3.93           
       3.94           
       3.98           
       4.05           
       4.00           
       3.99           
       3.84           
       3.85           
       3.97           
       3.87           
       3.88           
       3.84           
       3.82           
       3.85           
       3.88           
       3.89           
       3.85           
       3.92           
       4.01           
       4.08           
       4.09           
       4.06           
       3.62           
       3.69           
       3.89           
       3.79           
       3.87           
       3.67           
       3.74           
       3.68           
       3.59           
       3.78           
       3.77           
       3.69           
       3.72           
       4.03           
       3.83           
       3.91           
       3.95           
       3.90           
       3.87           
       3.89           
       3.88           
       3.82           
       3.83           
       3.92           
       3.79           
       3.91           
       3.84           
       3.92           
       3.92           
       4.03           
       3.81           
       3.80           
       3.75           
       3.78           
       3.82           
       3.92           
       3.99           
       3.94           
       3.96           
       3.98           
       3.93           
       3.85           
       3.93           
       3.89           
       4.03           
       3.90           
       3.84           
       3.87           
       3.92           
       3.99           
       3.87           
       3.99           
       4.12           
       4.21           
       4.14           
       3.95           
       3.79           
       3.87           
       3.94           
       3.76           
       3.73           
       3.73           
       3.90           
       4.07           
       3.95           
       3.75           
       3.88           
       3.82           
       3.88           
       3.88           
       3.94           
       3.90           
       3.86           
       3.73           
       3.95           
       3.94           
       4.04           
       3.87           
       3.79           
       3.90           
       3.90           
       3.88           
       3.96           
       3.93           
       3.92           
       3.92           
       3.75           
       3.56           
       3.56           
       3.77           
       3.78           
       3.82           
       3.88           
       3.85           
       3.84           
       3.77           
       3.82           
       3.88           
       3.71           
       3.72           
       3.71           
       3.79           
       3.89           
       3.77           
       3.77           
       3.42           
       3.77           
       3.78           
       3.88           
       3.89           
       3.92           
       3.88           
       3.86           
       3.91           
       3.85           
       3.88           
       3.80           
       3.76           
       3.77           
       3.83           
       3.80           
       3.91           
       3.79           
       3.89           
       3.80           
       3.87           
       3.77           
       3.93           
       3.83           
       3.73           
       3.74           
       3.87           
       3.91           
       3.89           
       4.04           
       3.95           
       4.06           
       3.94           
       3.95           
       3.87           
       4.06           
       4.07           
       3.88           
       4.09           
       4.01           
       4.06           
       3.97           
       3.95           
       4.02           
       4.04           
       3.90           
       3.80           
       3.93           
       3.90           
       3.88           
       3.92           
       4.03           
       3.89           
       4.02           
       3.87           
       3.83           
       3.83           
       3.91           
       3.92           
       3.92           
       3.84           
       3.92           
       3.90           
       3.92           
       4.12           
       4.04           
       4.01           
       4.03           
       3.96           
       3.88           
       3.91           
       3.94           
       3.98           
       3.92           
       3.81           
       3.77           
       3.67           
       3.63           
       3.81           
       3.88           
       3.85           
       3.92           
       3.93           
       3.82           
       3.89           
       3.84           
       3.99           
       3.75           
       3.96           
       3.80           
       3.85           
       3.92           
       4.01           
       4.02           
       4.06           
       3.95           
       3.95           
       3.93           
       3.87           
       3.89           
       3.92           
       3.98           
       3.93           
       3.81           
       3.81           
       3.84           
       3.88           
       3.89           
       4.02           
       4.00           
       4.06           
       3.95           
       3.90           
       3.81           
       3.83           
       3.94           
       3.82           
       3.56           
       3.77           
       3.86           
       3.85           
       3.81           
       3.87           
       3.79           
       3.86           
       3.88           
       3.88           
       3.87           
       3.91           
       3.83           
       3.88           
       3.91           
       3.85           
       3.79           
       3.86           
       3.92           
       3.75           
       3.83           
       3.83           
       3.92           
       3.91           
       3.84           
       3.93           
       3.91           
       3.95           
       3.82           
       3.71           
       3.82           
       3.90           
       3.89           
       3.93           
       3.85           
       4.01           
       3.96           
       3.91           
       3.84           
       3.91           
       3.91           
       3.98           
       3.92           
       4.01           
       3.94           
       3.86           
       3.85           
       3.77           
       3.95           
       3.86           
       3.93           
       3.67           
       3.78           
       3.81           
       3.93           
       3.91           
       3.92           
       4.00           
       4.06           
       3.95           
       3.84           
       3.97           
       4.27           
       4.10           
       4.14           
       3.90           
       3.93           
       3.99           
       3.82           
       3.87           
       3.85           
       3.85           
       3.83           
       3.81           
       3.75           
       3.75           
       3.85           
       3.84           
       3.80           
       3.78           
       3.86           
       3.88           
       3.76           
       3.83           
       3.82           
       3.88           
       3.85           
       3.79           
       3.87           
       4.03           
       3.93           
       3.91           
       3.95           
       3.81           
       3.85           
       3.76           
       3.78           
       3.78           
       3.78           
       3.61           
       3.59           
       3.59           
       3.70           
       3.77           
       3.85           
       3.83           
       3.86           
       3.85           
       3.87           
       3.84           
       3.62           
       3.29           
       3.58           
       3.79           
       3.79           
       3.78           
       3.94           
       4.00           
       4.00           
       4.04           
       3.98           
       4.07           
       3.97           
       3.82           
       3.85           
       3.90           
       3.80           
       3.85           
       3.80           
       3.85           
       3.77           
       3.79           
       3.76           
       3.92           
       3.85           
       3.75           
       3.75           
       3.80           
       4.01           
       3.83           
       3.88           
       3.85           
       3.76           
       3.80           
       3.86           
       3.82           
       3.87           
       3.72           
       3.74           
       3.75           
       3.79           
       3.74           
       3.67           
       3.71           
       3.67           
       3.76           
       3.87           
       3.81           
       3.80           
       3.71           
       3.75           
       3.85           
       3.84           
       3.88           
       3.92           
       3.96           
       3.94           
       4.09           
       4.21           
       4.01           
       3.90           
       4.07           
       4.04           
       4.01           
       4.03           
       4.00           
       3.94           
       3.95           
       3.84           
       3.79           
       3.83           
       3.85           
       3.90           
       3.73           
       3.79           
       3.88           
       3.82           
       3.73           
       3.85           
       3.79           
       3.74           
       3.87           
       3.83           
       3.87           
       3.71           
       3.68           
       3.84           
       3.87           
       3.82           
       3.78           
       3.68           
       3.78           
       3.82           
       3.86           
       3.82           
       3.83           
       3.68           
       3.74           
       3.85           
       4.00           
       3.85           
       3.84           
       3.81           
       3.80           
       3.78           
       3.83           
       3.73           
       3.44           
       3.80           
       3.67           
       3.79           
       3.76           
       3.75           
       3.89           
       3.79           
       3.79           
       3.78           
       3.77           
       3.82           
       3.88           
       3.86           
       3.80           
       3.82           
       3.82           
       3.81           
       3.85           
       3.72           
       3.60           
       3.54           
       3.58           
       3.81           
       3.84           
       3.78           
       3.75           
       3.73           
       3.72           
       3.85           
       3.67           
       3.73           
       3.68           
       3.74           
       3.80           
       3.81           
       3.79           
       3.76           
       3.86           
       3.84           
       3.72           
       3.70           
       3.47           
       3.69           
       3.50           
       3.59           
       3.85           
       3.99           
       4.03           
       3.90           
       3.92           
       3.91           
       3.82           
       4.06           
       3.96           
       3.98           
       3.92           
       3.95           
       3.89           
       3.83           
       3.83           
       3.73           
       3.83           
       3.89           
       3.89           
       3.86           
       3.87           
       3.85           
       3.69           
       3.57           
       3.58           
       3.78           
       3.87           
       3.83           
       3.98           
       4.11           
       4.16           
       4.13           
       4.03           
       3.99           
       4.01           
       4.04           
       3.95           
       3.93           
       3.91           
       3.86           
       3.71           
       3.72           
       3.71           
       3.84           
       3.83           
       3.84           
       3.90           
       4.16           
       3.78           
       3.87           
       3.86           
       3.80           
       3.79           
       3.76           
       3.70           
       3.78           
       3.72           
       3.76           
       3.77           
       3.86           
       3.92           
       3.85           
       3.82           
       3.84           
       3.94           
       3.82           
       3.88           
       3.74           
       3.78           
       3.81           
       3.83           
       3.97           
       3.83           
       3.82           
       3.97           
       3.87           
       3.87           
       3.88           
       3.92           
       4.00           
       3.90           
       3.93           
       3.98           
       3.95           
       3.97           
       3.96           
       3.98           
       3.96           
       3.98           
       3.81           
       3.80           
       3.76           
       3.85           
       3.73           
       3.61           
       3.71           
       3.76           
       3.85           
       3.76           
       3.83           
       3.93           
       3.94           
       3.85           
       3.68           
       3.77           
       3.89           
       4.04           
       4.05           
       3.90           
       3.92           
       3.77           
       4.04           
       3.91           
       3.86           
       3.87           
       4.01           
       3.98           
       3.88           
       3.83           
       3.98           
       3.92           
       4.03           
       3.79           
       3.91           
       3.88           
       3.90           
       3.89           
       3.91           
       3.92           
       3.81           
       3.86           
       3.67           
       3.56           
       3.63           
       3.66           
       3.66           
       3.66           
       3.64           
       3.71           
       3.74           
       3.82           
       3.81           
       3.90           
       3.80           
       3.88           
       3.82           
       3.84           
       3.78           
       3.66           
       3.60           
       3.83           
       4.03           
       3.99           
       3.81           
       3.89           
       3.67           
       3.69           
       3.75           
       3.63           
       3.62           
       3.53           
       3.74           
       3.77           
       3.88           
       3.87           
       3.77           
       3.76           
       3.80           
       3.77           
       3.79           
       3.84           
       3.75           
       3.75           
       3.79           
       3.78           
       3.79           
       3.69           
       3.75           
       4.03           
       3.82           
       3.83           
       3.78           
       3.77           
       3.81           
       3.83           
       3.94           
       3.68           
       3.76           
       3.77           
       3.86           
       3.87           
       3.79           
       3.74           
       3.74           
       3.71           
       3.69           
       3.81           
       3.77           
       3.85           
       3.77           
       3.89           
       3.86           
       3.91           
       4.02           
       3.95           
       3.77           
       3.81           
       3.78           
       3.44           
       3.64           
       3.59           
       3.70           
       3.84           
       3.75           
       3.74           
       3.79           
       3.81           
       3.79           
       3.73           
       3.66           
       3.70           
       3.64           
       3.76           
       3.86           
       3.90           
       3.82           
       3.89           
       3.77           
       3.79           
       3.67           
       3.73           
       3.72           
       3.76           
       3.77           
       3.72           
       3.72           
       3.74           
       3.95           
       3.84           
       3.77           
       3.83           
       3.67           
       3.52           
       3.55           
       3.67           
       3.76           
       3.76           
       3.67           
       3.77           
       3.73           
       3.81           
       3.80           
       3.78           
       3.83           
       3.86           
       3.92           
       3.73           
       3.76           
       3.82           
       3.84           
       3.63           
       3.34           
       3.53           
       3.53           
       3.73           
       3.86           
       3.66           
       3.75           
       3.78           
       3.75           
       3.75           
       3.76           
       3.78           
       3.85           
       3.89           
       3.76           
       3.90           
       3.88           
       3.87           
       3.85           
       3.74           
       3.70           
       3.71           
       3.86           
       3.88           
       3.86           
       3.83           
       3.86           
       3.87           
       3.85           
       3.81           
       3.85           
       3.80           
       3.87           
       3.81           
       3.85           
       3.72           
       3.86           
       3.71           
       3.70           
       3.53           
       3.75           
       3.75           
       3.91           
       3.86           
       3.78           
       3.74           
       3.76           
       3.80           
       3.78           
       3.79           
       3.79           
       3.83           
       3.90           
       3.90           
       3.88           
       3.86           
       3.82           
       3.77           
       3.69           
       3.66           
       3.70           
       3.81           
       3.72           
       3.81           
       3.75           
       3.80           
       3.75           
       3.79           
       3.85           
       3.81           
       3.79           
       3.95           
       4.04           
       3.88           
       3.71           
       3.73           
       3.64           
       3.79           
       3.77           
       3.74           
       3.55           
       3.52           
       3.77           
       3.78           
       3.56           
       3.71           
       3.76           
       3.97           
       3.94           
       3.74           
       3.94           
       3.84           
       3.83           
       3.85           
       3.83           
       3.86           
       3.72           
       3.77           
       3.76           
       3.90           
       3.86           
       3.76           
       3.74           
       3.70           
       3.73           
       3.76           
       4.00           
       3.94           
       3.82           
       3.87           
       3.77           
       3.78           
       3.84           
       3.76           
       3.74           
       3.70           
       3.66           
       3.64           
       3.76           
       3.78           
       3.72           
       3.76           
       3.74           
       3.66           
       3.22           
       3.56           
       3.77           
       3.89           
       3.82           
       3.91           
       3.79           
       3.85           
       3.76           
       3.76           
       3.85           
       3.82           
       3.78           
       3.76           
       3.81           
       3.80           
       3.75           
       3.68           
       3.69           
       3.60           
       3.34           
       3.12           
       3.34           
       3.30           
       3.52           
       3.75           
       3.67           
       3.70           
       3.76           
       3.77           
       3.88           
       3.81           
       3.88           
       3.77           
       3.73           
       3.64           
       3.59           
       3.63           
       3.61           
       3.80           
       3.76           
       3.89           
       3.88           
       3.79           
       3.78           
       3.89           
       3.95           
       3.85           
       3.84           
       3.87           
       3.83           
       3.80           
       3.74           
       3.86           
       3.77           
       3.97           
       3.95           
       3.83           
       3.83           
       3.82           
       3.87           
       3.79           
       3.76           
       3.77           
       3.77           
       3.84           
       3.69           
       3.74           
       3.89           
       3.81           
       3.86           
       3.82           
       3.81           
       3.79           
       3.70           
       3.74           
       3.76           
       3.79           
       3.82           
       3.91           
       3.86           
       3.79           
       3.68           
       3.83           
       3.85           
       3.88           
       3.72           
       3.64           
       3.87           
