202.00  0.00
179.00  0.00
157.00  0.00
179.00  0.00
178.00  0.00
157.00  0.00
179.00  0.00
179.00  0.00
158.00  0.00
178.00  0.00
178.00  0.00
173.00  0.00
189.00  0.00
178.00  0.00
176.00  0.00
189.00  0.00
178.00  0.00
186.00  0.00
184.00  0.00
174.00  0.00
188.00  0.00
177.00  0.00
186.00  0.00
184.00  0.00
175.00  0.00
190.00  0.00
178.00  0.00
185.00  0.00
182.00  0.00
175.00  0.00
189.00  0.00
177.00  0.00
177.00  0.00
189.00  0.00
177.00  0.00
177.00  0.00
188.00  0.00
175.00  0.00
175.00  0.00
187.00  0.00
176.00  0.00
176.00  0.00
188.00  0.00
177.00  0.00
176.00  0.00
189.00  0.00
177.00  0.00
174.00  0.00
186.00  0.00
175.00  0.00
174.00  0.00
186.00  0.00
174.00  0.00
173.00  0.00
185.00  0.00
173.00  0.00
171.00  0.00
183.00  0.00
172.00  0.00
171.00  0.00
183.00  0.00
172.00  0.00
171.00  0.00
184.00  0.00
173.00  0.00
173.00  0.00
185.00  0.00
174.00  0.00
173.00  0.00
184.00  0.00
173.00  0.00
173.00  0.00
185.00  0.00
173.00  0.00
173.00  0.00
186.00  0.00
175.00  0.00
174.00  0.00
186.00  0.00
174.00  0.00
173.00  0.00
186.00  0.00
174.00  0.00
174.00  0.00
185.00  0.00
172.00  0.00
172.00  0.00
185.00  0.00
174.00  0.00
173.00  0.00
186.00  0.00
174.00  0.00
173.00  0.00
186.00  0.00
173.00  0.00
173.00  0.00
184.00  0.00
172.00  0.00
172.00  0.00
184.00  0.00
173.00  0.00
172.00  0.00
183.00  0.00
172.00  0.00
171.00  0.00
182.00  0.00
171.00  0.00
171.00  0.00
184.00  0.00
173.00  0.00
171.00  0.00
183.00  0.00
173.00  0.00
173.00  0.00
186.00  0.00
174.00  0.00
173.00  0.00
186.00  0.00
174.00  0.00
173.00  0.00