104.00  0.00
106.00  0.00
118.00  0.00
118.00  0.00
106.00  0.00
98.00  0.00
98.00  0.00
106.00  0.00
120.00  0.00
120.00  0.00
105.00  0.00
97.00  0.00
97.00  0.00
104.00  0.00
118.00  0.00
118.00  0.00
104.00  0.00
97.00  0.00
97.00  0.00
104.00  0.09
117.00  0.00
116.00  0.00
104.00  0.00
97.00  0.00
97.00  0.00
105.00  0.00
120.00  0.00
119.00  0.00
105.00  0.00
98.00  0.00
98.00  0.00
106.00  0.00
118.00  0.00
117.00  0.00
105.00  0.00
98.00  0.00
98.00  0.00
106.00  0.00
119.00  0.00
119.00  0.00
105.00  0.00
97.00  0.00
97.00  0.00
104.00  0.00
117.00  0.00
117.00  0.00
103.00  0.00
97.00  0.00
96.00  0.00
102.00  0.00
116.00  0.00
117.00  0.00
103.00  0.00
96.00  0.00
97.00  0.00
104.00  0.00
117.00  0.00
117.00  0.00
104.00  0.00
97.00  0.00
98.00  0.00
105.00  0.00
119.00  0.00
120.00  0.00
107.00  0.00
99.00  0.00
98.00  0.00
106.00  0.00
120.00  0.00
119.00  0.00
105.00  0.00
99.00  0.00
99.00  0.00
107.00  0.00
121.00  0.00
120.00  0.00
106.00  0.00
99.00  0.00
99.00  0.00
106.00  0.00
120.00  0.00
119.00  0.00
105.00  0.00
99.00  0.00
99.00  0.00
106.00  0.00
119.00  0.00
119.00  0.00
105.00  0.00
98.00  0.00
98.00  0.00
105.00  0.00
119.00  0.00
119.00  0.00
106.00  0.00
99.00  0.00
99.00  0.00
107.00  0.00
120.00  0.00
120.00  0.00
108.00  0.00
100.00  0.00
99.00  0.00
107.00  0.00
121.00  0.00
121.00  0.00
107.00  0.00
100.00  0.00
100.00  0.00
108.00  0.00
123.00  0.00
127.00  0.00
127.00  0.00
127.00  0.00
121.00  0.00
107.00  0.00
100.00  0.00
100.00  0.00
107.00  0.00
122.00  0.00