139.00  0.00
130.00  0.00
139.00  0.00
157.00  0.00
157.00  0.00
139.00  0.00
130.00  0.00
130.00  0.00
139.00  0.00
157.00  0.00
157.00  0.00
139.00  0.00
129.00  0.00
128.00  0.00
138.00  0.00
156.00  0.00
156.00  0.00
137.00  0.00
126.00  0.00
127.00  0.00
137.00  0.00
155.00  0.00
156.00  0.00
138.00  0.00
128.00  0.00
129.00  0.00
138.00  0.00
157.00  0.00
158.00  0.00
140.00  0.00
130.00  0.00
130.00  0.00
140.00  0.00
158.00  0.00
158.00  0.00
139.00  0.00
130.00  0.00
130.00  0.00
139.00  0.00
157.00  0.00
158.00  0.00
140.00  0.00
129.00  0.00
129.00  0.00
139.00  0.00
158.00  0.00
158.00  0.00
140.00  0.00
130.00  0.00
130.00  0.00
139.00  0.00
157.00  0.00
157.00  0.00
139.00  0.00
129.00  0.00
130.00  0.00
140.00  0.00
158.00  0.00
157.00  0.00
138.00  0.00
129.00  0.00
129.00  0.00
139.00  0.00
157.00  0.00
157.00  0.00
139.00  0.00
129.00  0.00
128.00  0.00
137.00  0.00
156.00  0.00
157.00  0.00
139.00  0.00
129.00  0.00
129.00  0.00
138.00  0.00
155.00  0.00
156.00  0.00
139.00  0.00
129.00  0.00
129.00  0.00
139.00  0.00
157.00  0.00
157.00  0.00
139.00  0.00
129.00  0.00
129.00  0.00
138.00  0.00
156.00  0.00
158.00  0.00
140.00  0.00
129.00  0.00
130.00  0.00
139.00  0.00
157.00  0.00
158.00  0.00
140.00  0.00
129.00  0.00
129.00  0.00
138.00  0.00
157.00  0.00
158.00  0.00
140.00  0.00
130.00  0.00
130.00  0.00
139.00  0.00
157.00  0.00
158.00  0.00
140.00  0.00
130.00  0.00
130.00  0.00
140.00  0.00
158.00  0.00
159.00  0.00
140.00  0.00
130.00  0.00
130.00  0.00
140.00  0.00
158.00  0.00
158.00  0.00
140.00  0.00