187.00  0.00
184.00  0.00
207.00  0.00
206.00  0.00
184.00  0.00
208.00  0.00
206.00  0.00
184.00  0.00
208.00  0.00
207.00  0.00
185.00  0.00
208.00  0.00
207.00  0.00
185.00  0.00
208.00  0.00
207.00  0.00
185.00  0.00
210.00  0.00
208.00  0.00
184.00  0.00
208.00  0.00
208.00  0.00
186.00  0.00
209.00  0.00
207.00  0.00
185.00  0.00
208.00  0.00
208.00  0.00
186.00  0.00
212.00  0.00
211.00  0.00
186.00  0.00
209.00  0.00
208.00  0.00
186.00  0.00
209.00  0.00
207.00  0.00
184.00  0.00
208.00  0.00
207.00  0.00
184.00  0.00
211.00  0.00
210.00  0.00
185.00  0.00
207.00  0.00
207.00  0.00
186.00  0.00
210.00  0.00
210.00  0.00
187.00  0.00
210.00  0.00
209.00  0.00
186.00  0.00
209.00  0.00
208.00  0.00
186.00  0.00
209.00  0.00
208.00  0.00
186.00  0.00
210.00  0.00
208.00  0.00
184.00  0.00
208.00  0.00
207.00  0.00
185.00  0.00
209.00  0.00
207.00  0.00
184.00  0.00
207.00  0.00
206.00  0.00
184.00  0.00
209.00  0.00
208.00  0.00
184.00  0.00
208.00  0.00
208.00  0.00
186.00  0.00
210.00  0.00
209.00  0.00
186.00  0.00
209.00  0.00
207.00  0.00
185.00  0.00
209.00  0.00
208.00  0.00
187.00  0.00
211.00  0.00
208.00  0.00
185.00  0.00
210.00  0.00
209.00  0.00
186.00  0.00
211.00  0.00
210.00  0.00
185.00  0.00
210.00  0.00
208.00  0.00
183.00  0.00
203.00  0.00
203.00  0.00
184.00  0.00
209.00  0.00
208.00  0.00
183.00  0.00
206.00  0.00
205.00  0.00
183.00  0.00
210.00  0.00
208.00  0.00
182.00  0.00
206.00  0.00
204.00  0.00
181.00  0.00
205.00  0.00
205.00  0.00
182.00  0.00
91.00  0.00
94.00  0.01
202.00  0.00
214.00  0.00