       2.90           
       2.86           
       2.94           
       2.99           
       2.98           
       2.93           
       2.97           
       2.94           
       2.93           
       2.96           
       2.96           
       2.88           
       2.93           
       2.93           
       2.91           
       2.81           
       2.92           
       2.81           
       2.81           
       2.80           
       2.95           
       2.93           
       2.92           
       2.94           
       2.91           
       2.93           
       2.94           
       2.97           
       2.94           
       2.92           
       2.87           
       2.77           
       2.73           
       2.96           
       3.00           
       2.98           
       2.97           
       2.94           
       2.86           
       2.98           
       2.95           
       2.96           
       2.90           
       2.95           
       2.88           
       2.81           
       2.93           
       2.94           
       2.97           
       2.93           
       2.83           
       2.92           
       2.85           
       2.80           
       2.86           
       2.92           
       2.92           
       2.99           
       3.00           
       2.99           
       2.98           
       2.98           
       2.93           
       2.97           
       2.99           
       2.98           
       3.00           
       2.94           
       2.94           
       2.95           
       2.88           
       2.93           
       2.89           
       2.96           
       2.91           
       2.97           
       2.78           
       2.83           
       2.82           
       2.85           
       2.91           
       2.90           
       2.96           
       2.79           
       2.87           
       2.86           
       3.00           
       2.76           
       2.70           
       2.83           
       2.93           
       2.99           
       2.81           
       2.96           
       2.92           
       2.89           
       2.90           
       2.97           
       3.01           
       2.94           
       2.96           
       2.82           
       2.53           
       2.83           
       2.86           
       2.91           
       2.69           
       2.76           
       2.86           
       2.69           
       2.70           
       2.46           
       2.79           
       2.86           
       2.93           
       2.72           
       2.71           
       2.79           
       2.81           
       2.59           
       2.81           
       2.91           
       2.94           
       2.78           
       2.79           
       2.71           
       2.81           
       2.84           
       2.88           
       2.88           
       2.90           
       2.98           
       2.95           
       2.93           
       2.93           
       2.92           
       3.01           
       2.98           
       2.90           
       2.96           
       2.99           
       2.98           
       3.00           
       2.96           
       2.98           
       2.95           
       2.89           
       2.93           
       2.97           
       2.95           
       2.88           
       2.87           
       2.94           
       2.91           
       2.92           
       2.90           
       2.94           
       2.95           
       2.97           
       2.95           
       2.99           
       2.98           
       2.95           
       2.96           
       2.91           
       2.96           
       3.02           
       2.92           
       2.90           
       2.93           
       2.96           
       2.94           
       2.93           
       2.93           
       2.92           
       3.00           
       2.94           
       2.83           
       2.94           
       2.92           
       2.82           
       2.84           
       2.79           
       2.86           
       2.93           
       2.87           
       2.93           
       2.93           
       2.85           
       2.96           
       2.97           
       3.02           
       2.94           
       2.97           
       2.94           
       2.93           
       2.93           
       2.96           
       2.97           
       2.96           
       2.90           
       2.93           
       2.96           
       3.03           
       3.00           
       2.99           
       2.94           
       2.94           
       2.89           
       2.98           
       2.97           
       2.81           
       2.89           
       2.80           
       2.66           
       2.74           
       2.70           
       2.77           
       2.92           
       2.98           
       2.99           
       2.96           
       2.92           
       2.80           
       2.95           
       2.86           
       2.86           
       2.91           
       2.94           
       2.96           
       2.88           
       2.69           
       2.85           
       2.86           
       2.81           
       2.75           
       2.85           
       2.98           
       2.85           
       2.93           
       2.95           
       2.92           
       2.95           
       2.96           
       2.95           
       2.98           
       2.98           
       2.94           
       2.83           
       2.95           
       3.00           
       2.97           
       3.01           
       2.99           
       2.94           
       2.97           
       2.92           
       2.85           
       2.93           
       2.96           
       2.84           
       2.89           
       2.98           
       3.02           
       3.06           
       2.90           
       3.00           
       3.06           
       3.05           
       3.06           
       2.96           
       2.98           
       3.00           
       3.01           
       2.98           
       3.06           
       3.00           
       2.97           
       2.96           
       3.01           
       2.98           
       3.01           
       3.00           
       2.95           
       2.97           
       2.95           
       2.94           
       2.93           
       2.98           
       2.93           
       3.01           
       2.99           
       2.96           
       3.03           
       3.00           
       3.00           
       3.02           
       3.00           
       2.97           
       2.99           
       2.97           
       2.97           
       2.96           
       2.91           
       2.95           
       2.83           
       2.93           
       2.86           
       2.97           
       2.94           
       2.96           
       2.95           
       2.96           
       2.91           
       2.92           
       2.92           
       2.96           
       2.97           
       2.96           
       3.01           
       2.99           
       2.80           
       2.82           
       2.89           
       2.88           
       2.86           
       2.93           
       2.97           
       2.98           
       2.96           
       3.00           
       2.99           
       3.05           
       2.92           
       2.94           
       2.74           
       2.88           
       3.00           
       2.94           
       2.96           
       2.99           
       2.96           
       2.97           
       2.98           
       2.99           
       2.79           
       2.95           
       2.99           
       2.98           
       2.96           
       3.00           
       2.97           
       3.00           
       3.05           
       3.00           
       2.96           
       2.94           
       2.98           
       2.90           
       2.96           
       2.90           
       2.62           
       2.81           
       2.96           
       3.03           
       2.99           
       2.95           
       2.98           
       3.05           
       3.04           
       2.98           
       2.99           
       2.98           
       2.97           
       2.96           
       2.97           
       2.99           
       2.95           
       2.88           
       2.93           
       2.93           
       2.99           
       2.96           
       2.93           
       2.92           
       2.99           
       2.96           
       2.80           
       2.90           
       3.00           
       2.99           
       2.95           
       2.94           
       2.97           
       2.99           
       3.07           
       2.97           
       2.99           
       2.97           
       2.93           
       2.88           
       2.98           
       3.00           
       2.83           
       2.57           
       2.67           
       3.03           
       2.97           
       3.02           
       3.03           
       3.00           
       2.95           
       2.99           
       2.98           
       2.96           
       3.04           
       3.01           
       3.01           
       3.02           
       3.00           
       3.00           
       2.98           
       3.00           
       3.02           
       3.02           
       2.93           
       2.98           
       2.96           
       3.00           
       2.98           
       2.98           
       2.95           
       3.02           
       2.96           
       3.01           
       2.93           
       2.97           
       3.01           
       2.99           
       2.97           
       3.01           
       3.06           
       3.05           
       2.98           
       3.01           
       2.93           
       3.02           
       2.93           
       3.01           
       3.05           
       3.05           
       3.05           
       3.00           
       3.00           
       3.00           
       3.00           
       2.96           
       2.95           
       2.94           
       2.97           
       2.95           
       2.93           
       2.96           
       2.90           
       2.75           
       2.62           
       2.93           
       3.04           
       2.91           
       2.88           
       2.96           
       2.95           
       2.92           
       2.55           
       2.69           
       2.94           
       2.84           
       2.91           
       2.91           
       2.97           
       2.95           
       2.97           
       2.97           
       2.96           
       3.02           
       2.96           
       3.03           
       2.99           
       2.94           
       2.95           
       2.97           
       2.98           
       2.96           
       2.95           
       2.96           
       2.90           
       2.94           
       2.96           
       2.93           
       2.98           
       2.94           
       2.96           
       2.96           
       2.81           
       2.74           
       2.96           
       2.94           
       2.87           
       2.98           
       3.02           
       3.04           
       3.03           
       3.03           
       3.02           
       2.89           
       2.97           
       3.00           
       2.94           
       2.98           
       3.03           
       3.02           
       2.97           
       3.01           
       2.97           
       2.98           
       2.97           
       2.97           
       2.98           
       2.81           
       2.96           
       2.94           
       2.96           
       2.94           
       2.91           
       2.95           
       2.96           
       2.94           
       2.82           
       2.98           
       2.98           
       2.96           
       3.06           
       2.99           
       2.95           
       2.98           
       3.02           
       3.01           
       2.93           
       2.85           
       2.91           
       3.01           
       3.00           
       2.93           
       3.01           
       3.00           
       3.00           
       3.05           
       2.99           
       2.97           
       3.03           
       2.99           
       2.99           
       2.97           
       2.99           
       2.99           
       3.00           
       3.00           
       3.01           
       3.00           
       2.95           
       2.96           
       2.96           
       2.90           
       2.85           
       2.92           
       2.93           
       2.96           
       2.93           
       2.93           
       2.90           
       2.92           
       2.97           
       2.97           
       2.97           
       2.95           
       2.97           
       2.96           
       2.98           
       2.97           
       2.97           
       3.00           
       2.92           
       3.00           
       3.00           
       3.00           
       2.84           
       2.96           
       2.96           
       2.95           
       3.02           
       2.98           
       2.81           
       2.96           
       2.97           
       3.00           
       2.94           
       3.00           
       2.98           
       2.99           
       2.95           
       2.93           
       2.98           
       3.03           
       3.04           
       2.97           
       2.90           
       2.78           
       2.15           
       2.56           
       2.58           
       2.89           
       2.94           
       2.96           
       2.89           
       2.87           
       2.98           
       2.96           
       3.01           
       2.97           
       2.92           
       2.97           
       3.01           
       2.92           
       3.00           
       3.00           
       3.02           
       2.96           
       3.00           
       2.98           
       3.02           
       3.03           
       3.01           
       3.03           
       2.94           
       2.99           
       2.98           
       2.99           
       2.94           
       2.87           
       3.02           
       3.04           
       2.99           
       3.02           
       3.00           
       2.97           
       3.09           
       3.03           
       2.98           
       2.95           
       2.96           
       2.97           
       2.98           
       2.96           
       2.90           
       2.95           
       2.93           
       2.85           
       3.00           
       3.01           
       3.00           
       2.97           
       2.97           
       2.98           
       3.00           
       2.95           
       2.91           
       2.96           
       3.00           
       2.85           
       2.72           
       2.95           
       2.91           
       2.97           
       2.96           
       3.00           
       3.00           
       3.04           
       3.08           
       3.09           
       3.01           
       3.02           
       3.00           
       3.01           
       2.97           
       2.94           
       3.03           
       2.98           
       2.92           
       2.98           
       2.94           
       2.98           
       3.00           
       3.02           
       3.00           
       2.98           
       3.00           
       2.98           
       2.97           
       2.94           
       3.00           
       2.99           
       3.02           
       2.97           
       3.00           
       2.98           
       2.99           
       2.99           
       2.97           
       2.97           
       3.00           
       2.89           
       2.95           
       3.06           
       3.00           
       2.97           
       2.97           
       3.01           
       3.02           
       3.00           
       3.05           
       3.04           
       3.02           
       2.95           
       3.05           
       2.98           
       3.01           
       2.93           
       2.96           
       3.00           
       3.02           
       3.08           
       2.99           
       3.03           
       3.03           
       3.00           
       2.99           
       2.99           
       2.97           
       2.96           
       2.84           
       2.91           
       2.95           
       2.93           
       2.96           
       3.03           
       2.99           
       2.95           
       2.97           
       2.98           
       3.00           
       2.99           
       2.99           
       2.98           
       3.02           
       3.01           
       3.02           
       3.02           
       3.01           
       3.01           
       3.00           
       3.00           
       2.99           
       3.00           
       2.98           
       2.98           
       3.06           
       2.97           
       3.00           
       2.99           
       2.97           
       2.93           
       3.00           
       2.97           
       2.97           
       2.96           
       2.95           
       2.88           
       3.02           
       2.95           
       3.02           
       2.94           
       2.94           
       3.02           
       2.96           
       2.96           
       2.94           
       3.06           
       2.91           
       2.84           
       2.97           
       2.90           
       2.97           
       2.95           
       2.84           
       2.94           
       2.88           
       2.82           
       2.95           
       2.87           
       2.96           
       2.99           
       2.96           
       2.99           
       2.98           
       2.99           
       3.01           
       3.00           
       2.94           
       2.96           
       2.97           
       3.02           
       3.02           
       3.00           
       3.01           
       3.03           
       3.03           
       2.95           
       2.97           
       3.00           
       3.06           
       3.00           
       3.02           
       3.05           
       3.00           
       3.01           
       3.01           
       2.94           
       3.00           
       3.06           
       3.00           
       2.98           
       3.04           
       3.01           
       2.99           
       3.03           
       3.00           
       2.97           
       3.01           
       2.98           
       2.97           
       2.98           
       2.95           
       2.99           
       2.97           
       2.96           
       3.01           
       2.95           
       2.97           
       3.02           
       3.05           
       3.06           
       3.05           
       3.02           
       2.97           
       3.00           
       2.99           
       3.00           
       3.01           
       2.97           
       2.97           
       3.01           
       3.02           
       3.05           
       3.08           
       3.02           
       3.05           
       3.04           
       3.04           
       3.03           
       2.94           
       3.02           
       3.01           
       2.93           
       3.02           
       2.97           
       2.97           
       3.01           
       3.02           
       3.06           
       2.99           
       2.98           
       2.98           
       3.00           
       2.99           
       3.03           
       3.05           
       3.06           
       3.01           
       3.05           
       3.04           
       2.99           
       3.00           
       2.99           
       2.93           
       3.03           
       3.03           
       2.99           
       3.02           
       2.97           
       3.00           
       2.97           
       3.00           
       2.91           
       3.01           
       3.03           
       3.04           
       3.01           
       2.97           
       3.02           
       3.01           
       2.93           
       3.00           
       2.97           
       2.97           
       2.99           
       2.99           
       3.04           
       3.02           
       2.96           
       2.97           
       2.94           
       2.97           
       2.95           
       2.97           
       3.00           
       3.01           
       3.03           
       2.95           
       3.00           
       2.94           
       2.97           
       2.94           
       2.96           
       2.87           
       2.95           
       2.98           
       3.04           
       2.94           
       2.95           
       2.98           
       2.95           
       2.99           
       2.93           
       2.92           
       2.95           
       3.00           
       2.96           
       2.97           
       3.00           
       3.00           
       2.97           
       2.98           
       2.98           
       2.97           
       2.97           
       3.01           
       3.02           
       3.00           
       3.04           
       3.00           
       2.98           
       2.95           
       2.98           
       2.94           
       2.92           
       2.97           
       3.03           
       2.55           
       2.51           
       2.77           
       2.98           
       2.93           
       2.88           
       2.58           
       2.96           
       2.98           
       2.94           
       2.97           
       3.00           
       2.99           
       3.00           
       2.97           
       3.03           
       2.99           
       2.99           
       2.96           
       3.01           
       2.87           
       2.99           
       2.93           
       2.95           
       2.97           
       2.97           
       2.97           
       2.98           
       2.95           
       2.96           
       3.00           
       3.00           
       3.07           
       3.02           
       2.96           
       2.99           
       2.97           
       3.01           
       2.97           
       2.97           
       3.02           
       3.01           
       3.01           
       3.02           
       2.96           
       2.99           
       2.98           
       3.03           
       2.99           
       2.99           
       3.04           
       3.01           
       2.98           
       3.02           
       3.04           
       3.06           
       3.05           
       3.01           
       3.06           
       3.03           
       3.05           
       3.10           
       3.06           
       2.97           
       2.98           
       2.98           
       2.93           
       2.95           
       3.02           
       3.02           
       2.99           
       3.00           
       3.00           
       3.06           
       3.00           
       3.05           
       3.06           
       3.10           
       3.07           
       3.04           
       2.97           
       2.97           
       2.93           
       2.73           
       2.76           
       2.97           
       3.00           
       2.92           
       2.93           
       3.03           
       3.05           
       3.05           
       3.03           
       3.04           
       3.01           
       3.00           
       2.95           
       2.97           
       2.99           
       2.95           
       2.98           
       2.96           
       2.99           
       3.02           
       3.00           
       2.92           
       2.98           
       3.00           
       3.00           
       3.00           
       2.96           
       3.02           
       3.00           
       2.97           
       3.01           
       2.99           
       3.01           
       2.96           
       2.94           
       2.96           
       2.98           
       3.01           
       3.03           
       2.99           
       2.98           
       2.96           
       3.01           
       2.96           
       2.95           
       2.94           
       2.99           
       3.04           
       3.00           
       3.00           
       2.97           
       3.03           
       2.99           
       3.03           
       2.99           
       2.99           
       2.99           
       2.99           
       3.00           
       2.99           
       2.96           
       3.05           
       3.05           
       3.01           
       3.11           
       3.00           
       3.04           
       3.05           
       3.01           
       3.02           
       3.05           
       3.00           
       2.99           
       3.01           
       3.02           
       2.99           
       3.06           
       3.00           
       3.03           
       2.96           
       2.96           
       2.97           
       2.96           
       2.97           
       3.00           
       3.01           
       3.02           
       3.04           
       3.02           
       2.95           
       2.96           
       2.96           
       2.96           
       2.96           
       3.01           
       3.02           
       3.06           
       3.06           
       2.98           
       3.00           
       3.03           
       3.05           
       3.00           
       3.02           
       3.07           
       3.01           
       3.05           
       3.02           
       3.02           
       3.01           
       3.02           
       3.00           
       3.03           
       3.04           
       3.03           
       3.07           
       3.10           
       3.07           
       3.04           
       3.01           
       3.13           
       3.10           
       3.03           
       3.08           
       3.09           
       3.09           
       3.01           
       3.03           
       3.04           
       3.08           
       3.03           
       3.03           
       3.02           
       3.11           
       3.13           
       3.03           
       3.01           
       2.98           
       3.04           
       3.06           
       3.02           
       3.01           
       3.01           
       3.03           
       3.03           
       3.02           
       3.05           
       3.04           
       3.10           
       3.01           
       3.01           
       3.03           
       3.07           
       3.08           
       3.02           
       3.00           
       2.95           
       2.98           
       2.99           
       3.01           
       3.03           
       3.05           
       2.98           
       3.00           
       3.04           
       3.06           
       3.08           
       3.07           
       2.99           
       2.96           
       3.03           
       3.02           
       2.99           
       3.00           
       3.01           
       3.03           
       3.05           
       2.98           
       3.00           
       3.00           
       3.00           
       3.01           
       3.03           
       2.98           
       2.96           
       3.02           
       2.99           
       2.96           
       3.09           
       2.99           
       3.00           
       2.97           
       2.97           
       3.03           
       3.04           
       3.03           
       2.99           
       3.04           
       3.02           
       3.01           
       3.00           
       2.99           
       3.04           
       3.02           
       3.02           
       3.03           
       3.02           
       3.03           
       3.00           
       2.99           
       3.02           
       2.96           
       2.99           
       3.07           
       3.08           
       3.07           
       3.04           
       3.06           
       3.03           
       3.05           
       3.07           
       3.05           
       3.05           
       3.04           
       3.09           
       3.09           
       3.02           
       3.03           
       3.08           
       2.99           
       2.91           
       3.20           
       3.23           
       3.21           
       3.15           
       3.08           
       3.00           
       2.98           
       3.01           
       3.00           
       2.99           
       2.99           
       2.98           
       3.00           
       3.08           
       3.07           
       3.11           
       3.06           
       3.01           
       3.03           
       3.01           
       3.02           
       3.05           
       3.02           
       3.03           
       3.03           
       3.04           
       2.98           
       3.04           
       3.05           
       3.06           
       2.98           
       2.97           
       2.71           
       2.95           
       2.92           
       2.81           
       2.98           
       2.99           
       3.02           
       3.03           
       3.00           
       3.05           
       3.06           
       3.04           
       3.01           
       3.00           
       3.00           
       2.97           
       3.01           
       2.98           
       3.03           
       3.03           
       2.98           
       3.03           
       2.99           
       2.97           
       2.97           
       2.97           
       3.01           
       3.00           
       3.00           
       3.05           
       3.03           
       3.03           
       2.94           
       2.99           
       2.98           
       2.99           
       2.95           
       3.06           
       3.02           
       3.07           
       3.07           
       3.05           
       3.00           
       3.03           
       2.98           
       3.02           
       2.94           
       2.94           
       3.02           
       2.91           
       2.97           
       3.05           
       2.92           
       3.08           
       2.99           
       2.93           
       2.94           
       2.93           
       2.93           
       2.99           
       3.01           
       3.01           
       3.05           
       2.99           
       3.01           
       2.99           
       3.00           
       3.00           
       2.98           
       2.99           
       2.96           
       2.88           
       2.99           
       3.00           
       2.96           
       2.96           
       2.50           
       2.96           
       2.92           
       2.86           
       2.80           
       2.98           
       3.00           
       2.99           
       2.99           
       2.98           
       3.06           
       3.04           
       2.98           
       3.00           
       2.95           
       3.00           
       3.05           
       3.08           
       3.09           
       3.02           
       3.06           
       3.06           
       3.01           
       3.00           
       2.99           
       2.98           
       2.98           
       3.02           
       3.02           
       3.05           
       3.09           
       3.06           
       3.07           
       3.01           
       2.99           
       2.98           
       2.96           
       2.97           
       2.81           
       2.85           
       2.97           
       2.98           
       3.00           
       3.01           
       3.02           
       3.03           
       3.02           
       3.01           
       3.04           
       3.07           
       3.06           
       3.04           
       3.01           
       3.00           
       3.00           
       3.05           
       3.03           
       3.02           
       2.97           
       3.08           
       3.07           
       3.00           
       2.93           
       3.00           
       3.00           
       3.02           
       2.98           
       2.94           
       3.00           
       3.00           
       3.04           
       3.00           
       3.05           
       3.10           
       3.07           
       3.02           
       3.02           
       3.01           
       3.03           
       3.02           
       2.99           
       3.07           
       2.97           
       3.01           
       2.97           
       2.96           
       3.00           
       2.99           
       3.01           
       3.02           
       3.01           
       2.97           
       3.04           
       3.09           
       3.07           
       3.09           
       3.13           
       3.03           
       3.03           
       3.12           
       3.11           
       3.21           
       3.19           
       3.26           
       3.22           
       3.17           
       3.10           
       3.17           
       3.14           
       3.07           
       3.12           
       3.09           
       3.07           
       3.13           
       3.11           
       3.05           
       2.99           
       2.91           
       2.99           
       2.98           
       3.00           
       3.03           
       3.02           
       3.04           
       3.03           
       2.99           
       2.98           
       3.04           
       3.03           
       3.00           
       2.97           
       3.02           
       2.93           
       2.99           
       3.00           
       2.89           
       2.97           
       2.88           
       3.07           
       3.05           
       3.14           
       3.10           
       3.22           
       3.16           
       3.21           
       3.17           
       3.10           
       3.12           
       3.05           
       3.09           
       3.04           
       3.02           
       2.98           
       3.06           
       3.03           
       3.02           
       3.00           
       3.05           
       3.00           
       3.09           
       3.02           
       3.07           
       3.00           
       3.03           
       3.01           
       3.03           
       3.02           
       2.99           
       3.04           
       3.07           
       3.07           
       3.08           
       3.05           
       3.06           
       3.07           
       3.09           
       3.10           
       3.11           
       3.09           
       3.11           
       3.11           
       3.02           
       3.05           
       3.05           
       2.98           
       3.01           
       2.99           
       3.02           
       3.01           
       3.00           
       2.96           
       3.01           
       3.03           
       2.98           
       3.08           
       3.12           
       3.05           
       3.10           
       3.02           
       3.06           
       3.02           
       3.01           
       2.97           
       3.08           
       2.96           
       2.95           
       2.95           
       3.04           
       3.01           
       2.97           
       3.00           
       3.02           
       3.01           
       3.01           
       2.97           
       3.01           
       3.00           
       3.02           
       3.07           
       3.02           
       3.02           
       3.00           
       3.03           
       3.02           
       3.07           
       3.03           
       2.96           
       3.04           
       3.00           
       2.94           
       2.94           
       2.98           
       2.99           
       3.02           
       2.99           
       2.99           
       3.06           
       2.98           
       2.98           
       3.01           
       3.02           
       3.05           
       3.00           
       3.06           
       3.11           
       3.08           
       3.16           
       3.13           
       3.07           
       3.07           
       3.01           
       3.10           
       3.03           
       3.09           
       3.06           
       3.01           
       3.08           
       3.04           
       3.08           
       3.14           
       3.12           
       3.20           
       3.09           
       3.10           
       3.06           
       2.88           
       2.79           
       2.70           
       2.89           
       3.10           
       3.22           
       3.10           
       2.89           
       2.49           
       3.07           
       3.19           
       3.10           
       3.17           
       3.18           
       3.09           
       3.02           
       3.12           
       3.10           
       3.05           
       3.03           
       3.02           
       3.02           
       3.01           
       3.02           
       3.01           
       3.02           
       3.00           
       2.96           
       2.99           
       2.87           
       2.69           
       2.91           
       2.98           
       3.01           
       2.98           
       2.94           
       3.00           
       3.02           
       3.00           
       3.06           
       3.01           
       3.04           
       3.02           
       3.02           
       2.98           
       3.03           
       2.99           
       3.09           
       3.09           
       3.06           
       3.05           
       3.00           
       2.98           
       3.07           
       3.02           
       3.00           
       3.00           
       2.97           
       3.01           
       3.03           
       2.98           
       3.01           
       3.02           
       2.98           
       3.00           
       2.99           
       2.64           
       2.93           
       2.95           
       2.93           
       3.04           
       3.02           
       2.97           
       3.00           
       3.02           
       2.99           
       2.95           
       3.01           
       3.02           
       3.01           
       2.97           
       3.01           
       3.01           
       3.04           
       2.98           
       3.03           
       3.07           
       3.05           
       3.04           
       3.07           
       3.02           
       3.03           
       3.06           
       3.05           
       2.98           
       3.03           
       3.06           
       3.06           
       2.99           
       3.01           
       3.03           
       3.02           
       3.03           
       3.02           
       2.98           
       3.04           
       3.01           
       2.99           
       3.03           
       2.99           
       3.05           
       3.02           
       3.05           
       3.01           
       3.06           
       3.03           
       3.03           
       3.01           
       3.04           
       3.10           
       3.03           
       3.02           
       2.98           
       3.03           
       2.98           
       3.04           
       3.12           
       3.04           
       3.05           
       3.06           
       3.03           
       3.03           
       3.01           
       3.03           
       2.96           
       2.99           
       2.89           
       2.94           
       3.02           
       3.02           
       3.07           
       2.98           
       2.99           
       3.05           
       3.06           
       3.07           
       3.07           
       3.11           
       2.98           
       3.02           
       2.96           
       2.99           
       3.03           
       3.02           
       2.97           
       2.98           
       2.89           
       2.90           
       2.97           
       3.03           
       3.06           
       3.02           
       2.99           
       3.00           
       2.96           
       2.97           
       3.00           
       2.98           
       2.96           
       2.92           
       3.01           
       3.01           
       3.03           
       2.98           
       3.01           
       3.05           
       2.97           
       3.01           
       3.02           
       3.00           
       3.04           
       3.03           
       3.03           
       3.03           
       3.03           
       3.05           
       3.10           
       3.14           
       3.02           
       3.03           
       3.03           
       3.03           
       3.10           
       3.11           
       3.12           
       3.11           
       3.23           
       3.25           
       3.10           
       3.14           
       3.08           
       3.05           
       3.06           
       3.01           
       3.05           
       3.02           
       3.30           
       3.02           
       2.98           
       3.02           
       3.07           
       3.10           
       3.06           
       2.99           
       3.09           
       3.07           
