597.00  0.00
581.00  0.00
565.00  0.00
557.00  0.00
565.00  0.00
580.00  0.00
565.00  0.00
565.00  0.00
580.00  0.00
565.00  0.00
565.00  0.00
580.00  0.00
572.00  0.00
581.00  0.00
589.00  0.00
565.00  0.00
566.00  0.00
589.00  0.00
579.00  0.00
572.00  0.00
573.00  0.00
558.00  0.00
566.00  0.00
581.00  0.00
565.00  0.00
565.00  0.00
581.00  0.00
566.00  0.00
566.00  0.00
580.00  0.00
572.00  0.00
572.00  0.00
580.00  0.00
566.00  0.00
567.00  0.00
582.00  0.00
566.00  0.00
574.00  0.00
589.00  0.00
565.00  0.00
574.00  0.00
589.00  0.00
565.00  0.00
573.00  0.00
589.00  0.00
565.00  0.00
573.00  0.00
589.00  0.00
565.00  0.00
573.00  0.00
589.00  0.00
573.00  0.00
581.00  0.00
589.00  0.00
566.00  0.00
574.00  0.00
589.00  0.00
566.00  0.00
566.00  0.00
581.00  0.00
573.00  0.00
581.00  0.00
589.00  0.00
572.00  0.00
581.00  0.00
597.00  0.00
581.00  0.00
581.00  0.01
589.00  0.00
573.00  0.00
581.00  0.00
590.00  0.06
573.00  0.00
581.00  0.00
589.00  0.00
572.00  0.00
581.00  0.00
589.00  0.00
566.00  0.00
574.00  0.00
589.00  0.00
565.00  0.00
573.00  0.00
589.00  0.00
573.00  0.00
573.00  0.00
581.00  0.00
572.00  0.00
580.00  0.00
589.00  0.00
566.00  0.00
574.00  0.00
590.00  0.00
566.00  0.00
574.00  0.00
590.00  0.00
565.00  0.00
566.00  0.00
581.00  0.00
565.00  0.00
573.00  0.00
597.00  0.00
580.00  0.00
572.00  0.00
581.00  0.00
573.00  0.00
581.00  0.00
589.00  0.00
565.00  0.00
574.00  0.00
589.00  0.00
565.00  0.00
574.00  0.00
589.00  0.00
566.00  0.00
574.00  0.00
597.00  0.00
574.00  0.00
574.00  0.00
589.00  0.00