369.00  0.00
332.00  0.00
332.00  0.00
329.00  0.00
335.00  0.00
332.00  0.00
329.00  0.00
334.00  0.00
332.00  0.00
329.00  0.00
335.00  0.00
332.00  0.00
327.00  0.00
330.00  0.00
329.00  0.00
329.00  0.00
332.00  0.00
329.00  0.00
329.00  0.00
334.00  0.00
332.00  0.00
329.00  0.00
335.00  0.00
335.00  0.00
332.00  0.00
335.00  0.00
332.00  0.16
330.00  0.00
335.00  0.00
332.00  0.00
329.00  0.00
335.00  0.00
332.00  0.00
327.00  0.00
332.00  0.00
330.00  0.00
327.00  0.00
332.00  0.00
330.00  0.00
327.00  0.00
332.00  0.00
332.00  0.00
329.00  0.00
335.00  0.00
332.00  0.00
327.00  0.00
332.00  0.00
335.00  0.00
332.00  0.00
335.00  0.00
332.00  0.00
329.00  0.00
335.00  0.00
332.00  0.00
329.00  0.00
335.00  0.00
335.00  0.00
332.00  0.00
334.00  0.00
332.00  0.00
329.00  0.00
332.00  0.00
330.00  0.00
329.00  0.00
334.00  0.00
332.00  0.00
324.00  0.00
327.00  0.00
329.00  0.00
329.00  0.00
332.00  0.00
327.00  0.00
325.00  0.00
330.00  0.00
332.00  0.00
331.00  0.00
334.00  0.00
332.00  0.00
327.00  0.00
333.00  0.00
335.00  0.00
332.00  0.00
335.00  0.00
332.00  0.00
347.00  0.00
352.00  0.00
329.00  0.00
325.00  0.00
330.00  0.00
329.00  0.00
326.00  0.00
329.00  0.00
327.00  0.00
324.00  0.00
330.00  0.00
329.00  0.00
329.00  0.00
332.00  0.00
329.00  0.00
329.00  0.00
332.00  0.00
329.00  0.00
329.00  0.00
332.00  0.00
329.00  0.00
324.00  0.00
327.00  0.00
327.00  0.00
323.00  0.00
328.00  0.00
327.00  0.00
324.00  0.00
330.00  0.00
327.00  0.00
324.00  0.00
329.00  0.00
326.00  0.00
324.00  0.00
330.00  0.00
327.00  0.00