643.00  0.00
616.00  0.00
616.00  0.00
615.00  0.00
615.00  0.00
616.00  0.00
616.00  0.00
615.00  0.00
615.00  0.00
624.00  0.00
634.00  0.00
625.00  0.00
615.00  0.00
615.00  0.00
615.00  0.00
615.00  0.00
625.00  0.00
625.00  0.00
625.00  0.00
625.00  0.00
615.00  0.00
633.00  0.00
616.00  0.00
616.00  0.00
625.00  0.00
615.00  0.00
623.00  0.00
632.00  0.00
633.00  0.00
633.00  0.00
624.00  0.12
615.00  0.00
615.00  0.00
606.00  0.00
625.00  0.00
626.00  0.00
616.00  0.00
615.00  0.00
616.00  0.00
616.00  0.00
615.00  0.00
615.00  0.00
615.00  0.00
616.00  0.00
607.00  0.00
607.00  0.00
615.00  0.00
615.00  0.00
615.00  0.00
615.00  0.00
606.00  0.00
605.00  0.00
605.00  0.00
605.00  0.00
614.00  0.00
615.00  0.00
606.00  0.00
606.00  0.00
606.00  0.00
606.00  0.00
615.00  0.00
616.00  0.00
606.00  0.00
598.00  0.00
598.00  0.00
606.00  0.00
606.00  0.00
605.00  0.00
605.00  0.00
605.00  0.00
606.00  0.00
607.00  0.00
606.00  0.00
605.00  0.00
605.00  0.00
606.00  0.00
606.00  0.00
606.00  0.00
614.00  0.00
615.00  0.00
607.00  0.00
606.00  0.00
605.00  0.00
606.00  0.00
606.00  0.00
607.00  0.00
615.00  0.00
615.00  0.00
606.00  0.00
606.00  0.00
615.00  0.00
623.00  0.00
615.00  0.13
606.00  0.00
606.00  0.00
606.00  0.00
615.00  0.00
615.00  0.00
606.00  0.00
614.00  0.00
623.00  0.00
623.00  0.00
614.00  0.00
606.00  0.00
615.00  0.00
615.00  0.00
605.00  0.00
614.00  0.00
614.00  0.00
605.00  0.00
615.00  0.00
623.00  0.00
624.00  0.00
616.00  0.00
615.00  0.00
615.00  0.00
615.00  0.00
615.00  0.00
606.00  0.00
606.00  0.00