145.00  0.00
123.00  0.00
124.00  0.00
123.00  0.00
123.00  0.00
123.00  0.00
123.00  0.00
123.00  0.00
125.00  0.00
127.00  0.00
127.00  0.00
126.00  0.00
127.00  0.00
126.00  0.00
124.00  0.00
124.00  0.00
124.00  0.00
123.00  0.00
123.00  0.00
123.00  0.00
123.00  0.00
123.00  0.00
123.00  0.00
123.00  0.00
124.00  0.00
125.00  0.00
125.00  0.00
124.00  0.00
123.00  0.00
123.00  0.00
123.00  0.00
123.00  0.00
123.00  0.00
123.00  0.00
122.00  0.00
123.00  0.00
123.00  0.00
124.00  0.00
123.00  0.00
121.00  0.00
119.00  0.00
118.00  0.00
118.00  0.00
119.00  0.00
120.00  0.00
120.00  0.00
120.00  0.00
120.00  0.00
121.00  0.00
122.00  0.00
122.00  0.00
123.00  0.00
124.00  0.00
124.00  0.00
122.00  0.00
122.00  0.00
124.00  0.00
125.00  0.00
125.00  0.00
126.00  0.00
126.00  0.00
126.00  0.00
126.00  0.00
127.00  0.00
127.00  0.00
126.00  0.00
126.00  0.00
127.00  0.00
127.00  0.00
127.00  0.00
126.00  0.00
124.00  0.00
123.00  0.00
123.00  0.00
124.00  0.00
125.00  0.00
125.00  0.00
124.00  0.00
125.00  0.00
127.00  0.00
127.00  0.00
127.00  0.00
127.00  0.00
125.00  0.00
124.00  0.00
123.00  0.00
123.00  0.00
125.00  0.00
125.00  0.00
126.00  0.00
126.00  0.00
125.00  0.00
125.00  0.00
125.00  0.00
125.00  0.00
124.00  0.00
124.00  0.00
125.00  0.00
125.00  0.00
124.00  0.00
122.00  0.00
122.00  0.00
123.00  0.00
122.00  0.00
121.00  0.00
121.00  0.00
120.00  0.00
120.00  0.00
120.00  0.00
120.00  0.00
119.00  0.00
119.00  0.00
118.00  0.00
118.00  0.00
118.00  0.00
119.00  0.00
121.00  0.00
121.00  0.00
122.00  0.00
123.00  0.00