400.00  0.00
373.00  0.00
377.00  0.00
380.00  0.00
380.00  0.00
380.00  0.00
380.00  0.00
380.00  0.00
377.00  0.00
377.00  0.00
377.00  0.00
377.00  0.00
380.00  0.00
376.00  0.00
373.00  0.00
373.00  0.00
377.00  0.00
377.00  0.00
373.00  0.00
370.00  0.00
370.00  0.00
373.00  0.00
392.00  0.00
410.00  0.00
410.00  0.00
410.00  0.00
410.00  0.37
406.00  0.00
402.00  0.00
398.00  0.00
395.00  0.00
395.00  0.00
395.00  0.00
398.00  0.00
399.00  0.00
381.00  0.10
361.00  0.00
357.00  0.00
367.00  0.00
392.00  0.00
406.00  0.00
402.00  0.00
406.00  0.00
403.00  0.00
388.00  0.00
387.00  0.00
387.00  0.00
384.00  0.00
391.00  0.00
395.00  0.00
395.00  0.00
395.00  0.00
407.00  0.00
403.00  0.00
392.00  0.00
395.00  0.00
395.00  0.00
399.00  0.00
398.00  0.00
395.00  0.00
403.00  0.00
406.00  0.00
410.00  0.00
414.00  0.00
407.00  0.00
399.00  0.00
399.00  0.00
402.00  0.00
399.00  0.00
399.00  0.00
402.00  0.00
399.00  0.00
399.00  0.00
406.00  0.00
403.00  0.00
395.00  0.00
395.00  0.00
395.00  0.00
395.00  0.00
395.00  0.00
399.00  0.00
395.00  0.00
391.00  0.00
395.00  0.00
392.00  0.00
392.00  0.00
395.00  0.00
395.00  0.00
395.00  0.00
399.00  0.00
399.00  0.00
395.00  0.00
388.00  0.00
391.00  0.00
399.00  0.00
391.00  0.00
391.00  0.00
392.00  0.00
391.00  0.00
391.00  0.00
391.00  0.00
395.00  0.00
395.00  0.00
395.00  0.00
395.00  0.00
392.00  0.00
392.00  0.00
395.00  0.00
398.00  0.00
399.00  0.00
395.00  0.00
395.00  0.00
391.00  0.00
384.00  0.00
391.00  0.00
399.00  0.00
392.00  0.00
392.00  0.00
395.00  0.00
403.00  0.00