445.00  0.00
428.00  0.00
406.00  0.00
398.00  0.00
402.00  0.00
418.00  0.00
436.00  0.00
427.00  0.00
406.00  0.00
398.00  0.00
398.00  0.00
419.00  0.00
440.00  0.00
428.00  0.00
406.00  0.00
398.00  0.00
402.00  0.00
418.00  0.00
436.00  0.00
427.00  0.00
405.00  0.00
398.00  0.00
398.00  0.00
414.00  0.00
436.00  0.00
427.00  0.00
402.00  0.00
395.00  0.00
398.00  0.00
415.00  0.00
436.00  0.00
432.00  0.00
410.00  0.00
402.00  0.00
406.00  0.00
423.00  0.00
441.00  0.00
432.00  0.00
414.00  0.00
406.00  0.00
406.00  0.00
423.00  0.00
440.00  0.00
431.00  0.00
410.00  0.00
398.00  0.00
402.00  0.00
419.00  0.00
441.00  0.00
436.00  0.00
414.00  0.00
402.00  0.00
402.00  0.00
423.00  0.00
441.00  0.00
431.00  0.00
413.00  0.00
402.00  0.00
398.00  0.00
419.00  0.00
440.00  0.00
428.00  0.00
407.00  0.00
402.00  0.00
406.00  0.00
418.00  0.00
436.00  0.00
428.00  0.00
410.00  0.00
402.00  0.00
398.00  0.00
415.00  0.00
436.00  0.00
428.00  0.00
406.00  0.00
394.00  0.00
395.00  0.00
415.00  0.00
431.00  0.00
423.00  0.00
402.00  0.00
391.00  0.00
395.00  0.00
415.00  0.00
436.00  0.00
428.00  0.00
406.00  0.00
395.00  0.00
395.00  0.00
415.00  0.00
431.00  0.00
423.00  0.00
406.00  0.00
398.00  0.00
402.00  0.00
414.00  0.00
428.00  0.00
424.00  0.00
403.00  0.00
391.00  0.00
395.00  0.00
415.00  0.00
432.00  0.00
420.00  0.00
399.00  0.00
395.00  0.00
402.00  0.00
419.00  0.00
436.00  0.00
428.00  0.00
410.00  0.00
406.00  0.00
402.00  0.00
414.00  0.00
436.00  0.00
428.00  0.00
406.00  0.00
398.00  0.00
398.00  0.00
415.00  0.00