441.00  0.00
451.00  0.00
460.00  0.00
431.00  0.00
436.00  0.00
449.00  0.00
431.00  0.00
437.00  0.00
450.00  0.00
436.00  0.00
446.00  0.00
455.00  0.00
435.00  0.00
441.00  0.00
450.00  0.00
431.00  0.00
442.00  0.00
455.00  0.00
436.00  0.00
441.00  0.00
445.00  0.00
427.00  0.00
432.00  0.00
440.00  0.00
427.00  0.00
432.00  0.00
436.00  0.00
422.00  0.00
432.00  0.00
440.00  0.00
427.00  0.00
432.00  0.00
441.00  0.00
427.00  0.00
442.00  0.00
450.00  0.00
427.00  0.00
432.00  0.00
441.00  0.00
427.00  0.00
432.00  0.00
440.00  0.00
427.00  0.00
437.00  0.00
445.00  0.00
427.00  0.00
441.00  0.00
450.00  0.00
427.00  0.00
437.00  0.00
445.00  0.00
427.00  0.00
442.00  0.00
455.00  0.00
432.00  0.00
442.00  0.00
455.00  0.00
432.00  0.00
442.00  0.00
450.00  0.00
431.00  0.00
441.00  0.00
446.00  0.00
427.00  0.00
441.00  0.00
450.00  0.00
431.00  0.00
441.00  0.00
450.00  0.00
431.00  0.00
441.00  0.00
451.00  0.00
427.00  0.00
437.00  0.00
446.00  0.00
427.00  0.00
441.00  0.00
450.00  0.00
427.00  0.00
432.00  0.00
445.00  0.00
431.00  0.00
441.00  0.00
450.00  0.00
427.00  0.00
437.00  0.00
445.00  0.00
431.00  0.00
441.00  0.00
450.00  0.00
432.00  0.00
437.00  0.00
445.00  0.00
427.00  0.00
442.00  0.00
451.00  0.00
431.00  0.00
441.00  0.00
450.00  0.00
431.00  0.00
437.00  0.00
446.00  0.00
432.00  0.00
441.00  0.00
450.00  0.00
435.00  0.00
446.00  0.00
455.00  0.00
431.00  0.00
442.00  0.00
451.00  0.00
432.00  0.00
436.00  0.00
445.00  0.00
431.00  0.00
442.00  0.00
450.00  0.00
431.00  0.00
441.00  0.00
450.00  0.00