663.00  0.00
643.00  0.00
654.00  0.00
674.00  0.00
686.00  0.00
675.00  0.00
643.00  0.00
633.00  0.00
643.00  0.00
664.00  0.00
675.00  0.00
666.00  0.00
654.00  0.00
653.00  0.00
654.00  0.00
665.00  0.00
675.00  0.00
665.00  0.00
644.00  0.00
635.00  0.00
654.00  0.00
673.00  0.00
684.00  0.00
675.00  0.00
643.00  0.00
633.00  0.00
643.00  0.00
663.00  0.00
674.00  0.00
664.00  0.00
643.00  0.00
634.00  0.00
644.00  0.00
663.00  0.00
664.00  0.00
654.00  0.00
653.00  0.00
643.00  0.00
643.00  0.00
664.00  0.00
686.00  0.00
675.00  0.00
643.00  0.00
634.00  0.00
654.00  0.00
664.00  0.00
664.00  0.00
673.00  0.00
653.00  0.00
634.00  0.00
653.00  0.00
674.00  0.00
675.00  0.00
675.00  0.00
655.00  0.00
634.00  0.00
643.00  0.00
664.00  0.00
674.00  0.00
664.00  0.00
653.00  0.00
643.00  0.00
643.00  0.00
664.00  0.00
674.00  0.00
664.00  0.00
653.00  0.00
643.00  0.00
643.00  0.00
653.00  0.00
664.00  0.00
664.00  0.00
643.00  0.00
633.00  0.00
643.00  0.00
653.00  0.00
664.00  0.00
664.00  0.00
653.00  0.00
643.00  0.00
643.00  0.00
653.00  0.00
664.00  0.00
664.00  0.00
643.00  0.00
633.00  0.00
643.00  0.00
663.00  0.00
674.00  0.00
664.00  0.00
654.00  0.00
653.00  0.00
653.00  0.00
663.00  0.00
674.00  0.00
664.00  0.00
653.00  0.00
643.00  0.00
654.00  0.00
664.00  0.00
665.00  0.00
675.00  0.00
654.00  0.00
634.00  0.00
644.00  0.00
664.00  0.00
686.00  0.00
675.00  0.00
653.00  0.00
643.00  0.00
654.00  0.00
674.00  0.00
674.00  0.00
674.00  0.00
654.00  0.00
634.00  0.00
654.00  0.00
673.00  0.00
675.00  0.00
665.00  0.00