499.00  0.00
481.00  0.00
475.00  0.00
492.00  0.00
481.00  0.00
475.00  0.00
487.00  0.00
471.00  0.00
465.00  0.00
475.00  0.00
465.00  0.00
465.00  0.00
481.00  0.00
475.00  0.00
470.00  0.00
481.00  0.00
470.00  0.00
470.00  0.00
486.00  0.00
475.00  0.00
475.00  0.00
492.00  0.00
476.00  0.00
470.00  0.00
487.00  0.00
476.00  0.00
476.00  0.00
487.00  0.00
476.00  0.00
475.00  0.00
487.00  0.00
476.00  0.00
470.00  0.00
481.00  0.00
476.00  0.04
470.00  0.00
481.00  0.00
471.00  0.00
465.00  0.00
481.00  0.00
471.00  0.00
465.00  0.00
481.00  0.00
471.00  0.00
465.00  0.00
476.00  0.00
470.00  0.00
475.00  0.00
475.00  0.03
481.00  0.00
476.00  0.00
459.00  0.00
481.00  0.00
476.00  0.00
465.00  0.00
481.00  0.00
470.00  0.00
465.00  0.00
487.00  0.00
476.00  0.00
465.00  0.00
487.00  0.00
476.00  0.00
465.00  0.00
487.00  0.00
477.00  0.00
471.00  0.00
487.00  0.00
476.00  0.00
475.00  0.00
486.00  0.00
471.00  0.00
465.00  0.00
487.00  0.00
477.00  0.00
465.00  0.00
475.00  0.00
470.00  0.00
470.00  0.00
481.00  0.00
471.00  0.00
471.00  0.00
492.00  0.00
476.00  0.00
465.00  0.00
481.00  0.00
471.00  0.00
465.00  0.00
476.00  0.00
470.00  0.00
470.00  0.00
487.00  0.00
481.00  0.00
475.00  0.00
492.00  0.00
481.00  0.00
470.00  0.00
486.00  0.00
476.00  0.00
471.00  0.00
492.00  0.00
482.00  0.00
476.00  0.00
492.00  0.00
481.00  0.00
475.00  0.00
492.00  0.00
476.00  0.00
470.00  0.00
492.00  0.00
477.00  0.00
477.00  0.00
498.00  0.00
481.00  0.00
475.00  0.00
492.00  0.00
477.00  0.00
471.00  0.00
492.00  0.00
476.00  0.00