530.00  0.00
523.00  0.00
530.00  0.00
505.00  0.00
486.00  0.00
497.00  0.00
509.00  0.00
516.00  0.00
516.00  0.00
499.00  0.00
487.00  0.00
492.00  0.00
503.00  0.00
516.00  0.00
517.00  0.00
498.00  0.00
485.00  0.00
491.00  0.00
497.00  0.00
510.00  0.00
517.00  0.00
499.00  0.00
486.00  0.00
492.00  0.00
498.00  0.00
511.00  0.00
523.00  0.00
504.00  0.00
481.00  0.00
481.00  0.00
492.00  0.00
517.00  0.00
530.00  0.00
505.00  0.00
481.00  0.01
487.00  0.00
503.00  0.00
516.00  0.00
517.00  0.00
499.00  0.00
487.00  0.00
486.00  0.00
492.00  0.00
510.00  0.00
522.00  0.00
499.00  0.00
476.00  0.00
486.00  0.00
509.00  0.00
504.00  0.00
486.00  0.00
486.00  0.00
492.00  0.00
510.00  0.00
510.00  0.00
492.00  0.00
481.00  0.00
486.00  0.00
504.00  0.00
517.00  0.00
517.00  0.00
498.00  0.00
486.00  0.00
486.00  0.00
492.00  0.00
511.00  0.00
523.00  0.00
504.00  0.00
481.00  0.00
487.00  0.00
498.00  0.00
511.00  0.00
517.00  0.00
498.00  0.00
486.00  0.00
492.00  0.00
498.00  0.00
517.00  0.00
518.00  0.00
493.00  0.00
486.00  0.00
492.00  0.00
504.00  0.00
523.00  0.00
537.00  0.00
511.00  0.00
486.00  0.00
492.00  0.00
504.00  0.00
523.00  0.00
523.00  0.00
498.00  0.00
486.00  0.00
492.00  0.00
504.00  0.00
523.00  0.00
529.00  0.00
504.00  0.00
486.00  0.00
492.00  0.00
503.00  0.00
522.00  0.00
529.00  0.00
505.00  0.00
486.00  0.00
492.00  0.00
498.00  0.00
511.00  0.00
517.00  0.00
498.00  0.00
481.00  0.00
486.00  0.00
498.00  0.00
511.00  0.00
516.00  0.00
492.00  0.00
481.00  0.00
492.00  0.00
510.00  0.00
511.00  0.00