453.00  0.00
755.00  0.00
672.00  0.00
661.00  0.00
673.00  0.00
683.00  0.00
770.00  0.00
771.00  0.00
662.00  0.00
651.00  0.00
662.00  0.00
673.00  0.00
771.00  0.00
781.00  0.00
672.00  0.00
652.00  0.00
663.00  0.00
672.00  0.00
755.00  0.00
755.00  0.00
673.00  0.00
662.00  0.00
662.00  0.00
672.00  0.00
755.00  0.00
755.00  0.00
673.00  0.00
662.00  0.00
662.00  0.00
672.00  0.00
672.00  0.00
771.00  0.00
852.00  0.00
852.00  0.00
851.00  0.00
835.00  0.00
836.00  0.00
754.00  0.00
662.00  0.00
662.00  0.00
673.00  0.00
673.00  0.00
755.00  0.00
755.00  0.00
662.00  0.00
661.00  0.00
672.00  0.00
673.00  0.00
755.00  0.00
746.00  0.00
663.00  0.00
662.00  0.00
662.00  0.00
673.00  0.00
754.00  0.00
744.00  0.00
652.00  0.00
651.00  0.00
662.00  0.00
673.00  0.00
685.00  0.00
676.00  0.00
653.00  0.00
652.00  0.00
663.00  0.00
673.00  0.00
685.00  0.00
684.00  0.00
672.00  0.00
673.00  0.00
673.00  0.00
673.00  0.00
685.00  0.00
685.00  0.00
663.00  0.00
652.00  0.00
662.00  0.00
672.00  0.00
683.00  0.00
675.00  0.00
664.00  0.00
663.00  0.00
662.00  0.00
672.00  0.00
685.00  0.00
686.00  0.00
674.00  0.00
663.00  0.00
663.00  0.00
673.00  0.00
675.00  0.00
675.00  0.00
674.00  0.00
674.00  0.00
673.00  0.00
673.00  0.00
674.00  0.00
685.00  0.00
684.00  0.00
663.00  0.00
652.00  0.00
663.00  0.00
673.00  0.00
673.00  0.00
674.00  0.00
674.00  0.00
663.00  0.00
663.00  0.00
674.00  0.00
674.00  0.00
684.00  0.00
684.00  0.00
673.00  0.00
673.00  0.00
673.00  0.00
673.00  0.00
673.00  0.00
673.00  0.00
673.00  0.00
673.00  0.00