552.00  0.00
537.00  0.00
544.00  0.00
544.00  0.00
551.00  0.00
550.00  0.00
558.00  0.00
565.00  0.00
557.00  0.00
550.00  0.00
550.00  0.00
550.00  0.00
550.00  0.00
558.00  0.00
558.00  0.00
550.00  0.00
551.00  0.00
559.00  0.00
565.00  0.00
557.00  0.00
550.00  0.00
550.00  0.00
542.00  0.00
535.00  0.00
543.00  0.00
549.00  0.00
549.00  0.00
550.00  0.00
550.00  0.00
550.00  0.00
543.00  0.00
537.00  0.00
544.00  0.00
543.00  0.00
536.00  0.00
542.00  0.00
542.00  0.00
543.00  0.00
550.00  0.00
536.00  0.00
529.00  0.00
529.00  0.00
523.00  0.00
523.00  0.00
523.00  0.00
523.00  0.00
523.00  0.00
523.00  0.00
523.00  0.00
529.00  0.00
529.00  0.00
530.00  0.00
550.00  0.00
565.00  0.00
565.00  0.00
573.00  0.00
565.00  0.00
550.00  0.00
536.00  0.00
529.00  0.00
543.00  0.00
565.00  0.00
565.00  0.00
550.00  0.00
537.00  0.00
530.00  0.00
550.00  0.00
565.00  0.00
565.00  0.00
551.00  0.00
543.00  0.00
543.00  0.00
543.00  0.00
543.00  0.00
543.00  0.00
543.00  0.00
536.00  0.00
536.00  0.00
536.00  0.00
535.00  0.00
536.00  0.00
536.00  0.00
530.00  0.00
529.00  0.00
536.00  0.00
530.00  0.00
524.00  0.00
529.00  0.00
530.00  0.00
524.00  0.00
530.00  0.00
536.00  0.00
536.00  0.00
536.00  0.00
536.00  0.00
536.00  0.00
530.00  0.00
530.00  0.00
536.00  0.00
536.00  0.00
535.00  0.00
535.00  0.00
536.00  0.00
536.00  0.00
535.00  0.00
535.00  0.00
536.00  0.00
536.00  0.00
536.00  0.00
536.00  0.00
530.00  0.00
523.00  0.00
523.00  0.00
523.00  0.00
529.00  0.00
536.00  0.00
551.00  0.00
558.00  0.00
558.00  0.00
558.00  0.00