      5.56           
       5.60           
       5.67           
       5.52           
       5.60           
       5.51           
       5.61           
       5.50           
       5.55           
       5.55           
       5.60           
       5.49           
       5.48           
       5.49           
       5.57           
       5.67           
       5.56           
       5.45           
       5.53           
       5.45           
       5.53           
       5.59           
       5.54           
       5.49           
       5.53           
       5.54           
       5.64           
       5.59           
       5.58           
       5.81           
       5.62           
       5.76           
       5.70           
       5.65           
       5.67           
       5.57           
       5.59           
       5.57           
       5.68           
       5.67           
       5.59           
       5.55           
       5.53           
       5.60           
       5.44           
       5.46           
       5.49           
       5.43           
       5.58           
       5.48           
       5.69           
       5.68           
       5.59           
       5.63           
       5.61           
       5.74           
       5.54           
       5.51           
       5.56           
       5.54           
       5.62           
       5.61           
       5.71           
       5.64           
       5.59           
       5.63           
       5.64           
       5.50           
       5.46           
       5.64           
       5.58           
       5.65           
       5.52           
       5.52           
       5.52           
       5.54           
       5.57           
       5.35           
       5.44           
       5.50           
       5.40           
       5.49           
       5.50           
       5.53           
       5.47           
       5.43           
       5.49           
       5.44           
       5.50           
       5.50           
       5.41           
       5.44           
       5.50           
       5.50           
       5.44           
       5.45           
       5.41           
       5.53           
       5.46           
       5.55           
       5.44           
       5.38           
       5.45           
       5.50           
       5.60           
       5.56           
       5.48           
       5.40           
       5.39           
       5.37           
       5.37           
       5.45           
       5.42           
       5.43           
       5.40           
       5.50           
       5.60           
       5.55           
       5.54           
       5.55           
       5.57           
       5.52           
       5.51           
       5.46           
       5.50           
       5.41           
       5.51           
       5.32           
       5.36           
       5.50           
       5.46           
       5.46           
       5.32           
       5.43           
       5.51           
       5.60           
       5.39           
       5.42           
       5.49           
       5.52           
       5.51           
       5.50           
       5.42           
       5.49           
       5.47           
       5.45           
       5.48           
       5.24           
       5.39           
       5.47           
       5.22           
       5.30           
       5.38           
       5.39           
       5.48           
       5.50           
       5.38           
       5.51           
       5.51           
       5.54           
       5.52           
       5.59           
       5.41           
       5.50           
       5.38           
       5.54           
       5.56           
       5.49           
       5.62           
       5.43           
       5.52           
       5.42           
       5.42           
       5.41           
       5.38           
       5.43           
       5.40           
       5.47           
       5.49           
       5.51           
       5.55           
       5.46           
       5.43           
       5.22           
       5.37           
       5.38           
       5.32           
       5.45           
       5.43           
       5.42           
       5.35           
       5.51           
       5.50           
       5.39           
       5.40           
       5.34           
       5.37           
       5.32           
       5.50           
       5.37           
       5.51           
       5.50           
       5.50           
       5.49           
       5.55           
       5.53           
       5.60           
       5.75           
       5.50           
       5.51           
       5.38           
       5.55           
       5.50           
       5.56           
       5.51           
       5.52           
       5.53           
       5.46           
       5.46           
       5.44           
       5.45           
       5.40           
       5.45           
       5.49           
       5.55           
       5.43           
       5.58           
       5.46           
       5.63           
       5.36           
       5.53           
       5.42           
       5.39           
       5.55           
       5.31           
       5.48           
       5.46           
       5.49           
       5.48           
       5.41           
       5.38           
       5.34           
       5.33           
       5.50           
       5.48           
       5.44           
       5.35           
       5.43           
       5.40           
       5.48           
       5.41           
       5.45           
       5.34           
       5.36           
       5.44           
       5.51           
       5.46           
       5.43           
       5.46           
       5.48           
       5.63           
       5.60           
       5.49           
       5.54           
       5.54           
       5.49           
       5.42           
       5.50           
       5.57           
       5.74           
       5.66           
       5.46           
       5.69           
       5.55           
       5.48           
       5.44           
       5.46           
       5.45           
       5.57           
       5.53           
       5.45           
       5.42           
       5.34           
       5.50           
       5.47           
       5.39           
       5.44           
       5.42           
       5.61           
       5.68           
       5.70           
       5.56           
       5.45           
       5.51           
       5.37           
       5.51           
       5.37           
       5.44           
       5.51           
       5.44           
       5.54           
       5.40           
       5.39           
       5.51           
       5.43           
       5.51           
       5.43           
       5.44           
       5.50           
       5.45           
       5.48           
       5.41           
       5.52           
       5.49           
       5.33           
       5.45           
       5.50           
       5.45           
       5.51           
       5.46           
       5.46           
       5.43           
       5.47           
       5.45           
       5.46           
       5.49           
       5.51           
       5.52           
       5.46           
       5.47           
       5.50           
       5.35           
       5.48           
       5.35           
       5.53           
       5.52           
       5.61           
       5.54           
       5.47           
       5.48           
       5.37           
       5.48           
       5.43           
       5.54           
       5.51           
       5.49           
       5.53           
       5.56           
       5.55           
       5.46           
       5.39           
       5.51           
       5.46           
       5.47           
       5.51           
       5.48           
       5.51           
       5.74           
       5.55           
       5.39           
       5.38           
       5.53           
       5.41           
       5.36           
       5.40           
       5.46           
       5.42           
       5.48           
       5.54           
       5.40           
       5.48           
       5.63           
       5.58           
       5.47           
       5.43           
       5.46           
       5.46           
       5.49           
       5.45           
       5.39           
       5.48           
       5.38           
       5.51           
       5.43           
       5.41           
       5.61           
       5.61           
       5.47           
       5.51           
       5.46           
       5.42           
       5.45           
       5.50           
       5.57           
       5.54           
       5.54           
       5.56           
       5.55           
       5.50           
       5.51           
       5.42           
       5.37           
       5.46           
       5.42           
       5.42           
       5.41           
       5.42           
       5.42           
       5.55           
       5.46           
       5.25           
       5.37           
       5.46           
       5.49           
       5.48           
       5.41           
       5.44           
       5.47           
       5.43           
       5.58           
       5.43           
       5.52           
       5.56           
       5.52           
       5.44           
       5.51           
       5.44           
       5.55           
       5.54           
       5.52           
       5.42           
       5.56           
       5.54           
       5.52           
       5.42           
       5.49           
       5.56           
       5.50           
       5.63           
       5.50           
       5.53           
       5.55           
       5.66           
       5.51           
       5.62           
       5.54           
       5.41           
       5.53           
       5.51           
       5.43           
       5.60           
       5.54           
       5.53           
       5.56           
       5.64           
       5.51           
       5.61           
       5.62           
       5.60           
       5.55           
       5.43           
       5.42           
       5.40           
       5.50           
       5.52           
       5.56           
       5.46           
       5.41           
       5.61           
       5.49           
       5.61           
       5.56           
       5.59           
       5.43           
       5.44           
       5.57           
       5.75           
       5.79           
       5.57           
       5.65           
       5.58           
       5.68           
       5.64           
       5.57           
       5.55           
       5.45           
       5.57           
       5.54           
       5.41           
       5.45           
       5.55           
       5.48           
       5.55           
       5.61           
       5.63           
       5.56           
       5.64           
       5.51           
       5.48           
       5.55           
       5.51           
       5.57           
       5.44           
       5.58           
       5.64           
       5.44           
       5.40           
       5.35           
       5.40           
       5.46           
       5.33           
       5.45           
       5.51           
       5.75           
       5.71           
       5.54           
       5.46           
       5.34           
       5.21           
       5.33           
       5.36           
       5.48           
       5.40           
       5.50           
       5.49           
       5.56           
       5.64           
       5.52           
       5.51           
       5.40           
       5.44           
       5.48           
       5.51           
       5.47           
       5.68           
       5.58           
       5.55           
       5.52           
       5.58           
       5.48           
       5.54           
       5.56           
       5.65           
       5.77           
       5.69           
       5.61           
       5.68           
       5.65           
       5.64           
       5.64           
       5.58           
       5.68           
       5.76           
       5.62           
       5.54           
       5.52           
       5.39           
       5.51           
       5.52           
       5.63           
       5.66           
       5.59           
       5.50           
       5.59           
       5.51           
       5.48           
       5.49           
       5.59           
       5.51           
       5.50           
       5.52           
       5.54           
       5.47           
       5.42           
       5.51           
       5.40           
       5.43           
       5.67           
       5.48           
       5.48           
       5.63           
       5.61           
       5.56           
       5.56           
       5.77           
       5.77           
       5.58           
       5.60           
       5.64           
       5.69           
       5.71           
       5.57           
       5.55           
       5.51           
       5.53           
       5.54           
       5.49           
       5.55           
       5.55           
       5.52           
       5.52           
       5.50           
       5.59           
       5.56           
       5.55           
       5.49           
       5.46           
       5.44           
       5.47           
       5.57           
       5.51           
       5.56           
       5.52           
       5.53           
       5.52           
       5.58           
       5.62           
       5.48           
       5.52           
       5.46           
       5.45           
       5.41           
       5.49           
       5.59           
       5.60           
       5.60           
       5.55           
       5.56           
       5.51           
       5.68           
       5.65           
       5.45           
       5.61           
       5.62           
       5.52           
       5.40           
       5.50           
       5.47           
       5.45           
       5.44           
       5.47           
       5.53           
       5.57           
       5.56           
       5.53           
       5.44           
       5.47           
       5.49           
       5.60           
       5.60           
       5.76           
       5.57           
       5.54           
       5.55           
       5.46           
       5.61           
       5.47           
       5.45           
       5.58           
       5.50           
       5.58           
       5.62           
       5.60           
       5.45           
       5.50           
       5.53           
       5.46           
       5.42           
       5.49           
       5.58           
       5.54           
       5.50           
       5.56           
       5.54           
       5.59           
       5.57           
       5.55           
       5.71           
       5.53           
       5.61           
       5.65           
       5.58           
       5.55           
       5.58           
       5.53           
       5.61           
       5.64           
       5.59           
       5.48           
       5.42           
       5.43           
       5.52           
       5.51           
       5.49           
       5.59           
       5.44           
       5.46           
       5.54           
       5.46           
       5.53           
       5.50           
       5.55           
       5.56           
       5.50           
       5.58           
       5.62           
       5.52           
       5.35           
       5.56           
       5.57           
       5.59           
       5.59           
       5.51           
       5.53           
       5.56           
       5.53           
       5.47           
       5.45           
       5.59           
       5.67           
       5.66           
       5.49           
       5.54           
       5.70           
       5.59           
       5.52           
       5.47           
       5.48           
       5.55           
       5.56           
       5.51           
       5.46           
       5.47           
       5.43           
       5.45           
       5.42           
       5.59           
       5.57           
       5.46           
       5.42           
       5.57           
       5.55           
       5.57           
       5.62           
       5.57           
       5.49           
       5.59           
       5.53           
       5.68           
       5.65           
       5.71           
       5.57           
       5.60           
       5.53           
       5.59           
       5.46           
       5.59           
       5.55           
       5.49           
       5.50           
       5.49           
       5.65           
       5.79           
       5.60           
       5.56           
       5.51           
       5.42           
       5.49           
       5.50           
       5.45           
       5.53           
       5.46           
       5.47           
       5.48           
       5.50           
       5.60           
       5.60           
       5.49           
       5.62           
       5.48           
       5.49           
       5.55           
       5.56           
       5.52           
       5.55           
       5.55           
       5.57           
       5.51           
       5.63           
       5.45           
       5.54           
       5.70           
       5.61           
       5.48           
       5.52           
       5.67           
       5.55           
       5.62           
       5.53           
       5.49           
       5.56           
       5.51           
       5.48           
       5.55           
       5.55           
       5.62           
       5.63           
       5.55           
       5.59           
       5.59           
       5.53           
       5.44           
       5.57           
       5.55           
       5.49           
       5.50           
       5.56           
       5.48           
       5.48           
       5.48           
       5.47           
       5.66           
       5.51           
       5.66           
       5.52           
       5.56           
       5.27           
       5.30           
       5.35           
       5.43           
       5.55           
       5.41           
       5.49           
       5.52           
       5.50           
       5.70           
       5.51           
       5.45           
       5.54           
       5.59           
       5.65           
       5.53           
       5.42           
       5.50           
       5.45           
       5.54           
       5.62           
       5.52           
       5.49           
       5.56           
       5.58           
       5.44           
       5.62           
       5.58           
       5.56           
       5.70           
       5.62           
       5.54           
       5.41           
       5.56           
       5.57           
       5.62           
       5.64           
       5.61           
       5.56           
       5.55           
       5.54           
       5.51           
       5.54           
       5.62           
       5.53           
       5.53           
       5.63           
       5.59           
       5.58           
       5.65           
       5.73           
       5.60           
       5.53           
       5.44           
       5.54           
       5.61           
       5.51           
       5.53           
       5.52           
       5.50           
       5.61           
       5.55           
       5.55           
       5.54           
       5.62           
       5.53           
       5.55           
       5.47           
       5.43           
       5.62           
       5.56           
       5.56           
       5.70           
       5.48           
       5.74           
       5.53           
       5.50           
       5.51           
       5.53           
       5.59           
       5.79           
       5.65           
       5.66           
       5.58           
       5.50           
       5.64           
       5.64           
       5.59           
       5.63           
       5.65           
       5.65           
       5.47           
       5.52           
       5.53           
       5.51           
       5.64           
       5.59           
       5.58           
       5.56           
       5.57           
       5.59           
       5.55           
       5.62           
       5.50           
       5.59           
       5.70           
       5.54           
       5.75           
       5.74           
       5.61           
       5.56           
       5.59           
       5.71           
       5.65           
       5.53           
       5.63           
       5.60           
       5.55           
       5.54           
       5.61           
       5.56           
       5.54           
       5.54           
       5.42           
       5.49           
       5.52           
       5.59           
       5.58           
       5.59           
       5.64           
       5.47           
       5.62           
       5.57           
       5.53           
       5.47           
       5.48           
       5.46           
       5.45           
       5.59           
       5.61           
       5.56           
       5.52           
       5.52           
       5.44           
       5.53           
       5.66           
       5.52           
       5.62           
       5.58           
       5.66           
       5.54           
       5.57           
       5.53           
       5.55           
       5.59           
       5.58           
       5.48           
       5.57           
       5.56           
       5.56           
       5.66           
       5.63           
       5.55           
       5.58           
       5.70           
       5.64           
       5.62           
       5.76           
       5.58           
       5.56           
       5.62           
       5.67           
       5.74           
       5.63           
       5.63           
       5.67           
       5.65           
       5.64           
       5.68           
       5.65           
       5.57           
       5.64           
       5.52           
       5.55           
       5.59           
       5.55           
       5.56           
       5.63           
       5.62           
       5.38           
       5.44           
       5.33           
       5.37           
       5.49           
       5.40           
       5.51           
       5.60           
       5.64           
       5.56           
       5.60           
       5.61           
       5.43           
       5.47           
       5.51           
       5.64           
       5.53           
       5.56           
       5.56           
       5.57           
       5.57           
       5.61           
       5.62           
       5.64           
       5.54           
       5.40           
       5.45           
       5.54           
       5.47           
       5.42           
       5.57           
       5.52           
       5.48           
       5.44           
       5.53           
       5.59           
       5.51           
       5.60           
       5.56           
       5.45           
       5.51           
       5.56           
       5.44           
       5.51           
       5.61           
       5.41           
       5.53           
       5.54           
       5.46           
       5.54           
       5.57           
       5.48           
       5.48           
       5.50           
       5.51           
       5.52           
       5.61           
       5.51           
       5.61           
       5.61           
       5.71           
       5.71           
       5.72           
       5.62           
       5.68           
       5.67           
       5.61           
       5.76           
       5.71           
       5.56           
       5.64           
       5.50           
       5.56           
       5.56           
       5.50           
       5.49           
       5.61           
       5.61           
       5.54           
       5.61           
       5.54           
       5.59           
       5.57           
       5.51           
       5.49           
       5.55           
       5.55           
       5.61           
       5.58           
       5.62           
       5.54           
       5.64           
       5.59           
       5.68           
       5.55           
       5.51           
       5.56           
       5.50           
       5.46           
       5.57           
       5.54           
       5.46           
       5.52           
       5.54           
       5.56           
       5.42           
       5.58           
       5.51           
       5.61           
       5.61           
       5.55           
       5.58           
       5.49           
       5.54           
       5.58           
       5.52           
       5.56           
       5.63           
       5.46           
       5.47           
       5.50           
       5.48           
       5.79           
       5.67           
       5.71           
       5.63           
       5.63           
       5.59           
       5.60           
       5.54           
       5.61           
       5.58           
       5.57           
       5.50           
       5.49           
       5.50           
       5.64           
       5.56           
       5.57           
       5.64           
       5.66           
       5.60           
       5.68           
       5.57           
       5.52           
       5.48           
       5.47           
       5.57           
       5.61           
       5.50           
       5.59           
       5.54           
       5.52           
       5.51           
       5.50           
       5.50           
       5.49           
       5.57           
       5.53           
       5.57           
       5.60           
       5.59           
       5.60           
       5.56           
       5.72           
       5.57           
       5.61           
       5.64           
       5.57           
       5.51           
       5.59           
       5.65           
       5.59           
       5.61           
       5.65           
       5.55           
       5.52           
       5.61           
       5.53           
       5.57           
       5.57           
       5.68           
       5.58           
       5.61           
       5.62           
       5.52           
       5.48           
       5.46           
       5.50           
       5.34           
       5.61           
       5.57           
       5.66           
       5.43           
       5.55           
       5.52           
       5.68           
       5.62           
       5.39           
       5.45           
       5.66           
       5.59           
       5.60           
       5.48           
       5.61           
       5.65           
       5.62           
       5.53           
       5.69           
       5.62           
       5.66           
       5.72           
       5.64           
       5.66           
       5.55           
       5.60           
       5.60           
       5.50           
       5.62           
       5.55           
       5.62           
       5.48           
       5.63           
       5.58           
       5.48           
       5.53           
       5.49           
       5.47           
       5.47           
       5.56           
       5.50           
       5.65           
       5.62           
       5.68           
       5.61           
       5.59           
       5.64           
       5.48           
       5.76           
       5.58           
       5.50           
       5.72           
       5.69           
       5.62           
       5.55           
       5.49           
       5.53           
       5.62           
       5.58           
       5.59           
       5.55           
       5.58           
       5.55           
       5.43           
       5.67           
       5.59           
       5.61           
       5.60           
       5.60           
       5.59           
       5.63           
       5.64           
       5.62           
       5.53           
       5.56           
       5.55           
       5.48           
       5.53           
       5.65           
       5.83           
       5.87           
       5.71           
       5.68           
       5.65           
       5.57           
       5.53           
       5.57           
       5.61           
       5.70           
       5.68           
       5.53           
       5.59           
       5.58           
       5.60           
       5.56           
       5.74           
       5.66           
       5.54           
       5.55           
       5.60           
       5.51           
       5.58           
       5.68           
       5.64           
       5.66           
       5.66           
       5.75           
       5.66           
       5.66           
       5.68           
       5.92           
       5.84           
       5.80           
       5.66           
       5.80           
       5.60           
       5.56           
       5.57           
       5.56           
       5.65           
       5.58           
       5.60           
       5.66           
       5.60           
       5.50           
       5.52           
       5.57           
       5.54           
       5.57           
       5.60           
       5.60           
       5.71           
       5.57           
       5.65           
       5.57           
       5.48           
       5.54           
       5.54           
       5.58           
       5.48           
       5.54           
       5.52           
       5.51           
       5.65           
       5.57           
       5.57           
       5.49           
       5.55           
       5.57           
       5.62           
       5.57           
       5.61           
       5.61           
       5.70           
       5.67           
       5.66           
       5.59           
       5.61           
       5.63           
       5.57           
       5.64           
       5.57           
       5.49           
       5.58           
       5.53           
       5.65           
       5.59           
       5.51           
       5.47           
       5.53           
       5.56           
       5.61           
       5.64           
       5.52           
       5.58           
       5.58           
       5.41           
       5.45           
       5.48           
       5.52           
       5.54           
       5.57           
       5.58           
       5.64           
       5.58           
       5.53           
       5.61           
       5.53           
       5.57           
       5.59           
       5.81           
       5.64           
       5.76           
       5.77           
       5.61           
       5.67           
       5.64           
       5.62           
       5.62           
       5.52           
       5.60           
       5.66           
       5.69           
       5.69           
       5.68           
       5.78           
       5.77           
       5.69           
       5.62           
       5.53           
       5.58           
       5.60           
       5.56           
       5.56           
       5.75           
       5.60           
       5.59           
       5.50           
       5.54           
       5.64           
       5.59           
       5.56           
       5.62           
       5.47           
       5.48           
       5.61           
       5.60           
       5.60           
       5.55           
       5.68           
       5.67           
       5.61           
       5.52           
       5.53           
       5.51           
       5.57           
       5.54           
       5.57           
       5.54           
       5.62           
       5.62           
       5.53           
       5.53           
       5.60           
       5.71           
       5.75           
       5.46           
       5.60           
       5.62           
       5.49           
       5.34           
       5.37           
       5.63           
       5.56           
       5.67           
       5.57           
       5.48           
       5.54           
       5.57           
       5.58           
       5.58           
       5.71           
       5.51           
       5.55           
       5.60           
       5.67           
       5.58           
       5.57           
       5.49           
       5.61           
       5.54           
       5.59           
       5.55           
       5.49           
       5.54           
       5.57           
       5.55           
       5.60           
       5.76           
       5.70           
       5.70           
       5.75           
       5.54           
       5.57           
       5.57           
       5.57           
       5.55           
       5.56           
       5.62           
       5.55           
       5.56           
       5.57           
       5.55           
       5.63           
       5.55           
       5.51           
       5.53           
       5.64           
       5.66           
       5.57           
       5.60           
       5.53           
       5.56           
       5.62           
       5.72           
       5.55           
       5.49           
       5.62           
       5.59           
       5.58           
       5.57           
       5.55           
       5.51           
       5.52           
       5.54           
       5.64           
       5.51           
       5.56           
       5.57           
       5.52           
       5.57           
       5.56           
       5.55           
       5.55           
       5.66           
       5.58           
       5.50           
       5.61           
       5.55           
       5.61           
       5.60           
       5.62           
       5.54           
       5.61           
       5.61           
       5.53           
       5.52           
       5.54           
       5.54           
       5.62           
       5.55           
       5.54           
       5.57           
       5.63           
       5.53           
       5.59           
       5.60           
       5.60           
       5.53           
       5.73           
       5.74           
       5.55           
       5.53           
       5.54           
       5.52           
       5.48           
       5.57           
       5.52           
       5.55           
       5.55           
       5.53           
       5.54           
       5.63           
       5.55           
       5.50           
       5.49           
       5.52           
       5.49           
       5.54           
       5.64           
       5.52           
       5.54           
       5.53           
       5.66           
       5.63           
       5.68           
       5.72           
       5.60           
       5.56           
       5.57           
       5.50           
       5.51           
       5.44           
       5.44           
       5.51           
       5.51           
       5.50           
       5.61           
       5.56           
       5.60           
       5.59           
       5.58           
       5.63           
       5.59           
       5.60           
       5.42           
       5.44           
       5.56           
       5.52           
       5.44           
       5.45           
       5.58           
       5.52           
       5.50           
       5.57           
       5.51           
       5.53           
       5.60           
       5.64           
       5.67           
       5.65           
       5.65           
       5.63           
       5.63           
       5.67           
       5.62           
       5.64           
       5.60           
       5.58           
       5.53           
       5.52           
       5.60           
       5.57           
       5.47           
       5.51           
       5.60           
       5.68           
       5.64           
       5.62           
       5.61           
       5.62           
       5.49           
       5.48           
       5.38           
       5.43           
       5.47           
       5.40           
       5.52           
       5.66           
       5.69           
       5.56           
       5.67           
       5.60           
       5.61           
       5.58           
       5.56           
       5.57           
       5.54           
       5.52           
       5.65           
       5.64           
       5.68           
       5.59           
       5.64           
       5.48           
       5.54           
       5.57           
       5.66           
       5.54           
       5.66           
       5.61           
       5.57           
       5.65           
       5.79           
       5.68           
       5.75           
       5.76           
       5.87           
       5.68           
       5.55           
       5.47           
       5.67           
       5.70           
       5.65           
       5.56           
       5.50           
       5.56           
       5.46           
       5.54           
       5.47           
       5.51           
       5.58           
       5.55           
       5.67           
       5.57           
       5.62           
       5.78           
       5.68           
       5.62           
       5.66           
       5.61           
       5.62           
       5.64           
       5.46           
       5.64           
       5.58           
       5.66           
       5.49           
       5.53           
       5.53           
       5.53           
       5.59           
       5.37           
       5.48           
       5.57           
       5.68           
       5.60           
       5.47           
       5.44           
       5.47           
       5.64           
       5.58           
       5.72           
       5.77           
       5.81           
       5.60           
       5.73           
       5.71           
       5.52           
       5.59           
       5.60           
       5.56           
       5.55           
       5.56           
       5.55           
       5.55           
       5.55           
       5.53           
       5.49           
       5.53           
       5.54           
       5.59           
       5.49           
       5.46           
       5.43           
       5.52           
       5.56           
       5.58           
       5.55           
       5.45           
       5.59           
       5.55           
       5.50           
       5.41           
       5.45           
       5.51           
       5.41           
       5.51           
       5.57           
       5.57           
       5.60           
       5.65           
       5.67           
       5.65           
       5.70           
       5.60           
       5.55           
       5.69           
       5.69           
       5.65           
       5.64           
       5.63           
       5.46           
       5.62           
       5.75           
       5.78           
       5.84           
       5.59           
       5.48           
       5.54           
       5.56           
       5.61           
       5.63           
       5.58           
       5.46           
       5.58           
       5.46           
       5.57           
       5.57           
       5.50           
       5.54           
       5.72           
       5.67           
       5.71           
       5.61           
       5.58           
       5.57           
       5.56           
       5.66           
       5.64           
       5.57           
       5.51           
       5.50           
       5.57           
       5.54           
       5.60           
       5.58           
       5.48           
       5.47           
       5.59           
       5.56           
       5.52           
       5.54           
       5.62           
       5.66           
       5.67           
       5.58           
       5.52           
       5.52           
       5.62           
       5.55           
       5.64           
       5.62           
       5.49           
       5.53           
       5.56           
       5.67           
       5.47           
       5.67           
       5.55           
       5.57           
       5.61           
       5.55           
       5.63           
       5.52           
       5.58           
       5.52           
       5.61           
       5.63           
       5.66           
       5.55           
       5.47           
       5.45           
       5.64           
       5.49           
       5.58           
       5.55           
       5.63           
       5.59           
       5.65           
       5.59           
       5.58           
       5.50           
       5.55           
       5.51           
       5.54           
       5.62           
       5.58           
       5.29           
       5.49           
       5.44           
       5.46           
       5.54           
       5.41           
       5.39           
       5.53           
       5.71           
       5.67           
       5.57           
       5.49           
       5.52           
       5.48           
       5.31           
       5.57           
       5.39           
       5.61           
       5.75           
       5.52           
       5.53           
       5.56           
       5.69           
       5.53           
       5.56           
       5.50           
       5.65           
       5.63           
       5.56           
       5.55           
       5.51           
       5.57           
       5.51           
       5.58           
       5.59           
       5.49           
       5.54           
       5.67           
       5.56           
       5.61           
       5.47           
       5.62           
       5.65           
       5.50           
       5.53           
       5.53           
       5.43           
       5.45           
       5.48           
       5.58           
       5.42           
       5.49           
       5.50           
       5.68           
       5.54           
       5.60           
       5.59           
       5.57           
       5.67           
       5.63           
       5.58           
       5.59           
       5.57           
       5.51           
       5.60           
       5.51           
       5.74           
       5.53           
       5.74           
       5.67           
       5.49           
       5.46           
       5.52           
       5.60           
       5.52           
       5.52           
       5.50           
       5.53           
       5.54           
       5.60           
       5.63           
       5.50           
       5.43           
       5.46           
       5.55           
       5.47           
       5.57           
       5.69           
       5.71           
       5.51           
       5.57           
       5.55           
       5.57           
       5.58           
       5.53           
       5.42           
       5.50           
       5.59           
       5.74           
       5.58           
       5.52           
       5.62           
       5.49           
       5.63           
       5.58           
       5.62           
       5.70           
       5.64           
       5.58           
       5.58           
       5.49           
       5.61           
       5.46           
       5.51           
       5.65           
       5.59           
       5.57           
       5.51           
       5.59           
       5.59           
       5.61           
       5.68           
       5.43           
       5.56           
       5.61           
       5.67           
       5.67           
       5.49           
       5.58           
       5.58           
       5.50           
       5.52           
       5.49           
       5.53           
       5.46           
       5.49           
       5.44           
       5.53           
       5.55           
       5.61           
       5.56           
       5.73           
       5.63           
       5.57           
       5.58           
       5.51           
       5.53           
       5.48           
       5.58           
       5.48           
       5.51           
       5.53           
       5.64           
       5.71           
       5.63           
       5.60           
       5.46           
       5.56           
       5.56           
       5.51           
       5.49           
       5.63           
       5.53           
       5.62           
       5.57           
       5.55           
       5.52           
       5.49           
       5.57           
       5.62           
       5.67           
       5.59           
       5.65           
       5.46           
       5.51           
       5.58           
       5.54           
       5.67           
       5.82           
       5.69           
       5.54           
       5.51           
       5.62           
       5.51           
       5.34           
       5.36           
       5.32           
       5.37           
       5.39           
       5.63           
       5.60           
       5.54           
       5.35           
       5.35           
       5.44           
       5.50           
       5.48           
       5.49           
       5.47           
       5.62           
       5.67           
       5.57           
       5.51           
       5.49           
       5.51           
       5.49           
       5.56           
       5.43           
       5.53           
       5.54           
       5.57           
       5.52           
       5.53           
       5.53           
       5.44           
       5.58           
       5.53           
       5.49           
       5.56           
       5.63           
       5.54           
       5.59           
       5.47           
       5.52           
       5.54           
       5.49           
       5.55           
       5.52           
       5.45           
       5.52           
       5.51           
       5.49           
       5.56           
       5.74           
       5.67           
       5.56           
       5.54           
       5.59           
       5.55           
       5.55           
       5.57           
       5.59           
       5.46           
       5.60           
       5.53           
       5.54           
       5.43           
       5.50           
       5.57           
       5.57           
       5.55           
       5.55           
       5.64           
       5.51           
       5.55           
       5.59           
       5.60           
       5.61           
       5.61           
       5.61           
       5.52           
       5.53           
       5.55           
       5.55           
       5.51           
       5.49           
       5.56           
       5.65           
       5.54           
       5.63           
       5.64           
       5.64           
       5.57           
       5.61           
       5.64           
       5.45           
       5.41           
       5.52           
       5.57           
       5.53           
       5.43           
       5.56           
       5.63           
       5.71           
       5.62           
       5.50           
       5.51           
       5.51           
       5.55           
       5.60           
       5.56           
       5.56           
       5.55           
       5.43           
       5.39           
       5.36           
       5.29           
       5.48           
       5.37           
       5.49           
       5.46           
       5.52           
       5.49           
       5.48           
       5.55           
       5.58           
       5.49           
       5.50           
       5.53           
       5.48           
       5.65           
       5.68           
       5.80           
       5.71           
       5.51           
       5.55           
       5.71           
       5.52           
       5.51           
       5.35           
       5.37           
       5.40           
       5.29           
       5.56           
       5.54           
       5.46           
       5.50           
       5.46           
       5.39           
       5.43           
       5.48           
       5.48           
       5.50           
       5.56           
       5.54           
       5.37           
       5.53           
       5.52           
       5.56           
       5.71           
       5.61           
       5.52           
       5.41           
       5.42           
       5.41           
       5.42           
       5.16           
       4.86           
       4.94           
       5.34           
       5.36           
       5.54           
       5.55           
       5.59           
       5.58           
       5.53           
       5.52           
       5.43           
       5.37           
       5.37           
       5.48           
       5.49           
       5.55           
       5.34           
       5.64           
       5.52           
       5.66           
       5.64           
       5.50           
       5.45           
       5.52           
       5.59           
       5.54           
       5.53           
       5.54           
       5.58           
       5.60           
       5.38           
       5.53           
       5.55           
       5.48           
       5.48           
       5.55           
       5.57           
       5.45           
       5.44           
       5.55           
       5.56           
       5.50           
       5.57           
       5.44           
       5.44           
       5.47           
       5.50           
       5.33           
       5.46           
       5.52           
       5.60           
       5.57           
       5.58           
       5.55           
       5.48           
       5.41           
       5.48           
       5.56           
       5.46           
       5.69           
       5.60           
       5.54           
       5.35           
       5.57           
       5.52           
       5.48           
       5.47           
       5.59           
       5.37           
       5.36           
       5.32           
       5.47           
       5.47           
       5.47           
       5.39           
       5.53           
       5.54           
       5.42           
       5.46           
       5.46           
       5.65           
       5.62           
       5.61           
       5.70           
       5.67           
       5.58           
       5.53           
       5.50           
       5.61           
       5.67           
       5.71           
       5.65           
       5.61           
       5.62           
       5.56           
       5.40           
       5.48           
       5.48           
       5.55           
       5.48           
       5.42           
       5.45           
       5.46           
       5.37           
       5.44           
       5.38           
       5.30           
       5.48           
       5.53           
       5.47           
       5.42           
       5.49           
       5.43           
       5.42           
       5.48           
       5.55           
       5.54           
       5.53           
       5.49           
       5.58           
       5.42           
       5.39           
       5.62           
       5.70           
       5.71           
       5.72           
       5.50           
       5.64           
       5.55           
       5.63           
       5.44           
       5.55           
       5.58           
       5.56           
       5.22           
       5.46           
       5.66           
       5.39           
       5.66           
       5.49           
       5.39           
       5.41           
       5.49           
       5.53           
       5.52           
       5.47           
       5.52           
       5.58           
       5.59           
       5.57           
       5.56           
       5.56           
       5.57           
       5.43           
       5.43           
       5.44           
       5.48           
       5.45           
       5.48           
       5.47           
       5.61           
       5.54           
       5.50           
       5.61           
       5.56           
       5.51           
       5.60           
       5.57           
       5.52           
       5.43           
       5.44           
       5.48           
       5.50           
       5.62           
       5.47           
       5.40           
       5.44           
       5.47           
       5.52           
       5.54           
       5.55           
       5.60           
       5.56           
       5.45           
       5.51           
       5.43           
       5.41           
       5.47           
       5.45           
       5.44           
       5.47           
       5.52           
       5.55           
       5.46           
       5.48           
       5.60           
       5.53           
       5.40           
       5.58           
       5.46           
       5.40           
       5.35           
       5.36           
       5.42           
       5.40           
       5.47           
       5.54           
       5.41           
       5.47           
       5.45           
       5.39           
       5.44           
       5.50           
       5.45           
       5.58           
       5.62           
       5.58           
       5.52           
       5.40           
       5.51           
       5.48           
       5.45           
       5.54           
       5.52           
       5.47           
       5.56           
       5.58           
       5.49           
       5.57           
       5.51           
       5.46           
       5.42           
       5.58           
       5.55           
       5.52           
       5.49           
       5.50           
       5.49           
       5.46           
       5.47           
       5.50           
       5.44           
       5.43           
       5.46           
       5.46           
       5.49           
       5.46           
       5.50           
       5.60           
       5.47           
       5.57           
       5.56           
       5.43           
       5.39           
       5.38           
       5.52           
       5.53           
       5.53           
       5.46           
       5.54           
       5.40           
       5.33           
       5.41           
       5.45           
       5.46           
       5.45           
       5.61           
       5.36           
       5.43           
       5.49           
       5.38           
       5.40           
       5.54           
       5.47           
       5.51           
       5.54           
       5.47           
       5.47           
       5.45           
       5.49           
       5.50           
       5.51           
       5.44           
       5.52           
       5.59           
       5.46           
       5.43           
       5.47           
       5.45           
       5.35           
       5.45           
       5.39           
       5.42           
       5.36           
       5.40           
       5.29           
       5.35           
       5.31           
       5.49           
       5.47           
       5.45           
       5.44           
       5.45           
       5.43           
       5.39           
       5.37           
       5.36           
       5.43           
       5.51           
       5.59           
       5.63           
       5.55           
       5.58           
       5.58           
       5.52           
       5.50           
       5.56           
       5.48           
       5.37           
       5.52           
       5.49           
       5.51           
       5.45           
       5.39           
       5.41           
       5.40           
       5.47           
       5.46           
       5.38           
       5.36           
       5.21           
       5.36           
       5.46           
       5.49           
       5.57           
       5.57           
       5.55           
       5.39           
       5.47           
       5.40           
       5.51           
       5.60           
       5.50           
       5.40           
       5.43           
       5.40           
       5.48           
       5.42           
       5.60           
       5.73           
       5.75           
       5.58           
       5.57           
       5.51           
       5.52           
       5.54           
       5.40           
       5.46           
       5.51           
       5.47           
       5.63           
       5.57           
       5.41           
       5.42           
       5.47           
       5.50           
       5.45           
       5.42           
       5.49           
       5.52           
       5.54           
       5.58           
       5.61           
       5.63           
       5.65           
       5.34           
       5.45           
       5.53           
       5.52           
       5.49           
       5.39           
       5.39           
       5.58           
       5.49           
       5.44           
       5.44           
       5.65           
       5.46           
       5.46           
       5.42           
       5.49           
       5.40           
       5.52           
       5.51           
       5.51           
       5.55           
       5.45           
       5.47           
       5.52           
       5.50           
       5.45           
       5.52           
       5.53           
       5.38           
       5.35           
       5.47           
       5.51           
       5.55           
       5.41           
       5.50           
       5.49           
       5.47           
       5.54           
       5.41           
       5.39           
       5.53           
       5.49           
       5.64           
       5.55           
       5.43           
       5.42           
       5.43           
       5.39           
       5.45           
       5.48           
       5.62           
       5.43           
       5.42           
       5.35           
       5.39           
       5.38           
       5.38           
       5.47           
       5.51           
       0.00           
       0.00           
       5.31           
       5.43           
       5.46           
       5.44           
       5.48           
       5.44           
       5.44           
       5.38           
       5.45           
       5.40           
       5.38           
       5.42           
       5.42           
       5.41           
       5.47           
       5.46           
       5.41           
       5.49           
       5.56           
       5.57           
       5.49           
       5.39           
       5.47           
       5.37           
       5.43           
       5.52           
       5.50           
       5.39           
