71.00  0.00
65.00  0.00
65.00  0.00
66.00  0.00
65.00  0.00
65.00  0.00
65.00  0.00
64.00  0.00
65.00  0.00
65.00  0.00
64.00  0.00
64.00  0.00
63.00  0.00
62.00  0.00
62.00  0.00
61.00  0.00
60.00  0.00
60.00  0.00
59.00  0.00
59.00  0.00
59.00  0.00
59.00  0.00
59.00  0.00
58.00  0.00
58.00  0.00
58.00  0.00
58.00  0.00
59.00  0.00
59.00  0.00
58.00  0.00
58.00  0.00
58.00  0.00
58.00  0.00
58.00  0.00
58.00  0.00
58.00  0.00
58.00  0.00
58.00  0.00
58.00  0.00
58.00  0.00
57.00  0.00
58.00  0.00
59.00  0.00
60.00  0.00
61.00  0.00
61.00  0.00
60.00  0.00
61.00  0.00
60.00  0.00
61.00  0.00
62.00  0.00
61.00  0.00
61.00  0.00
63.00  0.00
62.00  0.00
62.00  0.00
62.00  0.00
61.00  0.00
61.00  0.00
63.00  0.00
63.00  0.00
63.00  0.00
64.00  0.00
63.00  0.00
63.00  0.00
64.00  0.00
63.00  0.00
63.00  0.00
65.00  0.00
64.00  0.00
64.00  0.00
64.00  0.00
63.00  0.00
62.00  0.00
63.00  0.00
63.00  0.00
63.00  0.00
63.00  0.00
62.00  0.00
61.00  0.00
63.00  0.00
62.00  0.00
61.00  0.00
62.00  0.00
61.00  0.00
60.00  0.00
60.00  0.00
60.00  0.00
61.00  0.03
61.00  0.00
59.00  0.00
59.00  0.00
59.00  0.00
59.00  0.00
59.00  0.00
60.00  0.00
60.00  0.00
60.00  0.00
61.00  0.00
60.00  0.00
60.00  0.00
61.00  0.00
60.00  0.00
60.00  0.00
61.00  0.00
60.00  0.00
60.00  0.00
60.00  0.00
60.00  0.00
60.00  0.00
60.00  0.00
59.00  0.00
59.00  0.00
59.00  0.00
58.00  0.00
57.00  0.00
56.00  0.00
57.00  0.00
57.00  0.00
57.00  0.00