63.00  0.00
76.00  0.00
77.00  0.00
77.00  0.00
77.00  0.00
78.00  0.00
78.00  0.00
78.00  0.00
79.00  0.00
78.00  0.00
79.00  0.00
79.00  0.00
78.00  0.00
78.00  0.00
78.00  0.00
78.00  0.00
78.00  0.00
79.00  0.00
79.00  0.00
79.00  0.00
79.00  0.00
78.00  0.00
79.00  0.00
79.00  0.00
79.00  0.00
79.00  0.00
80.00  0.00
80.00  0.01
78.00  0.00
78.00  0.00
80.00  0.00
81.00  0.00
81.00  0.00
82.00  0.00
81.00  0.00
80.00  0.00
81.00  0.00
81.00  0.00
81.00  0.00
80.00  0.00
79.00  0.00
80.00  0.00
80.00  0.00
79.00  0.00
80.00  0.00
81.00  0.00
80.00  0.00
78.00  0.00
78.00  0.00
80.00  0.00
80.00  0.00
78.00  0.00
78.00  0.00
81.00  0.00
81.00  0.00
80.00  0.00
81.00  0.24
81.00  0.00
79.00  0.00
79.00  0.00
80.00  0.00
80.00  0.00
80.00  0.00
81.00  0.00
80.00  0.00
78.00  0.00
78.00  0.00
81.00  0.00
81.00  0.00
81.00  0.00
80.00  0.00
81.00  0.00
80.00  0.00
80.00  0.00
80.00  0.00
79.00  0.00
79.00  0.00
79.00  0.00
79.00  0.00
79.00  0.00
80.00  0.00
80.00  0.00
80.00  0.00
80.00  0.00
80.00  0.00
80.00  0.00
81.00  0.00
80.00  0.00
77.00  0.00
76.00  0.00
77.00  0.00
76.00  0.00
76.00  0.00
77.00  0.00
76.00  0.00
75.00  0.00
75.00  0.00
74.00  0.00
73.00  0.00
75.00  0.00
75.00  0.00
75.00  0.00
75.00  0.00
74.00  0.00
74.00  0.01
75.00  0.00
75.00  0.24
75.00  0.00
77.00  0.00
75.00  0.00
74.00  0.00
75.00  0.00
74.00  0.00
73.00  0.00
75.00  0.00
74.00  0.00
74.00  0.00
76.00  0.00