149.00  0.00
151.00  0.00
147.00  0.00
149.00  0.00
151.00  0.00
148.00  0.00
150.00  0.00
152.00  0.00
149.00  0.00
151.00  0.00
153.00  0.00
150.00  0.00
152.00  0.00
154.00  0.00
150.00  0.00
152.00  0.00
154.00  0.00
150.00  0.00
153.00  0.00
155.00  0.00
150.00  0.00
151.00  0.00
153.00  0.00
149.00  0.00
150.00  0.00
152.00  0.00
148.00  0.00
150.00  0.00
152.00  0.00
148.00  0.00
149.00  0.00
151.00  0.00
147.00  0.00
149.00  0.00
150.00  0.00
147.00  0.00
149.00  0.00
150.00  0.00
146.00  0.00
148.00  0.00
149.00  0.00
145.00  0.00
147.00  0.00
150.00  0.00
146.00  0.00
148.00  0.00
150.00  0.00
147.00  0.00
149.00  0.00
151.00  0.00
147.00  0.00
149.00  0.03
150.00  0.00
147.00  0.00
148.00  0.00
150.00  0.00
146.00  0.00
148.00  0.00
149.00  0.00
145.00  0.00
147.00  0.00
149.00  0.00
145.00  0.00
147.00  0.00
148.00  0.00
144.00  0.00
146.00  0.00
149.00  0.00
145.00  0.00
147.00  0.00
148.00  0.00
145.00  0.00
147.00  0.00
149.00  0.00
146.00  0.00
149.00  0.00
151.00  0.00
148.00  0.00
150.00  0.00
152.00  0.00
150.00  0.00
151.00  0.00
154.00  0.00
151.00  0.00
153.00  0.00
154.00  0.00
149.00  0.00
150.00  0.00
152.00  0.00
149.00  0.00
150.00  0.00
152.00  0.00
149.00  0.00
150.00  0.00
152.00  0.00
149.00  0.00
150.00  0.00
152.00  0.00
149.00  0.00
151.00  0.00
153.00  0.00
150.00  0.00
151.00  0.00
152.00  0.00
148.00  0.00
150.00  0.00
152.00  0.00
148.00  0.00
150.00  0.00
152.00  0.00
148.00  0.00
149.00  0.00
151.00  0.00
147.00  0.00
149.00  0.00
151.00  0.00
148.00  0.00
150.00  0.00
151.00  0.00
147.00  0.00