103.00  0.00
34.00  0.00
33.00  0.00
34.00  0.00
35.00  0.00
34.00  0.00
34.00  0.00
34.00  0.00
34.00  0.00
35.00  0.00
36.00  0.00
34.00  0.00
34.00  0.00
35.00  0.00
34.00  0.00
34.00  0.00
33.00  0.00
32.00  0.00
33.00  0.00
34.00  0.00
32.00  0.00
31.00  0.00
32.00  0.00
31.00  0.00
31.00  0.00
32.00  0.00
31.00  0.00
31.00  0.00
32.00  0.00
31.00  0.00
31.00  0.00
32.00  0.00
31.00  0.00
32.00  0.00
32.00  0.00
31.00  0.00
31.00  0.00
31.00  0.00
31.00  0.00
32.00  0.00
33.00  0.00
32.00  0.00
32.00  0.00
33.00  0.00
31.00  0.00
32.00  0.00
33.00  0.00
32.00  0.00
32.00  0.00
33.00  0.00
32.00  0.00
32.00  0.00
33.00  0.00
33.00  0.00
33.00  0.00
34.00  0.00
34.00  0.00
34.00  0.00
34.00  0.00
33.00  0.00
33.00  0.00
34.00  0.00
33.00  0.00
33.00  0.00
33.00  0.00
32.00  0.00
32.00  0.00
32.00  0.00
30.00  0.00
30.00  0.01
32.00  0.00
31.00  0.00
30.00  0.00
30.00  0.00
29.00  0.00
31.00  0.00
33.00  0.00
32.00  0.00
32.00  0.00
33.00  0.00
33.00  0.00
34.00  0.00
34.00  0.00
33.00  0.00
33.00  0.00
34.00  0.00
34.00  0.00
34.00  0.00
34.00  0.00
33.00  0.00
33.00  0.00
32.00  0.00
31.00  0.00
32.00  0.00
33.00  0.00
32.00  0.00
33.00  0.00
34.00  0.00
32.00  0.00
32.00  0.00
33.00  0.00
31.00  0.00
31.00  0.00
33.00  0.00
33.00  0.00
33.00  0.00
33.00  0.00
32.00  0.00
34.00  0.00
35.00  0.00
35.00  0.00
35.00  0.00
36.00  0.00
35.00  0.00
35.00  0.00
34.00  0.00
33.00  0.00
34.00  0.00
35.00  0.00
34.00  0.00