98.00  0.00
107.00  0.00
107.00  0.00
107.00  0.00
107.00  0.00
107.00  0.00
107.00  0.00
107.00  0.00
107.00  0.00
108.00  0.00
108.00  0.00
108.00  0.00
109.00  0.00
110.00  0.00
110.00  0.00
109.00  0.00
109.00  0.00
109.00  0.00
109.00  0.00
109.00  0.00
109.00  0.00
108.00  0.00
107.00  0.00
106.00  0.00
106.00  0.00
105.00  0.04
105.00  0.00
105.00  0.00
106.00  0.00
106.00  0.00
107.00  0.00
107.00  0.00
106.00  0.00
106.00  0.00
106.00  0.00
106.00  0.00
107.00  0.00
107.00  0.00
106.00  0.00
106.00  0.00
105.00  0.00
105.00  0.00
104.00  0.00
104.00  0.00
104.00  0.00
104.00  0.00
104.00  0.00
104.00  0.00
105.00  0.00
105.00  0.00
106.00  0.00
107.00  0.00
107.00  0.00
107.00  0.00
107.00  0.00
106.00  0.00
107.00  0.00
107.00  0.00
107.00  0.00
107.00  0.00
107.00  0.00
107.00  0.00
107.00  0.00
107.00  0.00
107.00  0.00
107.00  0.00
107.00  0.00
107.00  0.00
107.00  0.00
107.00  0.00
106.00  0.00
106.00  0.00
106.00  0.00
106.00  0.00
108.00  0.00
108.00  0.00
108.00  0.00
109.00  0.00
109.00  0.00
108.00  0.00
109.00  0.00
109.00  0.00
109.00  0.00
109.00  0.00
110.00  0.00
110.00  0.00
110.00  0.00
110.00  0.00
110.00  0.00
109.00  0.00
109.00  0.00
109.00  0.00
109.00  0.00
109.00  0.03
109.00  0.00
109.00  0.00
109.00  0.00
109.00  0.00
108.00  0.00
107.00  0.00
106.00  0.00
107.00  0.00
107.00  0.00
107.00  0.00
107.00  0.00
107.00  0.00
107.00  0.00
108.00  0.00
108.00  0.00
108.00  0.00
108.00  0.00
108.00  0.00
109.00  0.00
109.00  0.00
109.00  0.00
109.00  0.00
109.00  0.00
109.00  0.00
109.00  0.00
109.00  0.00