160.00  0.00
167.00  0.00
167.00  0.00
167.00  0.00
167.00  0.00
167.00  0.00
168.00  0.00
168.00  0.00
170.00  0.00
171.00  0.00
171.00  0.00
171.00  0.00
171.00  0.00
171.00  0.00
172.00  0.00
172.00  0.00
171.00  0.00
172.00  0.00
172.00  0.00
172.00  0.00
172.00  0.00
171.00  0.00
170.00  0.00
170.00  0.00
170.00  0.00
170.00  0.00
171.00  0.00
171.00  0.00
171.00  0.00
172.00  0.00
172.00  0.00
172.00  0.00
172.00  0.00
174.00  0.00
175.00  0.00
175.00  0.00
175.00  0.00
175.00  0.00
174.00  0.00
174.00  0.00
175.00  0.00
175.00  0.00
175.00  0.00
176.00  0.00
176.00  0.00
175.00  0.00
175.00  0.00
175.00  0.00
175.00  0.06
175.00  0.00
175.00  0.00
176.00  0.00
176.00  0.00
175.00  0.00
175.00  0.00
174.00  0.00
174.00  0.00
174.00  0.00
173.00  0.00
173.00  0.00
173.00  0.00
173.00  0.00
173.00  0.00
172.00  0.00
172.00  0.00
172.00  0.00
172.00  0.00
173.00  0.00
173.00  0.00
173.00  0.00
174.00  0.00
174.00  0.00
173.00  0.00
173.00  0.00
173.00  0.00
173.00  0.00
173.00  0.00
172.00  0.00
172.00  0.00
172.00  0.00
172.00  0.00
171.00  0.00
171.00  0.00
171.00  0.00
170.00  0.00
170.00  0.00
170.00  0.00
169.00  0.00
169.00  0.00
170.00  0.00
170.00  0.00
170.00  0.00
170.00  0.00
170.00  0.00
171.00  0.00
171.00  0.00
171.00  0.00
172.00  0.00
172.00  0.00
172.00  0.00
173.00  0.00
172.00  0.00
171.00  0.00
171.00  0.00
171.00  0.01
171.00  0.00
170.00  0.00
170.00  0.00
170.00  0.00
170.00  0.00
170.00  0.00
170.00  0.00
171.00  0.00
172.00  0.00
172.00  0.00
172.00  0.00
172.00  0.00
173.00  0.00
174.00  0.00
175.00  0.00