234.00  0.00
217.00  0.00
218.00  0.00
208.00  0.00
206.00  0.00
208.00  0.00
209.00  0.00
218.00  0.00
219.00  0.00
208.00  0.00
206.00  0.00
208.00  0.00
209.00  0.00
218.00  0.00
219.00  0.00
209.00  0.00
207.00  0.00
208.00  0.00
209.00  0.00
218.00  0.00
221.00  0.00
212.00  0.00
209.00  0.00
209.00  0.00
209.00  0.00
218.00  0.00
220.00  0.00
209.00  0.00
206.00  0.00
208.00  0.00
209.00  0.00
218.00  0.00
219.00  0.00
208.00  0.00
206.00  0.00
207.00  0.00
207.00  0.00
216.00  0.00
218.00  0.00
208.00  0.00
207.00  0.00
210.00  0.00
210.00  0.00
218.00  0.00
219.00  0.00
208.00  0.00
206.00  0.00
209.00  0.00
211.00  0.00
221.00  0.00
222.00  0.00
211.00  0.00
208.00  0.00
209.00  0.00
210.00  0.00
220.00  0.00
220.00  0.00
210.00  0.00
208.00  0.00
210.00  0.00
210.00  0.00
220.00  0.00
221.00  0.00
209.00  0.00
209.00  0.00
211.00  0.00
210.00  0.00
218.00  0.00
219.00  0.00
209.00  0.00
208.00  0.00
209.00  0.00
210.00  0.00
218.00  0.00
218.00  0.00
208.00  0.00
206.00  0.00
208.00  0.00
209.00  0.00
218.00  0.03
219.00  0.00
208.00  0.00
207.00  0.00
209.00  0.00
209.00  0.00
220.00  0.00
220.00  0.00
207.00  0.00
207.00  0.00
209.00  0.00
209.00  0.00
220.00  0.00
222.00  0.00
212.00  0.00
210.00  0.00
210.00  0.00
211.00  0.00
221.00  0.00
222.00  0.00
211.00  0.00
208.00  0.00
211.00  0.00
212.00  0.00
221.00  0.00
222.00  0.00
211.00  0.00
208.00  0.00
210.00  0.00
211.00  0.00
221.00  0.00
223.00  0.00
212.00  0.00
209.00  0.00
211.00  0.00
211.00  0.00
222.00  0.00
224.00  0.00
213.00  0.00
210.00  0.00
212.00  0.00