472.00  0.00
446.00  0.00
446.00  0.00
446.00  0.00
441.00  0.00
441.00  0.00
446.00  0.00
446.00  0.00
446.00  0.00
446.00  0.00
441.00  0.00
441.00  0.00
441.00  0.00
441.00  0.00
441.00  0.00
437.00  0.00
437.00  0.00
441.00  0.00
442.00  0.00
442.00  0.00
446.00  0.00
446.00  0.00
446.00  0.00
446.00  0.00
446.00  0.00
446.00  0.00
446.00  0.00
446.00  0.00
446.00  0.00
442.00  0.00
437.00  0.00
441.00  0.00
446.00  0.00
446.00  0.00
441.00  0.00
441.00  0.00
441.00  0.00
441.00  0.00
441.00  0.00
437.00  0.00
437.00  0.00
441.00  0.00
446.00  0.00
446.00  0.00
446.00  0.00
446.00  0.00
441.00  0.00
441.00  0.00
441.00  0.00
437.00  0.00
441.00  0.00
446.00  0.00
441.00  0.00
437.00  0.00
437.00  0.00
437.00  0.00
437.00  0.00
437.00  0.00
437.00  0.00
441.00  0.00
441.00  0.00
437.00  0.00
437.00  0.00
441.00  0.00
441.00  0.00
437.00  0.00
437.00  0.00
437.00  0.00
437.00  0.00
441.00  0.00
441.00  0.00
441.00  0.00
441.00  0.00
437.00  0.00
437.00  0.00
437.00  0.00
437.00  0.00
437.00  0.00
437.00  0.00
441.00  0.00
437.00  0.00
433.00  0.00
437.00  0.00
442.00  0.00
442.00  0.00
437.00  0.00
437.00  0.00
437.00  0.00
437.00  0.00
441.00  0.00
441.00  0.00
441.00  0.00
442.00  0.00
442.00  0.00
442.00  0.00
437.00  0.00
432.00  0.00
432.00  0.00
437.00  0.00
440.00  0.00
440.00  0.00
437.00  0.00
438.00  0.00
442.00  0.00
441.00  0.00
441.00  0.00
441.00  0.00
437.00  0.00
437.00  0.00
442.00  0.00
446.00  0.00
446.00  0.00
441.00  0.00
437.00  0.00
442.00  0.00
446.00  0.00
446.00  0.00
446.00  0.00
442.00  0.00
441.00  0.00