278.00  0.00
261.00  0.00
250.00  0.00
251.00  0.00
250.00  0.00
251.00  0.00
264.00  0.00
263.00  0.00
253.00  0.00
253.00  0.00
251.00  0.00
253.00  0.00
264.00  0.00
264.00  0.00
254.00  0.00
253.00  0.00
251.00  0.00
253.00  0.00
264.00  0.00
264.00  0.00
254.00  0.00
253.00  0.00
251.00  0.00
253.00  0.00
264.00  0.00
264.00  0.00
256.00  0.00
256.00  0.00
254.00  0.00
256.00  0.00
267.00  0.00
266.00  0.00
256.00  0.00
256.00  0.00
253.00  0.00
253.00  0.00
266.00  0.00
266.00  0.00
255.00  0.00
254.00  0.00
251.00  0.00
253.00  0.00
264.00  0.00
263.00  0.00
253.00  0.00
251.00  0.00
247.00  0.00
248.00  0.00
262.00  0.00
262.00  0.00
254.00  0.00
254.00  0.00
250.00  0.00
250.00  0.00
261.00  0.00
261.00  0.00
253.00  0.00
253.00  0.00
251.00  0.00
253.00  0.00
264.00  0.00
264.00  0.00
256.00  0.00
256.00  0.00
254.00  0.00
256.00  0.00
267.00  0.00
266.00  0.00
256.00  0.00
256.00  0.00
254.00  0.00
254.00  0.00
266.00  0.00
266.00  0.00
256.00  0.00
254.00  0.00
251.00  0.00
254.00  0.00
267.00  0.00
266.00  0.00
256.00  0.16
254.00  0.00
251.00  0.00
254.00  0.00
267.00  0.00
266.00  0.00
256.00  0.00
256.00  0.00
254.00  0.00
254.00  0.00
266.00  0.00
266.00  0.00
254.00  0.00
254.00  0.00
253.00  0.00
253.00  0.00
264.00  0.00
263.00  0.00
253.00  0.00
253.00  0.00
251.00  0.00
253.00  0.00
264.00  0.00
262.00  0.00
254.00  0.00
256.00  0.00
251.00  0.00
251.00  0.00
264.00  0.00
262.00  0.00
254.00  0.00
256.00  0.00
253.00  0.00
251.00  0.00
263.00  0.00
264.00  0.00
256.00  0.00
256.00  0.00
253.00  0.00
253.00  0.00