298.00  0.00
294.00  0.16
294.00  0.00
281.00  0.00
294.00  0.00
294.00  0.00
281.00  0.00
294.00  0.00
294.00  0.00
280.00  0.00
292.00  0.00
296.00  0.00
283.00  0.00
294.00  0.00
296.00  0.00
283.00  0.00
294.00  0.00
296.00  0.00
283.00  0.00
294.00  0.00
296.00  0.00
283.00  0.00
294.00  0.00
296.00  0.00
285.00  0.00
296.00  0.00
296.00  0.00
285.00  0.00
298.00  0.00
298.00  0.00
283.00  0.00
296.00  0.00
296.00  0.00
280.00  0.00
293.00  0.00
294.00  0.00
279.00  0.00
292.00  0.00
294.00  0.00
281.00  0.00
294.00  0.00
296.00  0.00
282.00  0.00
292.00  0.00
294.00  0.00
281.00  0.00
294.00  0.00
294.00  0.00
281.00  0.00
294.00  0.00
296.00  0.00
282.00  0.00
292.00  0.00
294.00  0.00
281.00  0.00
294.00  0.00
296.00  0.00
283.00  0.00
296.00  0.00
298.00  0.00
283.00  0.00
296.00  0.00
298.00  0.00
284.00  0.00
297.00  0.00
298.00  0.00
283.00  0.00
296.00  0.00
298.00  0.00
285.00  0.00
300.00  0.00
302.00  0.00
287.00  0.00
298.00  0.00
300.00  0.00
285.00  0.00
296.00  0.00
298.00  0.00
283.00  0.00
296.00  0.00
298.00  0.00
285.00  0.00
298.00  0.00
298.00  0.00
285.00  0.00
298.00  0.00
300.00  0.00
285.00  0.00
296.00  0.00
298.00  0.00
283.00  0.00
296.00  0.00
298.00  0.00
283.00  0.00
294.00  0.00
294.00  0.00
281.00  0.00
296.00  0.00
297.00  0.00
282.00  0.00
296.00  0.00
298.00  0.00
283.00  0.00
296.00  0.00
298.00  0.00
283.00  0.00
296.00  0.00
298.00  0.00
285.00  0.00
298.00  0.00
298.00  0.00
283.00  0.00
294.00  0.00
296.00  0.00
283.00  0.00
294.00  0.00
296.00  0.00
283.00  0.00
296.00  0.00
298.00  0.00