505.00  0.00
519.00  0.00
519.00  0.00
487.00  0.00
476.00  0.00
482.00  0.00
487.00  0.00
514.00  0.00
520.00  0.00
487.00  0.00
476.00  0.00
482.00  0.00
493.00  0.00
519.00  0.00
520.00  0.00
487.00  0.00
476.00  0.00
481.00  0.00
492.00  0.00
526.00  0.00
526.00  0.00
487.00  0.00
476.00  0.00
482.00  0.00
493.00  0.00
520.00  0.00
514.00  0.00
481.00  0.00
476.00  0.00
482.00  0.00
487.00  0.00
500.00  0.00
500.00  0.00
482.00  0.00
476.00  0.00
476.00  0.00
487.00  0.00
520.00  0.00
520.00  0.00
487.00  0.00
476.00  0.00
476.00  0.00
487.00  0.00
519.00  0.00
514.00  0.00
482.00  0.00
476.00  0.00
476.00  0.00
487.00  0.00
519.00  0.00
519.00  0.00
487.00  0.00
476.00  0.00
476.00  0.00
482.00  0.00
507.00  0.00
513.00  0.00
487.00  0.00
476.00  0.00
476.00  0.00
488.00  0.00
527.00  0.00
526.00  0.00
488.00  0.00
476.00  0.00
482.00  0.00
493.00  0.00
520.00  0.00
520.00  0.00
487.00  0.00
476.00  0.00
476.00  0.00
481.00  0.00
513.00  0.00
513.00  0.00
481.00  0.00
481.00  0.00
488.00  0.00
494.00  0.00
487.00  0.00
481.00  0.00
482.00  0.00
488.00  0.00
488.00  0.00
482.00  0.00
476.00  0.01
482.00  0.00
487.00  0.00
514.00  0.00
520.00  0.00
487.00  0.00
476.00  0.00
476.00  0.00
481.00  0.00
507.00  0.00
513.00  0.00
487.00  0.00
481.00  0.00
482.00  0.00
482.00  0.00
481.00  0.00
481.00  0.00
482.00  0.00
477.00  0.00
476.00  0.00
482.00  0.00
477.00  0.00
472.00  0.00
477.00  0.00
488.00  0.00
488.00  0.00
482.00  0.00
514.00  0.00
520.00  0.00
482.00  0.00
471.00  0.00
476.00  0.00
482.00  0.00
488.00  0.00
494.00  0.00