332.00  0.00
313.00  0.00
326.00  0.00
328.00  0.00
328.00  0.00
328.00  0.00
323.00  0.00
320.00  0.00
315.00  0.00
326.00  0.00
326.00  0.00
314.00  0.00
326.00  0.00
328.00  0.00
315.00  0.00
328.00  0.00
326.00  0.00
313.00  0.00
326.00  0.00
326.00  0.00
315.00  0.03
326.00  0.00
328.00  0.00
328.00  0.00
328.00  0.00
331.00  0.00
328.00  0.00
326.00  0.00
326.00  0.00
326.00  0.00
326.00  0.00
324.00  0.00
323.00  0.00
326.00  0.00
324.00  0.00
321.00  0.00
321.00  0.00
319.00  0.00
319.00  0.00
321.00  0.00
321.00  0.00
318.00  0.00
320.00  0.00
323.00  0.00
323.00  0.00
326.00  0.00
326.00  0.00
326.00  0.00
326.00  0.00
326.00  0.00
326.00  0.00
326.00  0.00
328.00  0.00
328.00  0.00
328.00  0.00
328.00  0.00
328.00  0.00
328.00  0.00
328.00  0.00
328.00  0.00
329.00  0.00
331.00  0.00
333.00  0.00
328.00  0.00
326.00  0.00
316.00  0.00
324.00  0.00
328.00  0.00
327.00  0.00
323.00  0.00
321.00  0.00
323.00  0.00
320.00  0.00
326.00  0.00
321.00  0.00
323.00  0.00
323.00  0.00
321.00  0.00
319.00  0.00
321.00  0.00
321.00  0.00
321.00  0.00
321.00  0.00
311.00  0.00
326.00  0.00
328.00  0.00
313.00  0.00
326.00  0.00
328.00  0.00
316.00  0.00
332.00  0.00
329.00  0.00
313.00  0.00
328.00  0.00
326.00  0.00
313.00  0.00
329.00  0.00
327.00  0.00
313.00  0.06
329.00  0.00
327.00  0.00
311.00  0.00
327.00  0.00
327.00  0.00
323.00  0.00
323.00  0.00
313.00  0.00
328.00  0.00
331.00  0.00
331.00  0.00
331.00  0.00
328.00  0.00
328.00  0.00
331.00  0.00
331.00  0.00
329.00  0.00
329.00  0.00
329.00  0.00
328.00  0.00
318.00  0.00