362.00  0.07
350.00  0.00
353.00  0.00
362.00  0.00
359.00  0.00
347.00  0.00
347.00  0.00
353.00  0.00
353.00  0.00
359.00  0.00
356.00  0.00
347.00  0.00
353.00  0.00
356.00  0.00
356.00  0.00
362.00  0.00
359.00  0.00
350.00  0.00
353.00  0.00
353.00  0.00
353.00  0.00
362.00  0.00
356.00  0.00
344.00  0.00
347.00  0.00
350.00  0.00
353.00  0.00
362.00  0.00
359.00  0.00
350.00  0.00
353.00  0.00
353.00  0.00
350.00  0.00
363.00  0.00
360.00  0.00
344.00  0.00
350.00  0.00
356.00  0.00
356.00  0.00
365.00  0.00
362.00  0.00
350.00  0.00
350.00  0.00
350.00  0.00
356.00  0.00
366.00  0.00
359.00  0.00
347.00  0.00
350.00  0.00
356.00  0.00
359.00  0.00
369.00  0.00
360.00  0.00
345.00  0.00
351.00  0.00
356.00  0.00
356.00  0.00
366.00  0.00
363.00  0.00
350.00  0.00
350.00  0.00
350.00  0.00
350.00  0.00
356.00  0.00
353.00  0.00
344.00  0.00
344.00  0.00
347.00  0.00
353.00  0.00
365.00  0.00
359.00  0.00
345.00  0.00
350.00  0.00
353.00  0.00
353.00  0.00
362.00  0.00
356.00  0.00
344.00  0.00
350.00  0.00
353.00  0.00
350.00  0.00
359.00  0.00
356.00  0.00
344.00  0.00
347.00  0.00
348.00  0.00
348.00  0.00
359.00  0.00
353.00  0.00
341.00  0.00
347.00  0.00
347.00  0.00
347.00  0.00
356.00  0.00
353.00  0.00
344.00  0.00
347.00  0.00
347.00  0.00
347.00  0.00
359.00  0.00
356.00  0.00
342.00  0.00
342.00  0.00
344.00  0.48
347.00  0.00
359.00  0.00
356.00  0.00
344.00  0.00
347.00  0.00
350.00  0.00
353.00  0.00
363.00  0.00
357.00  0.00
347.00  0.01
353.00  0.00
353.00  0.00
354.00  0.00
366.00  0.00
363.00  0.00
353.00  0.00