408.00  0.00
396.00  0.00
392.00  0.00
389.00  0.00
383.00  0.00
379.00  0.00
386.00  0.00
393.00  0.00
389.00  0.00
389.00  0.00
392.00  0.00
386.00  0.00
382.00  0.00
385.00  0.00
385.00  0.00
385.00  0.00
382.00  0.00
382.00  0.00
385.00  0.00
385.00  0.00
385.00  0.00
378.00  0.00
375.00  0.00
378.00  0.00
389.00  0.00
396.00  0.00
389.00  0.00
385.00  0.00
382.00  0.00
378.00  0.00
389.00  0.00
393.00  0.00
386.00  0.00
385.00  0.00
385.00  0.00
385.00  0.00
382.00  0.00
382.00  0.00
393.00  0.00
396.00  0.00
389.00  0.00
389.00  0.00
385.00  0.00
382.00  0.00
393.00  0.00
396.00  0.00
389.00  0.00
389.00  0.00
386.00  0.00
382.00  0.00
389.00  0.00
393.00  0.00
389.00  0.00
389.00  0.00
385.00  0.00
382.00  0.00
397.00  0.00
401.00  0.00
393.00  0.00
392.00  0.00
389.00  0.00
385.00  0.00
393.00  0.00
397.00  0.00
389.00  0.00
389.00  0.00
386.00  0.00
382.00  0.00
393.00  0.00
396.00  0.00
392.00  0.00
392.00  0.00
389.00  0.00
385.00  0.00
382.00  0.00
382.00  0.00
393.00  0.00
397.00  0.00
386.00  0.00
382.00  0.00
382.00  0.00
378.00  0.00
378.00  0.00
378.00  0.00
389.00  0.00
393.00  0.00
385.00  0.04
382.00  0.00
382.00  0.00
385.00  0.00
382.00  0.00
379.00  0.00
382.00  0.00
385.00  0.00
382.00  0.00
382.00  0.00
385.00  0.00
385.00  0.00
385.00  0.00
382.00  0.00
382.00  0.00
385.00  0.00
385.00  0.00
385.00  0.00
385.00  0.00
385.00  0.00
385.00  0.00
384.00  0.00
384.00  0.00
385.00  0.00
385.00  0.00
385.00  0.00
385.00  0.00
385.00  0.00
385.00  0.00
385.00  0.00
385.00  0.00
385.00  0.00
385.00  0.00
379.00  0.00