433.00  0.00
420.00  0.00
420.00  0.00
424.00  0.00
420.00  0.00
420.00  0.00
424.00  0.00
420.00  0.00
420.00  0.00
424.00  0.00
420.00  0.00
420.00  0.00
420.00  0.00
416.00  0.00
420.00  0.00
420.00  0.00
412.00  0.00
416.00  0.00
424.00  0.00
416.00  0.00
412.00  0.00
416.00  0.00
416.00  0.00
416.00  0.00
420.00  0.00
420.00  0.00
416.00  0.00
416.00  0.00
416.00  0.00
420.00  0.00
420.00  0.48
416.00  0.00
420.00  0.00
424.00  0.00
420.00  0.00
421.00  0.00
421.00  0.00
416.00  0.00
420.00  0.00
420.00  0.00
416.00  0.00
420.00  0.00
424.00  0.00
420.00  0.00
420.00  0.00
424.00  0.00
420.00  0.00
420.00  0.00
420.00  0.00
416.00  0.00
420.00  0.00
420.00  0.00
416.00  0.00
420.00  0.00
424.00  0.00
420.00  0.00
420.00  0.00
424.00  0.00
420.00  0.00
416.00  0.00
420.00  0.00
420.00  0.00
416.00  0.00
420.00  0.00
420.00  0.00
420.00  0.00
420.00  0.00
412.00  0.00
416.00  0.00
420.00  0.00
412.00  0.00
416.00  0.00
420.00  0.00
412.00  0.00
412.00  0.00
416.00  0.00
412.00  0.00
411.00  0.00
412.00  0.00
408.00  0.00
412.00  0.00
416.00  0.00
412.00  0.00
416.00  0.00
420.00  0.00
416.00  0.00
416.00  0.00
420.00  0.00
416.00  0.00
416.00  0.00
416.00  0.00
408.00  0.00
412.00  0.00
415.00  0.00
412.00  0.00
412.00  0.00
412.00  0.00
408.00  0.00
412.00  0.00
412.00  0.00
408.00  0.00
412.00  0.00
416.00  0.00
408.00  0.00
413.00  0.00
421.00  0.00
412.00  0.00
417.00  0.00
420.00  0.00
408.00  0.00
413.00  0.00
420.00  0.00
412.00  0.00
416.00  0.00
420.00  0.00
408.00  0.00
408.00  0.00
412.00  0.00
404.00  0.00
408.00  0.00