287.00  0.00
530.00  0.00
530.00  0.00
529.00  0.00
529.00  0.00
523.00  0.00
523.00  0.00
530.00  0.00
530.00  0.00
530.00  0.00
530.00  0.00
530.00  0.00
529.00  0.00
529.00  0.00
530.00  0.00
537.00  0.00
537.00  0.00
529.00  0.00
530.00  0.00
530.00  0.00
529.00  0.00
529.00  0.00
530.00  0.00
530.00  0.00
530.00  0.00
529.00  0.00
529.00  0.00
529.00  0.00
529.00  0.00
529.00  0.00
530.00  0.00
530.00  0.00
530.00  0.00
536.00  0.00
536.00  0.00
530.00  0.00
530.00  0.00
536.00  0.00
537.00  0.01
530.00  0.00
530.00  0.00
530.00  0.00
530.00  0.00
530.00  0.00
530.00  0.00
537.00  0.00
537.00  0.00
537.00  0.00
544.00  0.00
544.00  0.00
537.00  0.00
530.00  0.00
530.00  0.00
530.00  0.00
537.00  0.00
544.00  0.00
537.00  0.00
530.00  0.00
529.00  0.00
530.00  0.00
531.00  0.00
537.00  0.00
537.00  0.00
524.00  0.06
517.00  0.00
517.00  0.00
517.00  0.00
517.00  0.00
517.00  0.00
517.00  0.00
517.00  0.00
517.00  0.00
517.00  0.00
517.00  0.00
517.00  0.00
517.00  0.00
511.00  0.00
504.00  0.00
504.00  0.00
511.00  0.00
511.00  0.00
504.00  0.00
511.00  0.00
517.00  0.00
517.00  0.00
511.00  0.00
510.00  0.00
516.00  0.00
510.00  0.00
511.00  0.00
511.00  0.00
504.00  0.00
504.00  0.00
510.00  0.00
517.00  0.00
517.00  0.00
510.00  0.00
510.00  0.00
517.00  0.00
511.00  0.00
504.00  0.00
504.00  0.00
504.00  0.00
511.00  0.00
511.00  0.00
504.00  0.00
504.00  0.00
510.00  0.00
516.00  0.00
510.00  0.00
511.00  0.00
511.00  0.00
505.00  0.00
504.00  0.00
511.00  0.00
517.00  0.00
517.00  0.00
517.00  0.00
511.00  0.00
510.00  0.00