197.00  0.00
177.00  0.00
177.00  0.00
177.00  0.00
177.00  0.00
177.00  0.00
177.00  0.00
177.00  0.00
177.00  0.00
177.00  0.00
176.00  0.00
175.00  0.00
175.00  0.00
176.00  0.00
176.00  0.00
176.00  0.00
176.00  0.00
176.00  0.00
177.00  0.00
177.00  0.00
179.00  0.00
180.00  0.00
179.00  0.00
180.00  0.00
180.00  0.00
180.00  0.00
181.00  0.00
181.00  0.00
179.00  0.00
180.00  0.00
180.00  0.00
180.00  0.00
180.00  0.00
180.00  0.00
181.00  0.00
181.00  0.00
181.00  0.00
182.00  0.00
182.00  0.00
183.00  0.00
183.00  0.00
183.00  0.00
182.00  0.00
182.00  0.00
182.00  0.00
183.00  0.00
181.00  0.00
190.00  0.00
193.00  0.00
192.00  0.00
190.00  0.00
190.00  0.00
190.00  0.00
190.00  0.00
190.00  0.00
191.00  0.00
192.00  0.00
189.00  0.00
193.00  0.00
191.00  0.00
188.00  0.00
190.00  0.00
190.00  0.00
189.00  0.00
190.00  0.00
186.00  0.00
191.00  0.00
191.00  0.00
183.00  0.00
192.00  0.00
190.00  0.00
181.00  0.00
190.00  0.00
191.00  0.00
191.00  0.00
190.00  0.00
189.00  0.00
189.00  0.00
191.00  0.00
192.00  0.00
193.00  0.00
190.00  0.00
182.00  0.00
192.00  0.00
191.00  0.00
182.00  0.00
192.00  0.00
190.00  0.00
182.00  0.00
191.00  0.00
190.00  0.00
181.00  0.00
191.00  0.00
190.00  0.00
183.00  0.00
183.00  0.00
182.00  0.00
181.00  0.00
181.00  0.00
181.00  0.00
179.00  0.00
179.00  0.00
180.00  0.00
180.00  0.00
180.00  0.00
180.00  0.00
180.00  0.00
180.00  0.00
182.00  0.00
182.00  0.00
180.00  0.00
181.00  0.00
181.00  0.00
180.00  0.00
180.00  0.00
180.00  0.00
180.00  0.00
178.00  0.00
178.00  0.00
179.00  0.00