  VEL                 
       4.92           
       4.91           
       4.78           
       4.92           
       4.97           
       4.91           
       4.94           
       4.90           
       4.89           
       4.82           
       4.87           
       4.79           
       4.88           
       4.88           
       5.05           
       5.04           
       4.97           
       4.94           
       5.01           
       4.87           
       4.87           
       4.91           
       4.92           
       4.95           
       4.84           
       4.78           
       4.83           
       4.79           
       4.85           
       4.74           
       4.81           
       4.88           
       4.88           
       4.85           
       4.83           
       4.94           
       4.75           
       4.82           
       4.86           
       4.90           
       4.90           
       4.82           
       4.88           
       4.85           
       4.96           
       4.92           
       4.83           
       4.86           
       4.96           
       4.91           
       4.87           
       4.84           
       4.86           
       4.90           
       4.92           
       4.90           
       5.01           
       4.97           
       4.93           
       5.01           
       5.00           
       4.99           
       4.98           
       4.99           
       4.96           
       5.04           
       5.03           
       4.97           
       5.01           
       5.07           
       5.02           
       4.96           
       5.01           
       4.96           
       4.95           
       4.91           
       5.01           
       4.99           
       5.09           
       5.04           
       5.13           
       5.02           
       4.93           
       4.93           
       4.97           
       5.02           
       5.05           
       4.95           
       4.92           
       5.07           
       4.87           
       4.95           
       4.95           
       5.01           
       5.00           
       5.01           
       4.93           
       5.00           
       5.03           
       4.99           
       5.05           
       4.95           
       4.97           
       4.92           
       4.91           
       4.95           
       4.94           
       5.00           
       4.96           
       4.99           
       4.87           
       4.98           
       5.03           
       5.02           
       5.04           
       5.08           
       4.99           
       5.14           
       5.03           
       4.98           
       5.14           
       5.15           
       5.13           
       5.03           
       4.95           
       4.91           
       4.90           
       4.89           
       5.04           
       5.03           
       5.05           
       5.00           
       5.00           
       5.00           
       4.93           
       5.04           
       5.00           
       4.99           
       4.98           
       5.05           
       5.07           
       4.97           
       4.92           
       4.98           
       5.01           
       4.96           
       4.94           
       5.10           
       5.04           
       5.05           
       5.07           
       4.97           
       4.98           
       4.99           
       4.98           
       5.02           
       4.85           
       4.83           
       4.84           
       4.84           
       4.98           
       4.93           
       4.87           
       5.03           
       4.99           
       4.92           
       5.03           
       5.01           
       5.04           
       5.08           
       5.00           
       5.08           
       5.01           
       5.08           
       4.90           
       5.00           
       4.96           
       4.86           
       4.86           
       4.93           
       5.03           
       4.96           
       4.99           
       5.05           
       4.95           
       4.99           
       5.01           
       5.03           
       4.99           
       4.99           
       5.01           
       5.03           
       4.94           
       5.05           
       4.96           
       4.95           
       4.90           
       5.09           
       5.19           
       5.04           
       5.11           
       5.22           
       5.10           
       5.04           
       5.15           
       5.21           
       5.20           
       5.20           
       5.14           
       5.19           
       5.15           
       4.99           
       4.93           
       5.09           
       4.90           
       5.00           
       4.97           
       5.04           
       4.99           
       4.99           
       5.06           
       5.08           
       5.01           
       5.02           
       4.90           
       5.03           
       4.97           
       5.02           
       4.98           
       5.05           
       4.98           
       4.95           
       5.00           
       4.98           
       5.01           
       5.03           
       5.02           
       4.88           
       4.93           
       4.91           
       5.06           
       4.93           
       4.93           
       5.01           
       4.92           
       4.89           
       4.99           
       4.96           
       5.04           
       5.01           
       5.04           
       5.03           
       5.03           
       5.06           
       5.04           
       5.13           
       5.08           
       5.01           
       4.92           
       4.99           
       5.00           
       4.94           
       5.00           
       5.11           
       5.03           
       4.93           
       4.97           
       4.98           
       5.03           
       4.88           
       5.00           
       4.99           
       4.91           
       4.91           
       4.99           
       5.01           
       4.96           
       5.05           
       5.02           
       4.91           
       4.93           
       4.92           
       4.99           
       5.04           
       4.95           
       5.00           
       5.00           
       5.03           
       4.98           
       5.10           
       4.97           
       4.88           
       4.87           
       4.88           
       4.99           
       4.84           
       4.94           
       4.99           
       4.91           
       4.96           
       4.90           
       4.87           
       5.05           
       4.96           
       4.90           
       4.86           
       4.76           
       4.68           
       4.92           
       5.13           
       5.01           
       5.00           
       5.10           
       5.09           
       4.96           
       4.98           
       4.93           
       4.92           
       4.92           
       4.94           
       4.91           
       5.08           
       4.98           
       5.01           
       4.94           
       5.24           
       4.97           
       4.97           
       5.09           
       5.04           
       5.05           
       5.05           
       4.87           
       4.99           
       5.11           
       4.97           
       5.00           
       5.13           
       5.01           
       5.00           
       5.00           
       5.00           
       5.06           
       4.93           
       5.05           
       5.00           
       5.12           
       5.03           
       5.00           
       5.11           
       5.00           
       4.95           
       5.00           
       4.99           
       4.99           
       5.04           
       5.05           
       4.99           
       5.00           
       5.15           
       5.02           
       5.03           
       5.02           
       5.00           
       5.02           
       4.98           
       5.04           
       5.07           
       4.97           
       4.96           
       5.05           
       5.10           
       5.04           
       5.07           
       4.96           
       5.02           
       4.88           
       4.96           
       5.01           
       4.91           
       4.91           
       4.87           
       4.90           
       4.99           
       5.03           
       5.07           
       5.11           
       5.09           
       5.02           
       4.92           
       5.06           
       5.06           
       5.04           
       4.91           
       5.01           
       4.92           
       5.02           
       5.05           
       5.13           
       5.08           
       5.07           
       5.03           
       4.91           
       5.04           
       4.96           
       4.96           
       4.99           
       4.92           
       4.97           
       4.99           
       4.89           
       4.98           
       5.02           
       4.98           
       5.04           
       4.97           
       5.06           
       5.08           
       5.04           
       4.98           
       4.99           
       5.02           
       5.04           
       5.03           
       5.18           
       5.07           
       5.04           
       4.98           
       5.04           
       5.02           
       4.98           
       4.88           
       4.93           
       5.06           
       5.17           
       5.02           
       5.01           
       5.05           
       4.89           
       4.93           
       4.95           
       5.03           
       4.90           
       4.96           
       5.03           
       4.99           
       4.92           
       4.95           
       4.96           
       5.02           
       4.90           
       4.95           
       5.00           
       4.97           
       4.99           
       5.15           
       5.08           
       5.04           
       5.03           
       5.03           
       5.01           
       4.97           
       5.06           
       5.13           
       5.15           
       5.00           
       5.03           
       5.08           
       5.10           
       4.94           
       5.00           
       4.97           
       5.08           
       4.99           
       5.01           
       5.10           
       5.06           
       4.99           
       5.06           
       5.10           
       5.10           
       5.14           
       5.05           
       5.07           
       5.13           
       4.92           
       5.03           
       5.05           
       5.01           
       5.05           
       4.97           
       5.09           
       5.10           
       5.05           
       4.98           
       4.84           
       5.00           
       5.05           
       4.97           
       5.06           
       5.19           
       5.21           
       5.11           
       4.99           
       4.96           
       5.02           
       5.02           
       4.98           
       4.92           
       4.99           
       4.80           
       5.02           
       5.01           
       5.04           
       4.99           
       5.00           
       4.98           
       4.96           
       4.98           
       5.03           
       4.99           
       5.02           
       4.99           
       4.95           
       4.97           
       5.07           
       5.01           
       4.91           
       5.04           
       4.93           
       5.00           
       5.03           
       4.95           
       4.92           
       5.03           
       4.96           
       5.06           
       4.99           
       5.04           
       5.05           
       5.03           
       5.04           
       5.10           
       5.04           
       5.01           
       4.92           
       4.90           
       4.86           
       5.06           
       5.06           
       5.05           
       5.05           
       4.91           
       4.90           
       4.94           
       4.96           
       4.98           
       4.91           
       4.93           
       4.98           
       4.96           
       4.95           
       4.93           
       5.00           
       5.03           
       4.93           
       4.88           
       4.91           
       4.88           
       4.82           
       4.80           
       4.93           
       4.94           
       4.95           
       5.03           
       5.01           
       4.93           
       5.05           
       5.03           
       5.09           
       5.11           
       5.14           
       5.02           
       5.07           
       5.02           
       5.00           
       5.04           
       5.00           
       5.01           
       4.95           
       5.06           
       5.08           
       5.03           
       5.08           
       5.00           
       4.97           
       5.04           
       4.98           
       4.91           
       4.98           
       4.98           
       4.91           
       5.00           
       5.01           
       4.90           
       5.00           
       4.94           
       4.94           
       4.99           
       4.92           
       4.90           
       5.00           
       5.07           
       5.03           
       5.08           
       4.98           
       5.10           
       5.08           
       5.02           
       5.04           
       5.00           
       5.04           
       4.98           
       4.97           
       5.14           
       5.10           
       5.14           
       5.01           
       5.00           
       4.95           
       5.03           
       4.97           
       4.91           
       4.82           
       4.88           
       4.89           
       4.94           
       4.85           
       5.01           
       5.00           
       5.06           
       4.91           
       4.95           
       4.98           
       4.94           
       4.89           
       4.87           
       4.92           
       4.99           
       5.06           
       5.04           
       4.97           
       4.98           
       4.93           
       4.94           
       4.99           
       5.00           
       5.17           
       4.99           
       5.10           
       4.95           
       5.01           
       5.06           
       4.99           
       5.05           
       4.84           
       5.01           
       4.96           
       5.04           
       5.05           
       5.07           
       5.00           
       4.96           
       4.98           
       4.88           
       4.96           
       4.94           
       4.95           
       5.03           
       5.15           
       5.00           
       4.97           
       4.94           
       4.89           
       5.07           
       5.00           
       5.01           
       5.07           
       4.96           
       4.94           
       5.09           
       4.98           
       4.92           
       4.92           
       4.98           
       5.07           
       5.00           
       5.04           
       4.98           
       4.97           
       4.99           
       5.01           
       4.98           
       5.07           
       5.08           
       5.15           
       5.07           
       5.18           
       4.85           
       4.97           
       4.83           
       5.21           
       5.15           
       5.07           
       5.11           
       5.17           
       5.21           
       5.13           
       5.03           
       4.98           
       4.99           
       5.00           
       4.99           
       4.95           
       4.99           
       5.02           
       5.01           
       4.88           
       4.94           
       4.98           
       5.10           
       5.18           
       5.06           
       5.04           
       5.01           
       4.92           
       4.92           
       4.92           
       5.02           
       4.94           
       4.94           
       4.99           
       5.06           
       4.97           
       4.88           
       5.01           
       4.81           
       4.99           
       4.86           
       5.01           
       4.91           
       4.96           
       4.93           
       4.85           
       4.94           
       4.80           
       5.11           
       5.00           
       5.09           
       4.98           
       4.92           
       4.98           
       5.03           
       5.03           
       4.88           
       4.74           
       4.89           
       5.03           
       5.04           
       4.97           
       5.05           
       4.94           
       5.01           
       5.05           
       5.10           
       5.01           
       4.98           
       5.03           
       4.93           
       4.92           
       4.83           
       4.75           
       4.97           
       4.99           
       5.00           
       5.08           
       5.20           
       4.92           
       4.97           
       4.98           
       4.89           
       4.95           
       4.99           
       4.86           
       4.65           
       5.11           
       5.06           
       5.06           
       5.06           
       4.94           
       5.00           
       4.86           
       4.87           
       5.07           
       5.09           
       5.05           
       5.01           
       5.04           
       4.99           
       4.97           
       4.95           
       4.96           
       5.07           
       5.26           
       5.10           
       5.05           
       5.06           
       5.16           
       5.08           
       5.02           
       5.08           
       5.03           
       5.05           
       5.01           
       4.95           
       5.02           
       4.94           
       4.97           
       4.95           
       5.06           
       4.99           
       5.04           
       5.03           
       5.03           
       5.07           
       5.01           
       5.07           
       4.94           
       4.88           
       5.01           
       5.01           
       5.04           
       5.01           
       5.07           
       5.10           
       5.05           
       4.77           
       4.89           
       4.98           
       4.96           
       4.96           
       5.03           
       5.02           
       5.01           
       5.02           
       5.06           
       4.93           
       5.00           
       4.95           
       5.06           
       4.94           
       5.01           
       5.12           
       5.00           
       4.95           
       4.90           
       5.01           
       5.12           
       5.00           
       5.00           
       4.93           
       5.06           
       4.95           
       5.02           
       4.97           
       4.99           
       5.02           
       5.06           
       4.87           
       5.07           
       5.02           
       5.02           
       5.03           
       4.97           
       4.95           
       5.06           
       5.00           
       4.96           
       5.05           
       4.97           
       5.03           
       4.97           
       4.95           
       4.96           
       4.92           
       4.92           
       4.96           
       5.05           
       4.98           
       4.93           
       4.95           
       5.04           
       5.04           
       4.97           
       5.02           
       5.03           
       4.97           
       5.00           
       4.94           
       5.04           
       5.05           
       4.95           
       5.09           
       5.14           
       5.10           
       5.10           
       5.12           
       5.00           
       4.96           
       5.09           
       5.09           
       5.02           
       5.05           
       5.02           
       4.92           
       4.79           
       4.92           
       4.99           
       4.99           
       5.02           
       5.06           
       5.07           
       4.99           
       4.98           
       4.95           
       4.97           
       4.98           
       4.93           
       4.92           
       4.87           
       4.86           
       4.95           
       4.95           
       4.97           
       5.08           
       5.06           
       5.03           
       5.12           
       5.07           
       5.08           
       5.00           
       5.06           
       5.07           
       5.06           
       4.95           
       4.98           
       5.03           
       5.06           
       4.91           
       5.11           
       4.97           
       5.03           
       4.95           
       5.00           
       5.07           
       5.03           
       4.95           
       5.02           
       5.07           
       5.08           
       5.22           
       5.11           
       5.16           
       5.10           
       4.93           
       4.91           
       4.96           
       5.06           
       5.02           
       5.00           
       5.03           
       4.96           
       4.97           
       4.94           
       4.97           
       5.06           
       5.05           
       5.05           
       5.02           
       4.96           
       5.01           
       5.05           
       5.06           
       5.09           
       5.10           
       5.00           
       5.09           
       5.07           
       4.98           
       5.02           
       5.08           
       5.06           
       5.01           
       5.05           
       5.05           
       5.01           
       5.02           
       5.00           
       4.99           
       4.92           
       4.87           
       4.97           
       4.98           
       5.02           
       4.97           
       4.95           
       5.02           
       5.00           
       4.95           
       4.95           
       5.13           
       5.01           
       4.97           
       4.96           
       4.99           
       5.05           
       5.12           
       5.05           
       5.11           
       4.98           
       5.05           
       5.03           
       5.00           
       4.90           
       4.78           
       4.86           
       4.93           
       4.92           
       4.95           
       5.01           
       5.02           
       5.00           
       4.93           
       4.90           
       4.97           
       5.03           
       5.06           
       4.96           
       4.99           
       4.98           
       5.05           
       4.89           
       4.95           
       5.01           
       4.93           
       5.01           
       5.03           
       5.00           
       5.02           
       5.01           
       4.94           
       5.03           
       4.99           
       4.75           
       4.96           
       5.21           
       4.97           
       5.16           
       5.15           
       5.19           
       5.13           
       5.03           
       5.04           
       5.04           
       5.01           
       4.99           
       4.99           
       4.92           
       4.96           
       4.92           
       4.92           
       5.01           
       5.02           
       5.00           
       5.02           
       4.95           
       4.95           
       5.01           
       4.89           
       4.99           
       5.00           
       4.93           
       4.96           
       5.07           
       5.03           
       4.95           
       5.06           
       5.11           
       5.03           
       5.04           
       5.03           
       4.94           
       4.95           
       5.01           
       5.09           
       5.04           
       4.98           
       5.04           
       4.96           
       4.93           
       5.01           
       4.94           
       5.01           
       5.03           
       5.28           
       5.12           
       5.05           
       5.01           
       4.98           
       5.06           
       5.04           
       5.00           
       5.00           
       5.00           
       5.02           
       5.01           
       5.05           
       5.10           
       5.02           
       5.05           
       5.03           
       4.98           
       5.00           
       5.01           
       4.99           
       4.99           
       5.05           
       4.99           
       5.06           
       4.97           
       4.98           
       4.90           
       4.95           
       5.02           
       4.96           
       5.00           
       5.11           
       5.04           
       4.96           
       4.97           
       5.04           
       5.04           
       4.99           
       5.05           
       5.08           
       4.94           
       4.96           
       5.02           
       4.94           
       5.02           
       5.05           
       4.97           
       4.88           
       4.97           
       5.04           
       5.02           
       5.01           
       5.01           
       5.00           
       5.02           
       5.02           
       4.97           
       4.96           
       4.94           
       5.02           
       4.95           
       4.95           
       5.04           
       4.98           
       4.91           
       4.93           
       5.01           
       4.94           
       4.89           
       5.01           
       5.06           
       5.08           
       5.02           
       5.06           
       5.02           
       4.99           
       4.95           
       4.99           
       5.02           
       4.91           
       4.98           
       5.06           
       5.03           
       5.06           
       5.09           
       5.07           
       4.90           
       5.03           
       4.75           
       4.76           
       4.78           
       4.81           
       4.94           
       4.82           
       4.68           
       4.55           
       4.75           
       4.91           
       4.97           
       4.97           
       4.98           
       4.88           
       4.75           
       4.78           
       4.92           
       4.91           
       5.01           
       5.00           
       4.98           
       4.98           
       5.02           
       4.85           
       5.00           
       4.75           
       4.89           
       4.91           
       5.02           
       5.00           
       5.07           
       5.03           
       5.08           
       5.09           
       5.02           
       5.10           
       5.11           
       5.03           
       5.17           
       5.12           
       5.13           
       4.93           
       5.01           
       4.92           
       4.85           
       4.89           
       4.93           
       4.92           
       4.53           
       4.49           
       5.01           
       4.95           
       4.90           
       4.96           
       5.07           
       5.09           
       5.03           
       5.06           
       5.05           
       5.10           
       5.05           
       5.03           
       5.12           
       5.17           
       5.04           
       5.04           
       4.96           
       5.00           
       4.99           
       4.99           
       5.13           
       5.08           
       5.07           
       5.09           
       5.01           
       5.01           
       4.97           
       5.01           
       5.03           
       4.93           
       4.95           
       4.74           
       4.84           
       4.64           
       4.54           
       4.87           
       4.90           
       5.01           
       4.93           
       4.88           
       4.88           
       4.99           
       5.06           
       4.99           
       4.88           
       4.92           
       4.99           
       4.96           
       5.04           
       4.93           
       5.00           
       5.03           
       5.04           
       4.93           
       5.03           
       4.97           
       4.99           
       4.91           
       5.02           
       4.97           
       4.99           
       4.92           
       5.03           
       5.04           
       4.93           
       4.95           
       4.99           
       4.97           
       5.01           
       4.95           
       4.91           
       4.97           
       4.99           
       4.94           
       4.95           
       4.91           
       5.02           
       5.00           
       4.95           
       4.89           
       4.78           
       4.95           
       4.98           
       4.98           
       4.98           
       4.89           
       5.02           
       5.05           
       4.95           
       4.95           
       4.97           
       4.96           
       4.98           
       4.97           
       4.88           
       4.89           
       4.93           
       4.86           
       4.96           
       5.12           
       5.03           
       4.96           
       4.93           
       5.06           
       4.96           
       4.98           
       5.01           
       5.00           
       4.96           
       4.99           
       5.00           
       4.90           
       5.04           
       5.09           
       4.96           
       4.99           
       4.96           
       4.98           
       4.95           
       4.99           
       4.89           
       4.99           
       4.98           
       4.90           
       5.02           
       4.97           
       4.98           
       4.88           
       4.99           
       5.00           
       4.96           
       4.94           
       4.99           
       4.96           
       5.02           
       4.94           
       5.00           
       4.95           
       4.88           
       4.93           
       4.90           
       4.94           
       4.91           
       4.91           
       4.99           
       5.03           
       5.00           
       4.94           
       4.96           
       4.95           
       4.94           
       4.96           
       5.05           
       4.95           
       4.94           
       5.02           
       5.01           
       5.03           
       5.05           
       4.99           
       5.00           
       5.09           
       5.10           
       5.07           
       5.05           
       5.06           
       5.11           
       5.03           
       5.00           
       5.02           
       4.99           
       4.96           
       4.98           
       5.00           
       4.95           
       5.04           
       4.95           
       4.92           
       4.94           
       4.91           
       5.00           
       5.07           
       4.98           
       4.92           
       4.96           
       4.94           
       4.80           
       4.84           
       5.04           
       4.88           
       4.88           
       4.87           
       5.02           
       4.96           
       5.00           
       4.94           
       4.94           
       4.91           
       4.94           
       4.94           
       4.91           
       4.93           
       4.96           
       4.93           
       4.96           
       4.97           
       4.97           
       5.03           
       4.92           
       4.96           
       5.06           
       5.05           
       5.05           
       4.90           
       4.94           
       5.03           
       4.96           
       4.89           
       4.95           
       4.92           
       4.90           
       5.00           
       4.96           
       4.93           
       4.88           
       4.81           
       4.84           
       4.94           
       5.15           
       4.87           
       4.62           
       4.61           
       4.69           
       4.51           
       4.80           
       4.93           
       4.90           
       4.86           
       4.91           
       4.84           
       4.89           
       4.96           
       5.11           
       5.13           
       5.15           
       4.97           
       4.98           
       5.05           
       4.99           
       4.92           
       4.97           
       4.89           
       4.93           
       4.76           
       4.80           
       4.72           
       4.68           
       4.90           
       4.90           
       4.83           
       4.81           
       4.88           
       4.97           
       4.92           
       4.84           
       4.89           
       5.05           
       4.86           
       4.99           
       5.00           
       4.95           
       4.99           
       5.04           
       5.01           
       4.98           
       5.06           
       4.87           
       4.89           
       4.98           
       4.84           
       4.97           
       5.13           
       5.29           
       5.19           
       5.04           
       5.02           
       5.04           
       5.07           
       5.03           
       5.09           
       5.00           
       5.04           
       5.02           
       5.06           
       5.00           
       5.02           
       5.02           
       5.11           
       4.91           
       5.01           
       5.08           
       5.03           
       4.92           
       4.96           
       4.94           
       4.86           
       4.96           
       4.98           
       4.98           
       4.96           
       4.99           
       4.96           
       4.98           
       4.97           
       4.99           
       4.97           
       4.95           
       5.01           
       4.97           
       5.01           
       4.92           
       4.94           
       4.94           
       4.96           
       5.00           
       4.93           
       4.91           
       4.91           
       4.89           
       4.96           
       4.96           
       4.99           
       4.87           
       4.97           
       4.95           
       4.86           
       4.92           
       5.01           
       4.94           
       4.95           
       4.99           
       4.93           
       4.85           
       4.98           
       4.93           
       5.03           
       5.01           
       4.91           
       4.90           
       4.84           
       4.55           
       4.89           
       5.06           
       5.00           
       5.03           
       4.96           
       5.00           
       5.00           
       4.92           
       4.97           
       5.01           
       4.73           
       4.87           
       4.90           
       4.86           
       4.90           
       4.78           
       4.86           
       4.89           
       4.99           
       4.98           
       4.96           
       4.96           
       4.89           
       4.85           
       4.89           
       4.89           
       4.92           
       4.91           
       4.96           
       4.97           
       4.91           
       4.92           
       4.88           
       4.90           
       5.00           
       4.99           
       4.92           
       4.94           
       4.81           
       4.99           
       4.97           
       4.89           
       5.03           
       4.98           
       4.96           
       4.97           
       4.96           
       5.00           
       5.04           
       4.95           
       4.89           
       4.81           
       4.88           
       4.87           
       4.91           
       4.91           
       4.91           
       4.95           
       4.98           
       4.95           
       5.00           
       4.97           
       5.02           
       4.95           
       4.89           
       4.94           
       4.93           
       4.94           
       4.93           
       4.97           
       4.95           
       4.97           
       4.93           
       4.84           
       4.81           
       4.94           
       5.02           
       4.88           
       5.06           
       5.00           
       4.91           
       4.74           
       4.74           
       4.90           
       4.77           
       4.72           
       4.72           
       4.82           
       4.85           
       5.01           
       4.99           
       5.01           
       4.92           
       4.96           
       4.95           
       4.96           
       4.90           
       5.08           
       5.05           
       5.06           
       5.13           
       5.13           
       5.20           
       5.09           
       4.94           
       5.04           
       4.94           
       4.94           
       4.95           
       5.02           
       5.03           
       4.98           
       5.00           
       5.04           
       4.94           
       5.03           
       4.94           
       5.02           
       4.99           
       5.03           
       4.91           
       4.98           
       4.86           
       4.83           
       4.92           
       4.88           
       4.91           
       4.94           
       5.02           
       4.90           
       5.00           
       4.90           
       4.98           
       5.00           
       5.00           
       4.96           
       4.99           
       4.92           
       5.04           
       5.00           
       4.92           
       5.00           
       5.00           
       5.02           
       4.97           
       4.93           
       4.88           
       4.82           
       4.87           
       4.84           
       4.88           
       4.97           
       4.92           
       4.93           
       4.88           
       4.93           
       4.83           
       4.97           
       4.98           
       4.95           
       4.91           
       4.89           
       4.94           
       4.87           
       4.96           
       4.97           
       4.92           
       4.92           
       4.96           
       4.90           
       4.98           
       4.93           
       5.03           
       5.00           
       4.99           
       4.93           
       4.99           
       4.94           
       4.90           
       4.93           
       4.87           
       4.87           
       4.91           
       4.91           
       4.97           
       4.90           
       4.94           
       4.90           
       4.92           
       4.93           
       5.00           
       5.06           
       4.94           
       4.98           
       4.96           
       4.92           
       4.83           
       5.01           
       4.97           
       4.92           
       4.83           
       4.86           
       4.90           
       4.93           
       4.93           
       4.99           
       4.97           
       5.04           
       4.98           
       4.86           
       4.82           
       4.96           
       4.83           
       4.92           
       5.04           
       4.93           
       4.96           
       4.95           
       4.99           
       5.00           
       5.04           
       5.03           
       5.06           
       4.88           
       5.03           
       4.94           
       5.01           
       4.80           
       4.86           
       4.86           
       4.93           
       4.87           
       4.91           
       4.88           
       4.96           
       4.89           
       4.93           
       4.90           
       4.91           
       4.86           
       4.81           
       4.91           
       4.84           
       4.92           
       4.91           
       4.91           
       5.07           
       5.06           
       5.01           
       5.02           
       4.98           
       4.90           
       4.91           
       4.98           
       4.94           
       4.96           
       4.93           
       4.89           
       4.96           
       4.89           
       4.97           
       5.09           
       4.90           
       4.94           
       4.89           
       4.83           
       4.92           
       4.89           
       4.84           
       4.85           
       4.96           
       5.04           
       4.93           
       4.99           
       4.98           
       4.98           
       4.90           
       4.98           
       5.00           
       4.97           
       4.87           
       5.00           
       4.92           
       4.99           
       4.86           
       4.99           
       4.97           
       4.94           
       4.95           
       4.93           
       4.96           
       4.93           
       4.98           
       5.03           
       4.93           
       4.93           
       4.84           
       4.85           
       4.97           
       4.86           
       4.88           
       4.84           
       4.89           
       4.91           
       4.90           
       4.91           
       4.86           
       4.99           
       4.88           
       4.91           
       4.95           
       4.92           
       4.96           
       4.96           
       5.01           
       5.01           
       5.01           
       4.94           
       4.98           
       4.86           
       4.81           
       4.86           
       4.86           
       4.88           
       4.89           
       4.91           
       5.00           
       5.05           
       5.01           
       4.96           
       4.91           
       4.93           
       4.91           
       4.86           
       4.83           
       4.90           
       4.85           
       4.81           
       4.90           
       4.91           
       4.91           
       4.90           
       4.88           
       4.84           
       4.85           
       4.87           
       4.88           
       4.88           
       4.87           
       4.85           
       4.91           
       4.85           
       4.90           
       4.79           
       4.89           
       4.96           
       4.92           
       4.82           
       4.85           
       4.94           
       4.97           
       5.01           
       4.93           
       4.93           
       4.84           
       4.93           
       4.95           
       4.98           
       4.92           
       5.03           
       4.87           
       4.91           
       4.82           
       4.88           
       4.85           
       5.09           
       4.94           
       4.91           
       4.84           
       4.96           
       4.98           
       4.86           
       4.82           
       4.87           
       5.08           
       4.99           
       5.00           
       4.90           
       4.80           
       4.91           
       4.95           
       4.82           
       4.92           
       4.99           
       4.89           
       4.93           
       4.80           
       4.79           
       4.74           
       4.92           
       4.93           
       4.93           
       4.84           
       4.85           
       4.90           
       4.92           
       4.90           
       4.92           
       4.90           
       4.73           
       4.70           
       4.92           
       4.91           
       4.94           
       4.92           
       4.96           
       4.89           
       4.84           
       4.88           
       4.88           
       4.90           
       4.98           
       4.90           
       4.97           
      