381.00  0.00
332.00  0.00
396.00  0.00
482.00  0.00
429.00  0.00
342.00  0.00
369.00  0.00
424.00  0.00
484.00  0.00
425.00  0.00
340.00  0.00
348.00  0.00
372.00  0.00
432.00  0.00
493.00  0.00
427.00  0.00
340.00  0.00
345.00  0.00
372.00  0.00
429.00  0.00
496.00  0.00
434.00  0.00
343.00  0.00
348.00  0.00
372.00  0.00
428.00  0.00
495.00  0.00
437.00  0.00
349.00  0.00
351.00  0.00
376.00  0.00
432.00  0.00
489.00  0.00
425.00  0.00
340.00  0.00
346.00  0.00
369.00  0.00
406.00  0.00
467.00  0.00
425.00  0.00
340.00  0.00
346.00  0.00
369.00  0.00
423.00  0.00
484.00  0.00
425.00  0.00
338.00  0.00
345.00  0.00
372.00  0.00
428.00  0.00
489.00  0.00
427.00  0.00
346.00  0.00
351.00  0.00
372.00  0.00
428.00  0.00
489.00  0.00
425.00  0.00
341.00  0.00
348.00  0.00
372.00  0.00
428.00  0.00
489.00  0.00
436.00  0.00
371.00  0.00
458.00  0.00
424.00  0.00
337.00  0.00
345.00  0.00
372.00  0.00
456.00  0.00
421.00  0.00
343.00  0.00
351.00  0.00
372.00  0.00
425.00  0.00
495.00  0.00
434.00  0.00
343.00  0.00
348.00  0.00
372.00  0.00
428.00  0.00
489.00  0.00
427.00  0.00
343.00  0.00
348.00  0.00
372.00  0.00
407.00  0.00
467.00  0.00
425.00  0.00
337.00  0.00
345.00  0.00
372.00  0.00
424.00  0.00
428.00  0.00
368.00  0.00
340.00  0.00
346.00  0.00
370.00  0.00
424.00  0.00
484.00  0.00
424.00  0.00
340.00  0.00
348.00  0.00
372.00  0.00
406.00  0.00
466.00  0.00
427.00  0.00
343.00  0.00
348.00  0.00
372.00  0.00
429.00  0.00
490.00  0.00
428.00  0.00
343.00  0.00
348.00  0.00
368.00  0.00
420.00  0.00
478.00  0.00
430.00  0.00