987.00  0.00
855.00  0.00
836.00  0.00
777.00  0.00
732.00  0.00
1027.00  0.00
1041.00  0.00
822.00  0.00
852.00  0.00
872.00  0.00
872.00  0.00
873.00  0.00
858.00  0.00
856.00  0.00
872.00  0.00
873.00  0.00
857.00  0.00
856.00  0.00
871.00  0.00
871.00  0.00
856.00  0.00
856.00  0.00
871.00  0.00
871.00  0.00
856.00  0.00
857.00  0.00
873.00  0.00
854.00  0.00
1094.00  0.00
1030.00  0.00
826.00  0.00
814.00  0.00
733.00  0.00
828.00  0.00
814.00  0.00
732.00  0.00
827.00  0.00
827.00  0.00
758.00  0.00
822.00  0.00
808.00  0.00
745.00  0.00
827.00  0.00
827.00  0.00
745.00  0.00
1073.00  0.00
1104.00  0.00
822.00  0.00
792.00  0.00
760.00  0.00
842.00  0.00
873.00  0.00
838.00  0.00
1074.00  0.00
1071.00  0.00
836.00  0.00
1116.00  0.00
1070.00  0.00
827.00  0.00
827.00  0.00
744.00  0.00
828.00  0.00
817.00  0.00
734.00  0.00
827.00  0.00
827.00  0.00
760.00  0.00
822.00  0.00
854.00  0.00
836.00  0.00
1077.00  0.00
1033.00  0.00
1070.00  0.00
1070.00  0.00
827.00  0.00
827.00  0.00
760.00  0.00
840.00  0.00
825.00  0.00
745.00  0.00
827.00  0.00
871.00  0.00
873.00  0.00
872.00  0.00
873.00  0.00
873.00  0.00
871.00  0.00
871.00  0.00
871.00  0.00
871.00  0.00
872.00  0.00
873.00  0.00
875.00  0.00
860.00  0.00
858.00  0.00
858.00  0.00
857.00  0.00
871.00  0.00
872.00  0.00
872.00  0.00
871.00  0.00
871.00  0.00
892.00  0.00
848.00  0.00
747.00  0.00
828.00  0.00
828.00  0.00
746.00  0.00
828.00  0.00
872.00  0.00
872.00  0.00
872.00  0.00
871.00  0.00
872.00  0.00
872.00  0.00
872.00  0.00
872.00  0.00
857.00  0.00
857.00  0.00
871.00  0.00