144.00  0.00
118.00  0.00
119.00  0.00
120.00  0.00
119.00  0.00
117.00  0.00
116.00  0.00
117.00  0.00
118.00  0.00
118.00  0.00
118.00  0.00
119.00  0.00
119.00  0.00
119.00  0.00
119.00  0.00
120.00  0.00
121.00  0.00
134.00  0.00
147.00  0.00
147.00  0.00
147.00  0.00
146.00  0.00
145.00  0.00
144.00  0.00
145.00  0.00
146.00  0.00
147.00  0.00
146.00  0.00
145.00  0.00
145.00  0.00
143.00  0.00
143.00  0.00
144.00  0.00
143.00  0.00
143.00  0.00
143.00  0.00
143.00  0.00
142.00  0.00
142.00  0.00
143.00  0.00
143.00  0.00
143.00  0.00
145.00  0.00
148.00  0.00
151.00  0.00
164.00  0.00
150.00  0.00
126.00  0.00
126.00  0.00
139.00  0.00
154.00  0.00
162.00  0.00
168.00  0.00
168.00  0.00
145.00  0.00
124.00  0.00
125.00  0.00
137.00  0.00
149.00  0.00
148.00  0.00
147.00  0.00
146.00  0.00
145.00  0.00
145.00  0.00
146.00  0.00
146.00  0.00
145.00  0.00
146.00  0.00
146.00  0.00
146.00  0.00
146.00  0.00
147.00  0.00
146.00  0.00
147.00  0.00
149.00  0.00
148.00  0.00
148.00  0.07
150.00  0.00
150.00  0.00
159.00  0.00
158.00  0.00
149.00  0.00
148.00  0.00
147.00  0.00
146.00  0.00
146.00  0.00
147.00  0.00
148.00  0.00
149.00  0.00
159.00  0.00
145.00  0.04
122.00  0.00
121.00  0.00
120.00  0.00
120.00  0.00
120.00  0.00
120.00  0.00
119.00  0.00
118.00  0.00
118.00  0.00
119.00  0.00
120.00  0.00
121.00  0.00
122.00  0.00
121.00  0.00
120.00  0.00
120.00  0.00
119.00  0.00
119.00  0.00
120.00  0.00
121.00  0.10
121.00  0.00
134.00  0.00
145.00  0.00
143.00  0.00
142.00  0.00
142.00  0.00
142.00  0.00
142.00  0.00
142.00  0.00