520.00  0.00
506.00  0.00
506.00  0.00
510.00  0.00
554.00  0.00
576.00  0.00
471.00  0.00
549.00  0.00
576.00  0.00
472.00  0.00
549.00  0.00
576.00  0.00
471.00  0.00
539.00  0.00
560.00  0.00
465.00  0.00
549.00  0.00
570.00  0.00
465.00  0.00
540.00  0.00
567.00  0.00
472.00  0.00
540.00  0.00
567.00  0.00
471.00  0.00
549.00  0.00
576.00  0.00
471.00  0.00
643.00  0.00
670.00  0.00
476.00  0.00
554.00  0.00
576.00  0.00
458.00  0.00
458.00  0.00
458.00  0.00
458.00  0.00
458.00  0.00
458.00  0.00
458.00  0.00
458.00  0.00
476.00  0.00
554.00  0.00
577.00  0.00
477.00  0.00
555.00  0.00
571.00  0.00
471.00  0.00
554.00  0.00
576.00  0.00
472.00  0.00
549.00  0.00
570.00  0.00
461.00  0.00
535.00  0.00
567.00  0.00
472.00  0.00
540.00  0.00
566.00  0.00
471.00  0.00
550.00  0.00
571.00  0.00
466.00  0.00
643.00  0.00
670.00  0.00
471.00  0.00
541.00  0.00
574.00  0.00
464.00  0.00
458.00  0.00
458.00  0.00
458.00  0.00
458.00  0.00
458.00  0.00
458.00  0.00
458.00  0.00
454.00  0.00
460.00  0.00
463.00  0.00
492.00  0.00
501.00  0.00
544.00  0.00
576.00  0.00
472.00  0.00
549.00  0.00
571.00  0.00
466.00  0.00
549.00  0.00
588.00  0.00
466.00  0.00
454.00  0.00
458.00  0.00
492.00  0.00
501.00  0.00
423.00  0.00
488.00  0.00
500.00  0.00
535.00  0.00
566.00  0.00
471.00  0.00
540.00  0.00
535.00  0.00
545.00  0.00
545.00  0.00
545.00  0.00
545.00  0.00
545.00  0.00
545.00  0.00
556.00  0.00
556.00  0.00
556.00  0.00
560.00  0.00
549.00  0.00
549.00  0.00
560.00  0.00
560.00  0.00
659.00  0.00
654.00  0.00
545.00  0.00
545.00  0.00