510.00  0.00
498.00  0.00
526.00  0.00
591.00  0.00
766.00  0.00
690.00  0.00
501.00  0.00
517.00  0.00
539.00  0.00
607.00  0.00
794.00  0.00
714.00  0.00
505.00  0.00
516.00  0.00
531.00  0.00
591.00  0.00
671.00  0.00
600.00  0.00
513.00  0.00
524.00  0.00
532.00  0.00
600.00  0.00
692.00  0.00
607.00  0.00
494.00  0.00
505.00  0.00
524.00  0.00
598.00  0.00
816.00  0.00
737.00  0.00
500.00  0.00
505.00  0.00
526.00  0.00
600.00  0.00
794.00  0.00
709.00  0.00
482.00  0.00
492.00  0.00
512.00  0.00
586.00  0.00
794.00  0.00
714.00  0.00
499.00  0.00
505.00  0.00
518.00  0.00
583.00  0.00
785.00  0.00
709.00  0.00
500.00  0.00
511.00  0.00
519.00  0.00
593.00  0.00
794.00  0.00
709.00  0.00
487.00  0.00
498.00  0.00
526.00  0.00
600.00  0.00
797.00  0.00
712.00  0.00
488.00  0.00
498.00  0.00
525.00  0.00
600.00  0.00
794.00  0.00
714.00  0.00
498.00  0.00
504.00  0.00
526.00  0.00
600.00  0.00
814.00  0.00
735.00  0.00
493.00  0.00
498.00  0.00
525.00  0.00
590.00  0.00
785.00  0.00
709.00  0.00
487.00  0.00
498.00  0.00
519.00  0.00
593.00  0.00
816.00  0.00
731.00  0.00
487.00  0.00
498.00  0.00
526.00  0.00
600.00  0.00
794.00  0.00
709.00  0.00
487.00  0.00
498.00  0.00
526.00  0.00
599.00  0.00
678.00  0.00
599.00  0.00
492.00  0.00
504.00  0.00
531.00  0.00
599.00  0.00
680.00  0.00
600.00  0.00
505.00  0.00
511.00  0.00
518.00  0.00
584.00  0.00
785.00  0.00
708.00  0.00
487.00  0.00
498.00  0.00
526.00  0.00
600.00  0.00
680.00  0.00
596.00  0.00
494.00  0.00
510.00  0.00
539.00  0.00
608.00  0.00
796.00  0.00
715.00  0.00