768.00  0.00
837.00  0.00
644.00  0.00
575.00  0.00
567.00  0.00
554.00  0.00
779.00  0.00
862.00  0.00
645.00  0.00
575.00  0.00
567.00  0.00
554.00  0.00
755.00  0.00
838.00  0.00
637.00  0.00
573.00  0.00
572.00  0.00
553.00  0.00
779.00  0.00
863.00  0.00
637.00  0.00
567.00  0.00
567.00  0.00
560.00  0.00
786.00  0.00
862.00  0.00
645.00  0.00
575.00  0.00
559.00  0.00
552.00  0.00
761.00  0.00
838.00  0.00
645.00  0.00
575.00  0.00
558.00  0.00
545.00  0.00
779.00  0.00
824.00  0.00
590.00  0.00
559.00  0.00
558.00  0.00
551.00  0.00
785.00  0.00
873.00  0.00
657.00  0.00
582.00  0.00
565.00  0.00
546.00  0.00
780.00  0.00
862.00  0.00
629.00  0.00
559.00  0.00
559.00  0.00
552.00  0.00
786.00  0.00
874.00  0.00
648.00  0.00
567.00  0.00
567.00  0.00
553.00  0.00
778.00  0.00
862.00  0.00
636.00  0.00
567.00  0.00
559.00  0.00
552.00  0.00
785.00  0.00
862.00  0.00
645.00  0.00
576.00  0.00
568.00  0.00
554.00  0.00
778.00  0.00
860.00  0.00
637.00  0.00
567.00  0.00
567.00  0.00
554.00  0.00
755.00  0.00
838.00  0.00
646.00  0.00
576.00  0.00
567.00  0.00
554.00  0.00
780.00  0.00
862.00  0.00
636.00  0.00
567.00  0.00
567.00  0.00
554.00  0.00
753.00  0.00
836.00  0.00
645.00  0.00
575.00  0.00
558.00  0.00
546.00  0.00
780.00  0.00
862.00  0.00
636.00  0.00
567.00  0.00
566.00  0.00
553.00  0.00
779.00  0.00
862.00  0.00
645.00  0.00
576.00  0.00
559.00  0.00
546.00  0.00
779.00  0.00
862.00  0.00
646.00  0.00
575.00  0.00
566.00  0.00
554.00  0.00
755.00  0.00
837.00  0.00
645.00  0.00
576.00  0.00
567.00  0.00
553.00  0.00