219.00  0.00
189.00  0.00
201.00  0.00
201.00  0.00
199.00  0.00
199.00  0.00
201.00  0.00
200.00  0.00
186.00  0.00
186.00  0.00
199.00  0.00
199.00  0.00
187.00  0.00
188.00  0.00
189.00  0.00
189.00  0.00
202.00  0.00
201.00  0.00
187.00  0.00
187.00  0.00
188.00  0.00
189.00  0.00
192.00  0.00
192.00  0.00
203.00  0.00
203.00  0.00
188.00  0.00
187.00  0.00
188.00  0.00
189.00  0.00
202.00  0.00
202.00  0.00
202.00  0.00
202.00  0.00
191.00  0.00
191.00  0.00
191.00  0.00
191.00  0.00
191.00  0.09
191.00  0.00
191.00  0.00
192.00  0.00
192.00  0.00
192.00  0.00
204.00  0.00
205.00  0.00
193.00  0.00
193.00  0.00
206.00  0.00
206.00  0.00
193.00  0.00
193.00  0.00
194.00  0.00
194.00  0.00
208.00  0.00
209.00  0.00
197.00  0.00
195.00  0.00
193.00  0.00
192.00  0.00
189.00  0.00
189.00  0.00
202.00  0.00
201.00  0.00
201.00  0.00
201.00  0.00
189.00  0.00
190.00  0.00
202.00  0.00
201.00  0.00
187.00  0.00
187.00  0.00
198.00  0.00
197.00  0.00
185.00  0.00
186.00  0.00
199.00  0.00
198.00  0.00
185.00  0.00
186.00  0.00
202.00  0.00
202.00  0.00
188.00  0.00
188.00  0.00
188.00  0.00
188.00  0.00
199.00  0.00
199.00  0.00
188.00  0.00
188.00  0.00
199.00  0.00
199.00  0.00
187.00  0.00
188.00  0.00
188.00  0.00
187.00  0.00
202.00  0.00
202.00  0.00
187.00  0.00
187.00  0.00
187.00  0.00
186.00  0.00
186.00  0.00
186.00  0.00
200.00  0.00
200.00  0.00
199.00  0.00
200.00  0.00
189.00  0.00
188.00  0.00
186.00  0.00
186.00  0.00
186.00  0.00
186.00  0.00
200.00  0.00
200.00  0.00
200.00  0.00
202.00  0.00
188.00  0.00
187.00  0.00