686.00  0.00
631.00  0.00
557.00  0.00
635.00  0.00
650.00  0.00
558.00  0.00
629.00  0.00
651.00  0.00
564.00  0.00
624.00  0.00
639.00  0.00
564.00  0.00
634.00  0.00
642.00  0.00
557.00  0.00
635.00  0.00
643.00  0.00
557.00  0.00
635.00  0.00
650.00  0.00
564.00  0.00
635.00  0.00
643.00  0.00
558.00  0.00
635.00  0.00
650.00  0.00
564.00  0.00
636.00  0.00
651.00  0.00
565.00  0.00
624.00  0.00
632.00  0.00
558.00  0.00
635.00  0.00
650.00  0.00
565.00  0.00
636.00  0.00
644.00  0.00
557.00  0.00
649.00  0.00
664.00  0.00
565.00  0.00
636.00  0.00
651.00  0.00
564.00  0.00
635.00  0.00
643.00  0.00
550.00  0.00
629.00  0.00
643.00  0.00
557.00  0.00
636.00  0.00
644.00  0.00
557.00  0.00
634.00  0.00
643.00  0.00
559.00  0.00
649.00  0.00
656.00  0.00
558.00  0.00
626.00  0.00
640.00  0.00
565.00  0.00
624.00  0.00
639.00  0.00
557.00  0.00
618.00  0.00
640.00  0.00
565.00  0.00
635.00  0.00
651.00  0.00
566.00  0.00
635.00  0.00
642.00  0.00
557.00  0.00
624.00  0.00
632.00  0.00
557.00  0.00
635.00  0.00
651.00  0.00
565.00  0.00
637.00  0.00
652.00  0.00
558.00  0.00
629.00  0.00
651.00  0.00
565.00  0.00
632.00  0.00
648.00  0.00
565.00  0.00
625.00  0.00
632.00  0.00
557.00  0.00
637.00  0.00
644.00  0.00
557.00  0.00
636.00  0.00
643.00  0.00
551.00  0.00
617.00  0.00
639.00  0.00
564.00  0.00
624.00  0.00
632.00  0.00
550.00  0.00
629.00  0.00
651.00  0.00
558.00  0.00
629.00  0.00
642.00  0.00
550.00  0.00
629.00  0.00
651.00  0.00
565.00  0.00
625.00  0.00
632.00  0.00
550.00  0.00
629.00  0.00
643.00  0.00
550.00  0.00