121.00  0.00
91.00  0.00
83.00  0.00
82.00  0.00
98.00  0.00
115.00  0.00
108.00  0.00
92.00  0.00
84.00  0.00
84.00  0.00
98.00  0.00
108.00  0.00
102.00  0.00
92.00  0.00
83.00  0.00
83.00  0.00
98.00  0.00
108.00  0.00
101.00  0.00
90.00  0.00
81.00  0.00
81.00  0.00
96.00  0.00
108.00  0.00
104.00  0.00
93.00  0.00
82.00  0.00
83.00  0.00
98.00  0.00
108.00  0.00
102.00  0.00
93.00  0.00
83.00  0.00
83.00  0.00
99.00  0.00
110.00  0.00
103.00  0.00
93.00  0.00
84.00  0.00
84.00  0.00
99.00  0.00
111.00  0.00
105.00  0.00
94.00  0.00
85.00  0.00
85.00  0.00
101.00  0.00
111.00  0.00
105.00  0.00
96.00  0.00
87.00  0.00
86.00  0.00
102.00  0.00
114.00  0.00
108.00  0.00
97.00  0.00
87.00  0.00
87.00  0.00
104.00  0.00
113.00  0.00
105.00  0.00
95.00  0.00
87.00  0.00
87.00  0.00
100.00  0.00
108.00  0.00
102.00  0.00
92.00  0.00
83.00  0.00
84.00  0.00
98.00  0.00
108.00  0.00
102.00  0.00
92.00  0.00
83.00  0.00
83.00  0.00
97.00  0.00
107.00  0.00
101.00  0.00
91.00  0.00
82.00  0.00
83.00  0.00
99.00  0.00
110.00  0.00
102.00  0.00
92.00  0.00
83.00  0.00
83.00  0.00
99.00  0.00
109.00  0.00
105.00  0.00
95.00  0.00
85.00  0.00
84.00  0.00
98.00  0.00
108.00  0.00
104.00  0.00
95.00  0.00
85.00  0.00
83.00  0.00
98.00  0.00
108.00  0.00
101.00  0.00
90.00  0.00
82.00  0.00
83.00  0.00
98.00  0.00
108.00  0.00
103.00  0.00
94.00  0.00
84.00  0.00
84.00  0.00
99.00  0.00
109.00  0.00
102.00  0.00
93.00  0.00
85.00  0.00
84.00  0.00
98.00  0.00
107.00  0.00