290.00  0.00
283.00  0.00
238.00  0.00
214.00  0.00
216.00  0.00
257.00  0.00
298.00  0.00
320.00  0.00
277.00  0.00
215.00  0.00
217.00  0.00
236.00  0.00
278.00  0.00
318.00  0.00
275.00  0.00
218.00  0.00
221.00  0.00
259.00  0.00
301.00  0.00
323.00  0.00
279.00  0.00
220.00  0.00
222.00  0.00
261.00  0.00
303.00  0.00
287.00  0.00
241.00  0.00
215.00  0.00
217.00  0.00
257.00  0.00
298.00  0.00
318.00  0.00
275.00  0.00
218.00  0.00
220.00  0.00
260.00  0.00
307.00  0.00
290.00  0.00
243.00  0.00
222.00  0.00
224.00  0.00
242.00  0.00
266.00  0.00
275.00  0.00
248.00  0.00
222.00  0.00
226.00  0.00
266.00  0.00
312.00  0.00
332.00  0.00
283.00  0.00
223.00  0.00
225.00  0.00
241.00  0.00
284.00  0.00
289.00  0.00
244.00  0.00
223.00  0.00
227.00  0.00
266.00  0.00
310.00  0.00
333.00  0.00
287.00  0.00
226.00  0.00
228.00  0.01
266.00  0.00
310.00  0.00
330.00  0.00
283.00  0.00
222.00  0.00
226.00  0.00
263.00  0.00
305.00  0.00
291.00  0.00
247.00  0.00
223.00  0.00
225.00  0.00
243.00  0.00
286.00  0.00
330.00  0.00
283.00  0.00
221.00  0.00
222.00  0.00
261.00  0.00
305.00  0.00
325.00  0.00
279.00  0.00
220.00  0.00
224.00  0.00
266.00  0.00
309.00  0.00
330.00  0.00
284.00  0.00
225.00  0.00
228.00  0.00
270.00  0.00
312.00  0.00
333.00  0.00
288.00  0.00
226.00  0.00
227.00  0.00
244.00  0.00
288.00  0.00
333.00  0.00
287.00  0.00
224.00  0.00
227.00  0.00
268.00  0.00
312.00  0.00
312.00  0.00
311.00  0.00
330.00  0.00
284.00  0.00
224.00  0.00
227.00  0.00
243.00  0.00
286.00  0.00
293.00  0.00
245.00  0.00
222.00  0.00