761.00  0.00
720.00  0.00
720.00  0.00
687.00  0.09
687.00  0.00
778.00  0.00
1036.00  0.00
934.00  0.00
632.00  0.00
632.00  0.00
633.00  0.00
633.00  0.00
633.00  0.00
633.00  0.00
633.00  0.00
633.00  0.00
634.00  0.00
634.00  0.00
634.00  0.00
633.00  0.00
643.00  0.00
643.00  0.00
633.00  0.00
633.00  0.00
633.00  0.00
634.00  0.00
644.00  0.00
652.00  0.00
642.00  0.00
633.00  0.00
633.00  0.00
633.00  0.00
633.00  0.00
643.00  0.00
643.00  0.00
633.00  0.00
633.00  0.00
633.00  0.00
625.00  0.00
624.00  0.00
632.00  0.00
633.00  0.00
625.00  0.00
617.00  0.00
624.00  0.00
623.00  0.00
615.00  0.00
624.00  0.00
624.00  0.00
656.00  0.00
708.00  0.00
696.00  0.00
662.00  0.00
652.00  0.00
653.00  0.00
663.00  0.00
663.00  0.00
653.00  0.00
654.00  0.00
664.00  0.00
674.00  0.00
664.00  0.00
654.00  0.00
653.00  0.00
653.00  0.00
653.00  0.00
663.00  0.00
664.00  0.00
654.00  0.00
653.00  0.00
653.00  0.00
653.00  0.00
663.00  0.00
663.00  0.00
653.00  0.00
653.00  0.00
653.00  0.00
653.00  0.00
664.00  0.00
664.00  0.00
653.00  0.00
653.00  0.00
653.00  0.00
654.00  0.00
664.00  0.00
673.00  0.00
663.00  0.00
653.00  0.00
663.00  0.00
672.00  0.00
673.00  0.00
664.00  0.00
664.00  0.03
663.00  0.00
664.00  0.00
673.00  0.00
673.00  0.00
673.00  0.00
674.00  0.00
674.00  0.00
673.00  0.00
673.00  0.00
673.00  0.00
664.00  0.00
664.00  0.00
673.00  0.00
673.00  0.00
674.00  0.00
673.00  0.00
673.00  0.00
664.00  0.00
664.00  0.00
674.00  0.00
664.00  0.00
664.00  0.00
674.00  0.00
674.00  0.00
674.00  0.00
674.00  0.00
674.00  0.00