308.00  0.00
265.00  0.00
311.00  0.00
316.00  0.00
268.00  0.00
341.00  0.00
372.00  0.00
350.00  0.00
322.00  0.00
266.00  0.00
336.00  0.00
371.00  0.00
327.00  0.00
294.00  0.00
264.00  0.00
297.00  0.00
302.00  0.00
268.00  0.00
309.00  0.00
360.00  0.00
319.00  0.00
268.00  0.00
298.00  0.00
302.00  0.00
268.00  0.00
298.00  0.00
353.00  0.00
322.00  0.00
273.00  0.00
343.00  0.00
385.00  0.00
373.00  0.00
332.00  0.00
348.00  0.00
389.00  0.00
364.00  0.00
318.00  0.00
272.00  0.00
343.00  0.00
386.00  0.00
363.00  0.00
317.00  0.00
271.00  0.00
267.00  0.00
334.00  0.00
368.00  0.00
347.00  0.00
317.00  0.00
271.00  0.00
268.00  0.00
336.00  0.00
368.00  0.00
347.00  0.00
320.00  0.00
275.00  0.00
268.00  0.00
335.00  0.00
369.00  0.00
324.00  0.00
295.00  0.00
265.00  0.00
340.00  0.00
372.00  0.00
350.00  0.00
320.00  0.00
271.00  0.00
266.00  0.00
334.00  0.00
368.00  0.00
321.00  0.00
292.00  0.00
273.00  0.00
270.00  0.00
336.00  0.00
395.00  0.00
329.00  0.00
348.00  0.00
375.00  0.00
301.00  0.00
268.00  0.00
312.00  0.00
316.00  0.00
268.00  0.00
298.00  0.00
303.00  0.00
271.00  0.00
300.00  0.00
302.00  0.00
268.00  0.00
304.00  0.00
307.00  0.00
268.00  0.00
312.00  0.00
316.00  0.00
266.00  0.00
340.00  0.00
370.00  0.00
348.00  0.00
321.00  0.00
272.00  0.00
343.00  0.00
374.00  0.00
352.00  0.00
317.00  0.00
271.00  0.00
347.00  0.00
392.00  0.00
322.00  0.00
348.00  0.00
399.00  0.00
329.00  0.00
348.00  0.00
372.00  0.00
302.00  0.00
348.00  0.00
370.00  0.00
300.00  0.00
352.00  0.00
400.00  0.00
326.00  0.00