989.00  0.00
1388.00  0.00
1388.00  0.00
1388.00  0.00
956.00  0.00
1019.00  0.00
1019.00  0.00
1019.00  0.00
1019.00  0.00
997.00  0.00
998.00  0.00
998.00  0.00
996.00  0.00
1018.00  0.00
1017.00  0.00
1017.00  0.00
1299.00  0.00
1756.00  0.00
1387.00  0.00
1309.00  0.00
1309.00  0.00
1387.00  0.00
1388.00  0.00
1310.00  0.00
1309.00  0.00
1313.00  0.00
1313.00  0.00
1388.00  0.00
1388.00  0.00
1387.00  0.00
1388.00  0.00
1389.00  0.00
1389.00  0.00
1387.00  0.00
1386.00  0.00
1314.00  0.00
1314.00  0.00
1387.00  0.00
1387.00  0.00
1313.00  0.00
1299.00  0.00
1373.00  0.00
1388.00  0.00
1381.00  0.00
1380.00  0.00
1387.00  0.00
1387.00  0.00
1386.00  0.00
1426.00  0.00
1024.00  0.00
1024.00  0.00
997.00  0.00
1019.00  0.00
1021.00  0.00
1021.00  0.00
1046.00  0.00
1046.00  0.00
1047.00  0.00
1026.00  0.00
1026.00  0.00
1025.00  0.00
1025.00  0.00
1046.00  0.00
1046.00  0.00
1047.00  0.00
1020.00  0.00
998.00  0.00
1025.00  0.00
1046.00  0.00
1046.00  0.00
1047.00  0.00
1022.00  0.00
1021.00  0.00
1047.00  0.00
1047.00  0.00
1045.00  0.00
1024.00  0.00
1000.00  0.00
1021.00  0.00
1020.00  0.00
1020.00  0.00
1045.00  0.00
1024.00  0.00
997.00  0.00
996.00  0.00
997.00  0.00
1019.00  0.00
1019.00  0.00
1019.00  0.00
1046.00  0.00
1046.00  0.00
1018.00  0.00
996.00  0.00
997.00  0.00
1020.00  0.00
1020.00  0.00
1019.00  0.00
1047.00  0.00
1025.00  0.00
1025.00  0.00
1025.00  0.00
1000.00  0.00
1021.00  0.00
1044.00  0.00
1045.00  0.00
1045.00  0.00
1043.00  0.00
1018.00  0.00
1020.00  0.00
1021.00  0.00
1021.00  0.00
1021.00  0.00
1020.00  0.00
1047.00  0.00
1047.00  0.00
1047.00  0.00
1048.00  0.00
1022.00  0.00
1022.00  0.00
1047.00  0.00