777.00  0.00
708.00  0.00
784.00  0.00
796.00  0.00
709.00  0.00
803.00  0.00
828.00  0.00
722.00  0.00
785.00  0.00
797.00  0.00
710.00  0.00
785.00  0.00
808.00  0.00
720.00  0.00
802.00  0.00
814.00  0.00
708.00  0.00
803.00  0.00
815.00  0.00
1018.00  0.00
1059.00  0.00
790.00  0.00
1089.00  0.00
1104.00  0.00
791.00  0.00
1045.00  0.00
1059.00  0.00
789.00  0.00
1046.00  0.00
1061.00  0.00
791.00  0.00
1043.00  0.00
1056.00  0.00
789.00  0.00
1045.00  0.00
1060.00  0.00
789.00  0.00
1046.00  0.00
1061.00  0.00
788.00  0.00
1044.00  0.00
1062.00  0.00
805.00  0.00
1099.00  0.00
1116.00  0.00
821.00  0.00
1060.00  0.00
1075.00  0.00
818.00  0.00
1059.00  0.00
1060.00  0.00
804.00  0.00
1060.00  0.00
1059.00  0.00
804.00  0.00
1056.00  0.00
1074.00  0.00
821.00  0.00
1056.00  0.00
1074.00  0.00
822.00  0.00
1063.00  0.00
1062.00  0.00
803.00  0.00
1058.00  0.00
1068.00  0.00
797.00  0.00
1041.00  0.00
1057.00  0.00
804.00  0.00
1057.00  0.00
1059.00  0.00
790.00  0.00
1043.00  0.00
1059.00  0.00
790.00  0.00
1042.00  0.00
1073.00  0.00
806.00  0.00
1045.00  0.00
1061.00  0.00
790.00  0.00
1041.00  0.00
1072.00  0.00
806.00  0.00
1044.00  0.00
1058.00  0.00
804.00  0.00
1057.00  0.00
1056.00  0.00
788.00  0.00
1041.00  0.00
1058.00  0.00
805.00  0.00
1059.00  0.00
1061.00  0.00
790.00  0.00
1041.00  0.00
1057.00  0.00
804.00  0.00
1056.00  0.00
1074.00  0.00
822.00  0.00
1057.00  0.00
1057.00  0.00
790.00  0.00
1042.00  0.00
1057.00  0.00
804.00  0.00
1100.00  0.00
1116.00  0.00
820.00  0.00
1061.00  0.00
1062.00  0.00
805.00  0.00
1056.00  0.00
1057.00  0.00
789.00  0.00
1044.00  0.00
1059.00  0.00