       5.46           
       5.53           
       5.36           
       5.33           
       5.60           
       5.57           
       5.55           
       5.56           
       5.62           
       5.50           
       5.48           
       5.54           
       5.57           
       5.49           
       5.48           
       5.40           
       5.51           
       5.48           
       5.56           
       5.54           
       5.56           
       5.47           
       5.58           
       5.51           
       5.58           
       5.45           
       5.42           
       5.46           
       5.43           
       5.56           
       5.51           
       5.58           
       5.63           
       5.56           
       5.49           
       5.37           
       5.57           
       5.47           
       5.43           
       5.55           
       5.49           
       5.55           
       5.54           
       5.49           
       5.59           
       5.61           
       5.56           
       5.54           
       5.52           
       5.54           
       5.57           
       5.64           
       5.56           
       5.62           
       5.61           
       5.68           
       5.58           
       5.45           
       5.35           
       5.46           
       5.40           
       5.49           
       5.43           
       5.41           
       5.43           
       5.48           
       5.55           
       5.56           
       5.52           
       5.52           
       5.57           
       5.71           
       5.59           
       5.57           
       5.46           
       5.53           
       5.48           
       5.49           
       5.47           
       5.31           
       5.44           
       5.25           
       5.45           
       5.66           
       5.75           
       5.81           
       5.98           
       5.81           
       5.57           
       5.49           
       5.40           
       5.46           
       5.16           
       5.40           
       5.53           
       5.54           
       5.54           
       5.49           
       5.52           
       5.60           
       5.55           
       5.49           
       5.54           
       5.55           
       5.32           
       5.30           
       5.36           
       5.46           
       5.55           
       5.52           
       5.47           
       5.35           
       5.42           
       5.54           
       5.39           
       5.49           
       5.45           
       5.58           
       5.53           
       5.56           
       5.67           
       5.64           
       5.65           
       5.68           
       5.63           
       5.54           
       5.57           
       5.75           
       5.62           
       5.55           
       5.54           
       5.62           
       5.71           
       5.62           
       5.56           
       5.59           
       5.58           
       5.63           
       5.72           
       5.80           
       5.67           
       5.65           
       5.37           
       5.46           
       5.42           
       5.63           
       5.76           
       5.69           
       5.59           
       5.60           
       5.60           
       5.57           
       5.65           
       5.63           
       5.52           
       5.50           
       5.46           
       5.55           
       5.46           
       5.09           
       5.42           
       5.51           
       5.38           
       5.58           
       5.19           
       5.44           
       5.50           
       5.48           
       5.59           
       5.52           
       5.53           
       5.55           
       5.39           
       5.39           
       5.57           
       5.51           
       5.59           
       5.68           
       5.63           
       5.71           
       5.68           
       5.58           
       5.61           
       5.56           
       5.48           
       5.69           
       5.69           
       5.55           
       5.41           
       5.00           
       5.27           
       5.54           
       5.54           
       5.54           
       5.56           
       5.58           
       5.43           
       5.56           
       5.57           
       5.56           
       5.58           
       5.57           
       5.50           
       5.49           
       5.70           
       5.72           
       5.64           
       5.60           
       5.41           
       5.59           
       5.44           
       5.62           
       5.54           
       5.51           
       5.64           
       5.64           
       5.53           
       5.54           
       5.58           
       5.64           
       5.58           
       5.58           
       5.51           
       5.53           
       5.44           
       5.34           
       5.40           
       5.83           
       5.68           
       5.58           
       5.67           
       5.41           
       5.61           
       5.70           
       5.73           
       5.89           
       5.83           
       5.87           
       5.72           
       5.79           
       5.85           
       5.83           
       5.64           
       5.55           
       5.41           
       5.54           
       5.38           
       5.58           
       5.70           
       5.65           
       5.53           
       5.58           
       5.61           
       5.53           
       5.72           
       5.67           
       5.64           
       5.72           
       5.66           
       5.63           
       5.71           
       5.72           
       5.53           
       5.51           
       5.60           
       5.66           
       5.68           
       5.79           
       5.73           
       5.58           
       5.65           
       5.58           
       5.61           
       5.59           
       5.52           
       5.60           
       5.66           
       5.69           
       5.62           
       5.57           
       5.65           
       5.67           
       5.65           
       5.53           
       5.76           
       5.80           
       5.97           
       5.89           
       5.82           
       5.72           
       5.59           
       5.47           
       5.68           
       5.62           
       5.56           
       5.70           
       5.72           
       5.82           
       5.62           
       5.42           
       5.43           
       5.68           
       5.63           
       5.52           
       5.71           
       5.54           
       5.44           
       5.20           
       5.56           
       5.60           
       5.62           
       5.50           
       5.33           
       5.33           
       5.33           
       5.49           
       5.68           
       5.70           
       5.65           
       5.66           
       5.83           
       5.95           
       5.77           
       5.76           
       5.61           
       5.64           
       5.78           
       5.72           
       5.73           
       5.68           
       5.78           
       5.77           
       5.62           
       5.68           
       5.68           
       5.65           
       5.75           
       5.70           
       5.75           
       5.74           
       5.64           
       5.73           
       5.61           
       5.71           
       5.69           
       5.67           
       5.71           
       5.29           
       5.58           
       5.56           
       5.54           
       5.37           
       5.53           
       5.65           
       5.84           
       5.75           
       5.62           
       5.75           
       5.76           
       5.69           
       5.57           
       5.71           
       5.53           
       5.35           
       5.44           
       5.50           
       5.56           
       5.41           
       5.60           
       5.55           
       5.23           
       5.44           
       5.47           
       5.63           
       5.66           
       5.54           
       5.62           
       5.56           
       5.63           
       5.67           
       5.66           
       5.68           
       5.68           
       5.71           
       5.59           
       5.79           
       5.66           
       5.60           
       5.38           
       5.44           
       5.51           
       5.65           
       5.49           
       5.60           
       5.67           
       5.57           
       5.57           
       5.66           
       5.65           
       5.62           
       5.60           
       5.57           
       5.62           
       5.42           
       5.63           
       5.56           
       5.63           
       5.61           
       5.57           
       5.62           
       5.53           
       5.51           
       5.59           
       5.62           
       5.57           
       5.57           
       5.51           
       5.56           
       5.63           
       5.65           
       5.64           
       5.59           
       5.64           
       5.61           
       5.54           
       5.61           
       5.53           
       5.60           
       5.57           
       5.55           
       5.62           
       5.55           
       5.69           
       5.52           
       5.57           
       5.59           
       5.55           
       5.50           
       5.50           
       5.54           
       5.56           
       5.67           
       5.65           
       5.70           
       5.81           
       5.72           
       5.67           
       5.67           
       5.60           
       5.60           
       5.50           
       5.63           
       5.52           
       5.42           
       5.46           
       5.42           
       5.51           
       5.56           
       5.64           
       5.58           
       5.49           
       5.37           
       5.01           
       5.47           
       5.67           
       5.68           
       5.56           
       5.35           
       5.37           
       5.57           
       5.60           
       5.66           
       5.56           
       5.70           
       5.76           
       5.78           
       5.49           
       5.56           
       5.44           
       5.39           
       5.67           
       5.56           
       5.55           
       5.55           
       5.36           
       5.36           
       5.55           
       5.54           
       5.52           
       5.57           
       5.32           
       5.21           
       5.37           
       5.54           
       5.46           
       5.56           
       5.58           
       5.58           
       5.61           
       5.60           
       5.72           
       5.78           
       5.56           
       5.66           
       5.62           
       5.47           
       5.66           
       5.65           
       5.64           
       5.39           
       5.48           
       5.60           
       5.58           
       5.57           
       5.62           
       5.67           
       5.67           
       5.32           
       5.26           
       5.27           
       5.59           
       5.49           
       5.27           
       5.42           
       5.36           
       5.66           
       5.55           
       5.65           
       5.65           
       5.62           
       5.52           
       5.54           
       5.62           
       5.61           
       5.56           
       5.52           
       5.59           
       5.70           
       5.49           
       5.53           
       5.39           
       5.50           
       5.52           
       5.59           
       5.61           
       5.61           
       5.63           
       5.61           
       5.61           
       5.54           
       5.62           
       5.67           
       5.52           
       5.51           
       5.49           
       5.46           
       5.58           
       5.59           
       5.36           
       5.54           
       5.54           
       5.54           
       5.53           
       5.63           
       5.68           
       5.62           
       5.48           
       5.66           
       5.64           
       5.67           
       5.66           
       5.58           
       5.50           
       5.60           
       5.52           
       5.66           
       5.64           
       5.59           
       5.48           
       5.51           
       5.71           
       5.61           
       5.58           
       5.58           
       5.68           
       5.66           
       5.59           
       5.58           
       5.28           
       5.24           
       5.10           
       5.23           
       5.44           
       5.30           
       5.55           
       5.55           
       5.52           
       5.53           
       5.50           
       5.62           
       5.53           
       5.56           
       5.59           
       5.64           
       5.64           
       5.52           
       5.42           
       5.37           
       5.41           
       5.49           
       5.72           
       5.61           
       5.65           
       5.74           
       5.49           
       5.71           
       5.69           
       5.60           
       5.65           
       5.62           
       5.48           
       5.62           
       5.62           
       5.45           
       5.44           
       5.27           
       5.44           
       5.49           
       5.58           
       5.59           
       5.62           
       5.76           
       5.68           
       5.64           
       5.59           
       5.56           
       5.58           
       5.60           
       5.65           
       5.60           
       5.63           
       5.63           
       5.67           
       5.63           
       5.57           
       5.63           
       5.63           
       5.70           
       5.74           
       5.68           
       5.64           
       5.67           
       5.46           
       5.64           
       5.54           
       5.55           
       5.53           
       5.53           
       5.64           
       5.67           
       5.60           
       5.65           
       5.62           
       5.61           
       5.64           
       5.13           
       5.22           
       5.41           
       5.50           
       5.17           
       5.30           
       5.27           
       5.51           
       5.48           
       5.59           
       5.50           
       5.50           
       5.58           
       5.35           
       5.68           
       5.73           
       5.79           
       5.60           
       5.62           
       5.54           
       5.61           
       5.61           
       5.71           
       5.68           
       5.73           
       5.56           
       5.86           
       5.74           
       5.67           
       5.72           
       5.57           
       5.70           
       5.56           
       5.57           
       5.46           
       5.59           
       5.45           
       5.44           
       5.59           
       5.62           
       5.63           
       5.79           
       5.83           
       5.88           
       5.86           
       5.78           
       5.44           
       5.66           
       5.62           
       5.62           
       5.60           
       5.53           
       5.63           
       5.59           
       5.70           
       5.51           
       5.46           
       5.59           
       5.70           
       5.51           
       5.11           
       5.55           
       5.72           
       5.76           
       5.81           
       5.72           
       5.60           
       5.59           
       5.56           
       5.59           
       5.74           
       5.82           
       5.92           
       5.76           
       5.68           
       5.61           
       5.71           
       5.55           
       5.55           
       5.55           
       5.67           
       5.56           
       5.61           
       5.61           
       5.76           
       5.65           
       5.87           
       5.80           
       5.92           
       6.02           
       5.86           
       5.86           
       5.72           
       5.69           
       5.57           
       5.62           
       5.43           
       5.15           
       5.54           
       5.62           
       5.65           
       5.62           
       5.65           
       5.58           
       5.58           
       5.62           
       5.65           
       5.64           
       5.79           
       5.91           
       5.66           
       5.81           
       5.76           
       5.90           
       5.88           
       5.73           
       5.75           
       5.75           
       5.70           
       5.74           
       5.63           
       5.54           
       5.60           
       5.76           
       5.75           
       5.94           
       5.82           
       6.01           
       5.62           
       5.96           
       5.90           
       5.55           
       5.77           
       5.87           
       5.75           
       5.50           
       5.58           
       5.63           
       5.60           
       5.52           
       5.55           
       5.54           
       5.69           
       5.69           
       5.74           
       5.66           
       5.79           
       5.79           
       5.58           
       5.57           
       5.74           
       5.67           
       5.68           
       5.57           
       5.69           
       5.84           
       6.03           
       5.55           
       5.71           
       5.62           
       5.57           
       5.68           
       5.63           
       5.68           
       5.74           
       5.71           
       5.53           
       5.53           
       5.67           
       5.72           
       5.79           
       6.05           
       5.71           
       5.50           
       5.45           
       5.44           
       5.56           
       5.76           
       5.59           
       5.65           
       5.49           
       5.53           
       5.47           
       5.58           
       5.45           
       5.51           
       5.67           
       5.64           
       5.55           
       5.64           
       5.67           
       5.65           
       5.68           
       5.62           
       5.66           
       5.63           
       5.55           
       5.62           
       5.65           
       5.78           
       5.73           
       5.77           
       5.66           
       5.57           
       5.60           
       5.69           
       5.68           
       5.73           
       5.67           
       5.67           
       5.77           
       5.67           
       5.58           
       5.61           
       5.65           
       5.68           
       5.68           
       5.61           
       5.78           
       5.54           
       5.47           
       5.60           
       5.58           
       5.54           
       5.51           
       5.65           
       5.67           
       5.61           
       5.42           
       5.67           
       5.59           
       5.82           
       5.48           
       5.82           
       6.00           
       5.87           
       5.95           
       6.03           
       5.82           
       5.81           
       5.68           
       5.54           
       5.65           
       5.58           
       5.60           
       5.66           
       5.54           
       5.50           
       5.42           
       5.28           
       5.52           
       5.33           
       5.43           
       5.43           
       5.30           
       5.64           
       5.47           
       5.58           
       5.60           
       5.34           
       5.44           
       5.60           
       5.48           
       5.37           
       5.31           
       5.35           
       5.60           
       5.62           
       5.50           
       5.62           
       5.70           
       5.73           
       5.67           
       5.58           
       5.42           
       5.61           
       5.53           
       5.61           
       5.81           
       5.69           
       5.75           
       5.68           
       5.24           
       5.72           
       5.58           
       5.58           
       5.60           
       5.56           
       5.57           
       5.55           
       5.47           
       5.67           
       5.68           
       5.41           
       5.03           
       5.11           
       5.48           
       5.46           
       5.66           
       5.74           
       5.29           
       5.74           
       5.62           
       5.30           
       5.18           
       5.65           
       5.61           
       5.60           
       5.38           
       5.51           
       5.25           
       5.24           
       5.11           
       5.18           
       5.54           
       5.44           
       5.38           
       5.75           
       5.70           
       5.57           
       5.48           
       5.50           
       5.66           
       5.82           
       5.81           
       5.55           
       5.61           
       5.54           
       5.68           
       5.78           
       5.73           
       5.69           
       5.68           
       5.65           
       5.57           
       5.73           
       5.68           
       5.78           
       5.66           
       5.72           
       5.68           
       5.69           
       5.55           
       5.42           
       5.49           
       5.38           
       5.48           
       5.51           
       5.60           
       5.68           
       5.65           
       5.64           
       5.76           
       5.70           
       5.74           
       5.85           
       5.85           
       5.78           
       5.70           
       5.73           
       5.71           
       5.83           
       5.73           
       5.37           
       5.36           
       5.34           
       5.65           
       5.57           
       5.34           
       5.46           
       5.55           
       5.56           
       5.66           
       5.83           
       5.66           
       5.67           
       5.66           
       5.58           
       5.64           
       5.67           
       5.58           
       5.70           
       5.47           
       5.60           
       5.60           
       5.44           
       5.44           
       5.61           
       5.55           
       5.62           
       5.36           
       5.61           
       5.61           
       5.61           
       5.68           
       5.76           
       5.62           
       5.62           
       5.48           
       5.65           
       5.59           
       5.72           
       5.71           
       5.65           
       5.60           
       5.52           
       5.65           
       5.55           
       5.58           
       5.62           
       5.62           
       5.50           
       4.98           
       5.10           
       5.23           
       5.27           
       5.76           
       5.80           
       5.85           
       5.75           
       5.70           
       5.66           
       5.64           
       5.69           
       5.66           
       5.60           
       5.69           
       5.58           
       5.52           
       5.47           
       5.43           
       5.53           
       5.64           
       5.85           
       5.64           
       5.68           
       5.71           
       5.65           
       5.58           
       5.60           
       5.68           
       5.66           
       5.65           
       5.58           
       5.62           
       5.52           
       5.54           
       5.62           
       5.72           
       5.77           
       5.65           
       5.76           
       5.78           
       5.76           
       5.72           
       5.58           
       5.52           
       5.73           
       5.67           
       5.81           
       5.63           
       5.72           
       5.70           
       5.59           
       5.48           
       5.23           
       5.45           
       5.57           
       5.72           
       5.56           
       5.56           
       5.59           
       5.47           
       5.53           
       5.61           
       5.55           
       5.50           
       5.54           
       5.55           
       5.68           
       5.68           
       5.62           
       5.77           
       5.77           
       5.68           
       5.66           
       5.63           
       5.72           
       5.69           
       5.70           
       5.55           
       5.48           
       5.67           
       5.73           
       5.60           
       5.59           
       5.70           
       5.65           
       5.62           
       5.62           
       5.51           
       5.53           
       5.56           
       5.73           
       5.77           
       5.84           
       5.80           
       5.78           
       5.72           
       5.67           
       5.72           
       5.73           
       5.81           
       5.57           
       5.45           
       5.64           
       5.62           
       5.41           
       5.46           
       5.53           
       5.59           
       5.34           
       5.43           
       5.76           
       5.67           
       5.27           
       5.44           
       5.71           
       5.65           
       5.60           
       5.60           
       5.59           
       5.89           
       5.68           
       5.75           
       5.64           
       5.68           
       5.86           
       5.84           
       5.74           
       5.82           
       5.54           
       5.58           
       5.54           
       5.48           
       5.63           
       5.46           
       5.65           
       5.56           
       5.24           
       5.33           
       5.59           
       5.65           
       5.66           
       5.57           
       5.63           
       5.52           
       5.56           
       5.56           
       5.60           
       5.63           
       5.68           
       5.40           
       5.33           
       5.24           
       5.26           
       5.42           
       5.64           
       5.58           
       5.75           
       5.58           
       5.54           
       5.48           
       5.36           
       5.17           
       5.53           
       5.49           
       5.61           
       5.61           
       5.57           
       5.47           
       5.57           
       5.51           
       5.52           
       5.47           
       5.47           
       5.47           
       5.54           
       5.65           
       5.63           
       5.70           
       5.65           
       5.71           
       5.63           
       5.33           
       5.49           
       5.45           
       5.41           
       5.41           
       5.58           
       5.47           
       5.25           
       5.60           
       5.50           
       5.60           
       5.64           
       5.56           
       5.51           
       5.53           
       5.23           
       5.47           
       5.66           
       5.76           
       5.59           
       5.55           
       5.61           
       5.56           
       5.50           
       5.26           
       5.36           
       5.47           
       5.57           
       5.52           
       5.63           
       5.30           
       5.47           
       5.61           
       5.52           
       5.32           
       5.55           
       5.48           
       5.47           
       5.49           
       5.60           
       5.53           
       5.61           
       5.59           
       5.74           
       5.62           
       5.51           
       5.62           
       5.52           
       5.63           
       5.68           
       5.64           
       5.62           
       5.53           
       5.62           
       5.69           
       5.57           
       5.64           
       5.68           
       5.45           
       5.59           
       5.62           
       5.60           
       5.53           
       5.53           
       5.59           
       5.64           
       5.64           
       5.61           
       5.60           
       5.67           
       5.62           
       5.45           
       5.61           
       5.70           
       5.32           
       5.44           
       5.57           
       5.36           
       5.72           
       5.86           
       5.96           
       5.81           
       5.65           
       5.55           
       5.55           
       5.59           
       5.43           
       5.34           
       5.68           
       5.71           
       5.86           
       5.86           
       5.83           
       5.82           
       5.44           
       5.54           
       5.57           
       5.53           
       5.62           
       5.61           
       5.61           
       5.58           
       5.58           
       5.61           
       5.63           
       5.60           
       5.62           
       5.68           
       5.52           
       5.47           
       5.67           
       5.63           
       5.70           
       5.94           
       5.68           
       5.79           
       5.81           
       5.49           
       5.56           
       5.59           
       5.46           
       5.50           
       5.73           
       5.91           
       5.73           
       5.71           
       5.80           
       5.85           
       5.67           
       5.63           
       5.60           
       5.53           
       5.66           
       5.41           
       5.54           
       5.53           
       5.53           
       5.49           
       5.55           
       5.56           
       5.56           
       5.58           
       5.64           
       5.59           
       5.62           
       5.56           
       5.59           
       5.57           
       5.67           
       5.53           
       5.36           
       5.49           
       5.52           
       5.58           
       5.61           
       5.97           
       5.76           
       5.80           
       5.82           
       5.85           
       5.70           
       5.63           
       5.61           
       5.56           
       5.63           
       5.61           
       5.64           
       5.56           
       5.49           
       5.58           
       5.40           
       5.43           
       5.58           
       5.54           
       5.60           
       5.24           
       5.65           
       5.52           
       5.50           
       5.47           
       5.31           
       5.60           
       5.59           
       5.56           
       5.57           
       5.70           
       5.74           
       5.58           
       5.59           
       5.40           
       5.68           
       5.67           
       5.77           
       5.95           
       5.65           
       5.59           
       5.51           
       5.65           
       5.67           
       5.62           
       5.50           
       5.52           
       5.60           
       5.48           
       5.61           
       5.57           
       5.64           
       5.62           
       5.40           
       5.36           
       5.37           
       5.54           
       5.58           
       5.60           
       5.67           
       5.63           
       5.77           
       5.56           
       5.58           
       5.64           
       5.73           
       5.74           
       5.67           
       5.51           
       5.68           
       5.51           
       5.43           
       5.61           
       5.66           
       5.63           
       5.77           
       5.56           
       5.64           
       5.57           
       5.66           
       5.60           
       5.60           
       5.66           
       5.70           
       5.54           
       5.60           
       5.63           
       5.63           
       5.55           
       5.56           
       5.65           
       5.65           
       5.63           
       5.54           
       5.49           
       5.42           
       5.55           
       5.33           
       5.53           
       5.50           
       5.43           
       5.66           
       5.79           
       5.56           
       5.73           
       5.60           
       5.57           
       5.56           
       5.59           
       5.54           
       5.31           
       5.50           
       5.26           
       5.49           
       5.65           
       5.55           
       5.60           
       5.60           
       5.54           
       5.57           
       5.67           
       5.57           
       5.74           
       5.62           
       5.50           
       5.58           
       5.66           
       5.56           
       5.56           
       5.72           
       5.68           
       5.81           
       5.67           
       5.84           
       6.07           
       5.80           
       5.69           
       5.80           
       5.72           
       5.72           
       5.64           
       5.54           
       5.42           
       5.52           
       5.55           
       5.55           
       5.54           
       5.55           
       5.48           
       5.49           
       5.40           
       5.58           
       5.63           
       5.53           
       5.76           
       5.71           
       5.52           
       5.59           
       5.61           
       5.63           
       5.56           
       5.43           
       5.22           
       5.46           
       5.36           
       5.54           
       5.55           
       5.65           
       5.69           
       5.50           
       5.65           
       5.64           
       5.47           
       5.50           
       5.54           
       5.54           
       5.51           
       5.59           
       5.63           
       5.67           
       5.55           
       5.62           
       5.63           
       5.71           
       5.61           
       5.66           
       5.67           
       5.66           
       5.88           
       5.56           
       5.58           
       5.62           
       5.60           
       5.66           
       5.58           
       5.56           
       5.46           
       5.47           
       5.48           
       5.61           
       5.53           
       5.63           
       5.62           
       5.72           
       5.64           
       5.68           
       5.47           
       5.44           
       5.48           
       5.58           
       5.55           
       5.56           
       5.51           
       5.60           
       5.45           
       5.29           
       5.44           
       5.63           
       5.58           
       5.59           
       5.64           
       5.61           
       5.59           
       5.57           
       5.57           
       5.49           
       5.43           
       5.49           
       5.50           
       5.56           
       5.51           
       5.64           
       5.40           
       5.48           
       5.45           
       5.68           
       5.64           
       5.64           
       5.43           
       5.54           
       5.46           
       5.52           
       5.29           
       5.47           
       5.71           
       5.58           
       5.65           
       5.54           
       5.31           
       5.59           
       5.48           
       5.41           
       5.52           
       5.55           
       5.52           
       5.56           
       5.48           
       5.46           
       5.44           
       5.36           
       5.31           
       5.35           
       5.33           
       5.19           
       5.64           
       5.59           
       5.38           
       5.43           
       5.63           
       5.84           
       5.72           
       5.75           
       5.71           
       5.67           
       5.63           
       5.53           
       5.55           
       5.55           
       5.42           
       5.57           
       5.56           
       5.47           
       5.52           
       5.52           
       5.48           
       5.51           
       5.48           
       5.67           
       5.60           
       5.58           
       5.49           
       5.08           
       5.59           
       5.88           
       5.80           
       5.57           
       5.67           
       5.59           
       5.61           
       5.52           
       5.60           
       5.58           
       5.60           
       5.94           
       5.74           
       5.73           
       5.70           
       5.23           
       5.49           
       5.52           
       5.55           
       5.46           
       5.50           
       5.43           
       5.43           
       5.64           
       5.49           
       5.60           
       5.57           
       5.63           
       5.65           
       5.71           
       5.59           
       5.61           
       5.47           
       5.22           
       5.24           
       5.47           
       5.38           
       5.57           
       5.47           
       5.55           
       5.68           
       5.53           
       5.63           
       5.69           
       5.60           
       5.54           
       5.63           
       5.53           
       5.54           
       5.55           
       5.56           
       5.44           
       5.59           
       5.44           
       5.54           
       5.66           
       5.68           
       5.56           
       5.65           
       5.38           
       5.54           
       5.58           
       5.63           
       5.55           
       5.46           
       5.40           
       5.44           
       5.59           
       5.63           
       5.65           
       5.64           
       5.74           
       5.58           
       5.70           
       5.81           
       5.51           
       5.44           
       5.51           
       5.50           
       5.42           
       5.40           
       5.49           
       5.46           
       5.52           
       5.55           
       5.50           
       5.50           
       5.53           
       5.62           
       5.63           
       5.55           
       5.53           
       5.51           
       5.53           
       5.60           
       5.68           
       5.67           
       5.50           
       5.64           
       5.58           
       5.55           
       5.79           
       5.52           
       5.65           
       5.69           
       5.59           
       5.74           
       5.57           
       5.54           
       5.47           
       5.46           
       5.56           
       5.71           
       5.62           
       5.51           
       5.58           
       5.43           
       5.41           
       5.35           
       5.41           
       5.61           
       5.66           
       5.64           
       5.52           
       5.51           
       5.60           
       5.53           
       5.59           
       5.49           
       5.52           
       5.47           
       5.42           
       5.48           
       5.44           
       5.66           
       5.64           
       5.58           
       5.38           
       5.61           
       5.59           
       5.58           
       5.64           
       5.56           
       5.61           
       5.64           
       5.53           
       5.47           
       5.45           
       5.55           
       5.53           
       5.59           
       5.50           
       5.52           
       5.50           
       5.54           
       5.44           
       5.59           
       5.55           
       5.44           
       5.28           
       5.34           
       5.33           
       5.54           
       5.57           
       5.47           
       5.49           
       5.49           
       5.44           
       5.24           
       5.23           
       5.38           
       5.57           
       5.53           
       5.56           
       5.44           
       5.62           
       5.67           
       5.68           
       5.54           
       5.56           
       5.43           
       5.53           
       5.56           
       5.51           
       5.44           
       5.33           
       5.58           
       5.73           
       5.70           
       5.75           
       5.62           
       5.52           
       5.54           
       5.49           
       5.52           
       5.73           
       5.57           
       5.55           
       5.44           
       5.50           
       5.57           
       5.49           
       5.50           
       5.48           
       5.55           
       5.62           
       5.58           
       5.53           
       5.50           
       5.52           
       5.50           
       5.50           
       5.44           
       5.25           
       5.34           
       5.54           
       5.51           
       5.34           
       5.58           
       5.63           
       5.59           
       5.48           
       5.49           
       5.45           
       5.55                  
       5.58           
       5.51           
       5.50           
       5.52           
       5.49           
       5.50           
       5.20           
       5.43           
       5.45           
       5.61           
       5.46           
       5.44           
       5.66           
       5.63           
       5.59           
       5.47           
       5.68           
       5.38           
       5.42           
       5.37           
       5.42           
       5.26           
