369.00  0.00
365.00  0.00
359.00  0.00
343.00  0.00
365.00  0.00
363.00  0.00
344.00  0.00
362.00  0.00
384.00  0.00
369.00  0.00
346.00  0.00
362.00  0.00
377.00  0.00
365.00  0.00
347.00  0.00
344.00  0.00
352.00  0.00
368.00  0.00
381.00  0.00
365.00  0.00
346.00  0.00
359.00  0.00
362.00  0.00
346.00  0.00
346.00  0.00
352.00  0.00
368.00  0.00
381.00  0.00
368.00  0.00
347.00  0.00
341.00  0.00
349.00  0.00
368.00  0.00
385.00  0.00
372.00  0.00
346.00  0.00
343.00  0.00
352.00  0.00
372.00  0.00
392.00  0.00
375.00  0.00
349.00  0.00
346.00  0.00
352.00  0.00
371.00  0.00
392.00  0.00
375.00  0.00
349.00  0.00
349.00  0.00
355.00  0.00
371.00  0.00
388.00  0.00
371.00  0.00
349.00  0.00
346.00  0.00
348.00  0.00
362.00  0.00
378.00  0.00
365.00  0.00
344.00  0.00
341.00  0.00
346.00  0.00
368.00  0.00
392.00  0.00
375.00  0.00
349.00  0.00
345.00  0.00
351.00  0.00
371.00  0.00
387.00  0.00
368.00  0.00
343.00  0.00
343.00  0.00
349.00  0.00
376.00  0.00
395.00  0.00
372.00  0.00
349.00  0.00
346.00  0.00
352.00  0.00
368.00  0.00
381.00  0.00
368.00  0.00
346.00  0.00
343.00  0.00
349.00  0.00
369.00  0.00
388.00  0.00
369.00  0.00
346.00  0.00
346.00  0.00
349.00  0.00
365.00  0.00
378.00  0.00
362.00  0.00
346.00  0.00
346.00  0.00
365.00  0.00
381.00  0.00
365.00  0.00
344.00  0.00
341.00  0.00
346.00  0.00
369.00  0.09
385.00  0.00
365.00  0.00
346.00  0.00
362.00  0.00
363.00  0.00
344.00  0.00
349.00  0.00
368.00  0.00
385.00  0.00
369.00  0.00
346.00  0.00
349.00  0.00
357.00  0.00
378.00  0.00
392.00  0.00
375.00  0.00