432.00  0.00
423.00  0.00
436.00  0.00
420.00  0.00
399.00  0.00
395.00  0.00
399.00  0.00
420.00  0.00
441.00  0.00
428.00  0.00
407.00  0.00
399.00  0.00
399.00  0.00
420.00  0.00
437.00  0.00
424.00  0.00
410.00  0.00
403.00  0.00
403.00  0.00
428.00  0.00
451.00  0.00
437.00  0.00
414.00  0.00
407.00  0.00
407.00  0.00
428.00  0.00
456.00  0.00
442.00  0.00
415.00  0.00
407.00  0.00
407.00  0.00
428.00  0.00
445.00  0.00
428.00  0.00
407.00  0.00
399.00  0.00
399.00  0.00
420.00  0.00
441.00  0.00
424.00  0.00
399.00  0.00
392.00  0.00
392.00  0.00
416.00  0.00
436.00  0.00
423.00  0.00
407.00  0.00
396.00  0.00
396.00  0.00
420.00  0.00
441.00  0.00
428.00  0.00
407.00  0.00
399.00  0.00
398.00  0.00
420.00  0.00
442.00  0.00
424.00  0.00
399.00  0.00
392.00  0.00
396.00  0.00
420.00  0.00
437.00  0.00
423.00  0.00
410.00  0.00
403.00  0.00
399.00  0.00
424.00  0.00
441.00  0.00
428.00  0.00
415.00  0.00
403.00  0.00
399.00  0.00
415.00  0.00
432.00  0.00
423.00  0.00
406.00  0.00
399.00  0.00
399.00  0.00
425.00  0.00
446.00  0.00
428.00  0.00
406.00  0.00
399.00  0.00
399.00  0.00
420.00  0.00
441.00  0.00
428.00  0.00
406.00  0.00
395.00  0.00
392.00  0.00
416.00  0.00
437.00  0.00
420.00  0.00
403.00  0.00
395.00  0.00
396.00  0.00
416.00  0.00
433.00  0.00
420.00  0.00
403.00  0.00
399.00  0.00
399.00  0.00
420.00  0.00
441.00  0.00
428.00  0.00
410.00  0.00
403.00  0.00
399.00  0.00
420.00  0.00
437.00  0.00
420.00  0.00
403.00  0.00
396.00  0.00
392.00  0.00
416.00  0.00
437.00  0.00
420.00  0.00
403.00  0.00
396.00  0.00