807.00  0.00
775.00  0.00
763.00  0.00
750.00  0.00
763.00  0.00
762.00  0.00
749.00  0.00
748.00  0.00
762.00  0.00
764.00  0.00
764.00  0.00
763.00  0.00
762.00  0.00
762.00  0.00
762.00  0.00
761.00  0.00
763.00  0.00
776.00  0.00
775.00  0.00
763.00  0.00
763.00  0.00
776.00  0.00
778.00  0.00
778.00  0.00
776.00  0.00
763.00  0.00
763.00  0.00
763.00  0.00
750.00  0.00
763.00  0.00
762.00  0.00
749.00  0.00
764.00  0.00
777.00  0.00
776.00  0.00
776.00  0.00
776.00  0.00
777.00  0.00
777.00  0.00
777.00  0.00
777.00  0.00
763.00  0.00
763.00  0.00
776.00  0.00
776.00  0.00
764.00  0.00
764.00  0.00
777.00  0.00
777.00  0.00
776.00  0.00
776.00  0.00
763.00  0.00
762.00  0.00
777.00  0.00
777.00  0.00
777.00  0.00
776.00  0.00
775.00  0.00
777.00  0.00
777.00  0.00
777.00  0.00
777.00  0.00
776.00  0.00
775.00  0.00
776.00  0.00
763.00  0.00
763.00  0.00
764.00  0.00
764.00  0.00
778.00  0.00
777.00  0.00
776.00  0.00
763.00  0.00
750.00  0.00
763.00  0.00
777.00  0.00
778.00  0.00
764.00  0.00
764.00  0.00
777.00  0.00
777.00  0.00
764.00  0.00
751.00  0.00
764.00  0.00
777.00  0.00
777.00  0.00
777.00  0.00
776.00  0.00
776.00  0.00
764.00  0.00
763.00  0.00
763.00  0.00
763.00  0.00
763.00  0.00
764.00  0.00
777.00  0.00
777.00  0.00
777.00  0.00
777.00  0.00
764.00  0.00
764.00  0.00
777.00  0.00
777.00  0.00
776.00  0.00
776.00  0.00
764.00  0.00
763.00  0.00
763.00  0.00
763.00  0.00
763.00  0.00
763.00  0.00
776.00  0.00
777.00  0.00
763.00  0.00
762.00  0.00
763.00  0.00
751.00  0.00
763.00  0.00
776.00  0.00
777.00  0.00