162.00  0.00
156.00  0.00
159.00  0.00
144.00  0.00
156.00  0.00
160.00  0.00
145.00  0.00
157.00  0.00
158.00  0.00
144.00  0.00
141.00  0.00
155.00  0.00
158.00  0.00
143.00  0.00
165.00  0.00
153.00  0.00
144.00  0.00
141.00  0.00
144.00  0.00
159.00  0.00
157.00  0.00
144.00  0.00
141.00  0.00
144.00  0.00
159.00  0.00
166.00  0.00
154.00  0.00
145.00  0.00
147.00  0.00
159.00  0.00
166.00  0.00
155.00  0.00
165.00  0.00
152.00  0.00
143.00  0.00
147.00  0.00
160.00  0.00
166.00  0.00
154.00  0.00
145.00  0.00
142.00  0.00
155.00  0.00
158.00  0.00
143.00  0.00
155.00  0.00
167.00  0.00
154.00  0.00
144.00  0.00
141.00  0.00
153.00  0.00
166.00  0.00
155.00  0.00
144.00  0.00
149.00  0.00
152.00  0.00
145.00  0.00
159.00  0.00
163.00  0.00
149.00  0.00
162.00  0.00
164.00  0.00
148.00  0.00
156.00  0.00
159.00  0.00
149.00  0.00
160.00  0.00
162.00  0.00
146.00  0.00
158.00  0.00
162.00  0.00
147.00  0.00
159.00  0.00
162.00  0.00
148.00  0.00
160.00  0.00
162.00  0.00
146.00  0.00
159.00  0.00
162.00  0.00
147.00  0.00
158.00  0.00
160.00  0.00
145.00  0.00
158.00  0.00
162.00  0.00
147.00  0.00
160.00  0.00
164.00  0.00
149.00  0.00
162.00  0.00
165.00  0.00
147.00  0.00
158.00  0.00
161.00  0.00
146.00  0.00
157.00  0.00
166.00  0.00
153.00  0.00
143.00  0.00
146.00  0.00
159.00  0.00
166.00  0.00
155.00  0.00
145.00  0.00
158.00  0.00
160.00  0.00
144.00  0.00
156.00  0.00
160.00  0.00
146.00  0.00
158.00  0.00
159.00  0.00
144.00  0.00
140.00  0.00
142.00  0.00
158.00  0.00