527.00  0.00
455.00  0.00
460.00  0.00
460.00  0.00
455.00  0.00
455.00  0.00
460.00  0.00
460.00  0.00
460.00  0.00
461.00  0.00
461.00  0.00
461.00  0.00
461.00  0.00
461.00  0.00
461.00  0.00
461.00  0.00
460.00  0.00
455.00  0.00
450.00  0.00
451.00  0.00
456.00  0.00
460.00  0.00
455.00  0.00
455.00  0.00
460.00  0.00
460.00  0.00
460.00  0.00
460.00  0.00
465.00  0.00
460.00  0.00
455.00  0.00
456.00  0.00
456.00  0.00
456.00  0.00
455.00  0.00
460.00  0.00
460.00  0.00
460.00  0.00
461.00  0.00
456.00  0.00
456.00  0.00
461.00  0.00
460.00  0.00
460.00  0.00
460.00  0.00
460.00  0.00
455.00  0.00
450.00  0.00
455.00  0.00
456.00  0.00
451.00  0.00
456.00  0.00
460.00  0.00
460.00  0.00
460.00  0.00
460.00  0.00
460.00  0.00
460.00  0.00
456.00  0.00
456.00  0.00
466.00  0.00
471.00  0.00
466.00  0.00
465.00  0.00
465.00  0.00
461.00  0.00
461.00  0.00
460.00  0.00
466.00  0.00
466.00  0.00
460.00  0.00
460.00  0.00
460.00  0.00
460.00  0.00
460.00  0.00
461.00  0.00
461.00  0.00
456.00  0.00
456.00  0.00
460.00  0.00
460.00  0.00
456.00  0.00
456.00  0.00
460.00  0.00
455.00  0.00
451.00  0.00
456.00  0.00
460.00  0.00
460.00  0.00
456.00  0.00
451.00  0.00
450.00  0.00
451.00  0.00
451.00  0.00
450.00  0.00
446.00  0.00
441.00  0.00
446.00  0.00
451.00  0.00
451.00  0.00
451.00  0.00
450.00  0.00
450.00  0.16
451.00  0.00
455.00  0.00
455.00  0.00
451.00  0.00
451.00  0.00
451.00  0.00
450.00  0.00
450.00  0.00
450.00  0.00
450.00  0.00
450.00  0.00
451.00  0.00
456.00  0.00
460.00  0.00
460.00  0.00
460.00  0.00
460.00  0.00