1003.00  0.00
881.00  0.00
823.00  0.00
823.00  0.00
824.00  0.00
839.00  0.00
919.00  0.00
905.00  0.00
827.00  0.00
825.00  0.00
823.00  0.00
858.00  0.00
938.00  0.00
919.00  0.00
856.00  0.00
840.00  0.00
807.00  0.00
825.00  0.00
920.00  0.00
919.00  0.00
840.00  0.00
825.00  0.00
824.00  0.00
840.00  0.00
920.00  0.00
919.00  0.00
839.00  0.00
824.00  0.00
823.00  0.00
839.00  0.00
920.00  0.00
919.00  0.00
840.00  0.00
824.00  0.00
824.00  0.00
840.00  0.00
898.00  0.00
898.00  0.00
857.00  0.00
843.00  0.00
825.00  0.00
857.00  0.00
937.00  0.00
919.00  0.00
855.00  0.00
839.00  0.00
822.00  0.00
838.00  0.00
919.00  0.00
919.00  0.00
839.00  0.00
824.00  0.00
824.00  0.00
841.00  0.00
921.00  0.00
903.00  0.00
840.00  0.00
839.00  0.00
822.00  0.00
840.00  0.00
919.00  0.00
918.00  0.00
856.00  0.00
841.00  0.00
824.00  0.00
839.00  0.00
919.00  0.00
904.00  0.00
824.00  0.00
823.00  0.00
823.00  0.00
855.00  0.00
935.00  0.00
918.00  0.00
838.00  0.00
822.00  0.00
822.00  0.00
838.00  0.00
919.00  0.00
920.00  0.00
857.00  0.00
839.00  0.00
807.00  0.00
823.00  0.00
898.00  0.00
898.00  0.00
840.00  0.00
811.00  0.00
794.00  0.00
823.00  0.00
917.00  0.00
901.00  0.00
824.00  0.00
810.00  0.00
792.00  0.00
822.00  0.00
898.00  0.00
882.00  0.00
823.00  0.00
808.00  0.00
792.00  0.00
824.00  0.00
920.00  0.00
903.00  0.00
807.00  0.00
792.00  0.00
808.00  0.00
839.00  0.00
919.00  0.00
919.00  0.00
822.00  0.00
808.00  0.00
823.00  0.00
837.00  0.00
919.00  0.00
904.00  0.00
807.00  0.00
792.00  0.00
791.00  0.00
823.00  0.00