249.00  0.00
242.00  0.00
229.00  0.00
219.00  0.00
231.00  0.00
236.00  0.00
212.00  0.00
207.00  0.00
210.00  0.00
220.00  0.00
216.00  0.00
199.00  0.00
217.00  0.00
213.00  0.00
199.00  0.00
226.00  0.00
242.00  0.00
229.00  0.00
219.00  0.00
229.00  0.00
233.00  0.00
219.00  0.00
229.00  0.00
233.00  0.00
220.00  0.00
213.00  0.00
230.00  0.00
248.00  0.00
234.00  0.00
214.00  0.00
210.00  0.00
213.00  0.00
228.00  0.00
245.00  0.00
234.00  0.00
215.00  0.00
208.00  0.00
229.00  0.00
233.00  0.00
217.00  0.00
230.00  0.00
234.00  0.00
220.00  0.00
213.00  0.00
228.00  0.00
243.00  0.00
231.00  0.00
211.00  0.00
201.00  0.00
229.00  0.00
246.00  0.00
233.00  0.00
213.00  0.00
210.00  0.00
213.00  0.00
228.00  0.00
244.00  0.00
232.00  0.00
215.00  0.00
211.00  0.00
214.00  0.00
229.00  0.00
245.00  0.00
232.00  0.00
212.00  0.00
208.00  0.00
230.00  0.00
234.00  0.06
218.00  0.00
228.00  0.00
233.00  0.00
218.00  0.00
227.00  0.00
230.00  0.00
216.00  0.00
226.00  0.00
231.00  0.00
219.00  0.00
229.00  0.00
233.00  0.00
217.00  0.00
225.00  0.00
228.00  0.00
213.00  0.00
225.00  0.00
231.00  0.00
219.00  0.00
229.00  0.00
234.00  0.00
219.00  0.00
230.00  0.00
234.00  0.00
217.00  0.00
226.00  0.00
230.00  0.00
218.00  0.00
231.00  0.00
234.00  0.00
219.00  0.00
231.00  0.00
234.00  0.00
218.00  0.00
230.00  0.00
236.00  0.00
219.00  0.00
226.00  0.00
228.00  0.00
214.00  0.00
225.00  0.00
228.00  0.00
213.00  0.00
221.00  0.00
228.00  0.00
217.00  0.00
228.00  0.00
233.00  0.00
218.00  0.00
228.00  0.00
233.00  0.00
218.00  0.00