295.00  0.00
291.00  0.00
273.00  0.00
257.00  0.00
252.00  0.00
256.00  0.00
277.00  0.00
289.00  0.00
272.00  0.00
257.00  0.00
254.00  0.00
251.00  0.00
255.00  0.00
276.00  0.00
289.00  0.00
271.00  0.00
255.00  0.00
252.00  0.00
255.00  0.00
280.00  0.00
293.00  0.00
274.00  0.00
260.00  0.00
257.00  0.00
262.00  0.00
282.00  0.00
293.00  0.00
276.00  0.00
258.00  0.00
255.00  0.00
260.00  0.00
278.00  0.00
289.00  0.00
273.00  0.00
257.00  0.00
252.00  0.00
257.00  0.00
278.00  0.00
289.00  0.00
274.00  0.00
260.00  0.00
255.00  0.00
259.00  0.00
280.00  0.00
291.00  0.00
273.00  0.00
258.00  0.00
255.00  0.00
260.00  0.00
284.00  0.00
295.00  0.00
276.00  0.00
261.00  0.00
258.00  0.00
262.00  0.00
284.00  0.00
295.00  0.00
275.00  0.00
258.00  0.00
257.00  0.00
264.00  0.00
286.00  0.00
297.00  0.00
278.00  0.00
261.00  0.00
258.00  0.00
263.00  0.00
287.00  0.00
299.00  0.00
280.00  0.00
265.00  0.00
260.00  0.00
262.00  0.00
286.00  0.00
297.00  0.00
276.00  0.00
260.00  0.00
255.00  0.00
260.00  0.00
282.00  0.00
295.00  0.00
278.00  0.00
261.00  0.00
258.00  0.00
260.00  0.00
280.00  0.00
293.00  0.00
276.00  0.00
257.00  0.00
251.00  0.00
257.00  0.00
280.00  0.00
291.00  0.00
272.00  0.00
257.00  0.00
254.00  0.00
259.00  0.00
280.00  0.00
293.00  0.00
276.00  0.00
258.00  0.00
254.00  0.00
259.00  0.00
282.00  0.00
295.00  0.00
276.00  0.00
258.00  0.00
254.00  0.00
259.00  0.00
280.00  0.00
293.00  0.00
278.00  0.00
260.00  0.00
254.00  0.00
259.00  0.00
280.00  0.00
291.00  0.00
271.00  0.00
254.00  0.00
251.00  0.00