472.00  0.00
894.00  0.00
913.00  0.00
913.00  0.00
894.00  0.00
963.00  0.00
1052.00  0.00
963.00  0.00
874.00  0.00
875.00  0.00
857.00  0.00
876.00  0.00
913.00  0.00
896.00  0.01
879.00  0.00
877.00  0.00
895.00  0.00
894.00  0.00
894.00  0.00
895.00  0.00
895.00  0.00
913.00  0.00
895.00  0.00
878.00  0.00
877.00  0.00
876.00  0.00
875.00  0.00
876.00  0.00
876.00  0.00
894.00  0.00
894.00  0.00
875.00  0.00
963.00  0.00
1052.00  0.00
1052.00  0.00
1027.00  0.00
1003.00  0.00
1028.00  0.00
1027.00  0.00
1003.00  0.00
1003.00  0.00
1027.00  0.00
1026.00  0.00
1002.00  0.00
1002.00  0.00
1001.00  0.00
1002.00  0.00
1026.00  0.00
1027.00  0.00
1003.00  0.00
1002.00  0.00
1004.00  0.00
1026.00  0.00
1024.00  0.00
1027.00  0.00
1052.00  0.00
1026.00  0.00
1025.00  0.00
1049.00  0.00
1026.00  0.00
1003.00  0.00
1001.00  0.00
1001.00  0.00
1024.00  0.00
1025.00  0.00
1004.00  0.00
1004.00  0.00
1003.00  0.00
1027.00  0.00
1028.00  0.00
1004.00  0.00
1002.00  0.00
1002.00  0.00
1027.00  0.00
1025.00  0.00
1025.00  0.00
1050.00  0.00
1048.00  0.00
1050.00  0.00
1027.00  0.00
1024.00  0.00
1026.00  0.00
1028.00  0.00
1051.00  0.00
1051.00  0.00
1026.00  0.00
1027.00  0.00
1027.00  0.00
1027.00  0.00
1027.00  0.00
1025.00  0.00
1025.00  0.00
1026.00  0.00
1051.00  0.00
1052.00  0.00
1051.00  0.00
1026.00  0.00
1002.00  0.00
1027.00  0.00
1049.00  0.00
1049.00  0.00
1049.00  0.00
1024.00  0.00
1027.00  0.00
1051.00  0.00
963.00  0.00
940.00  0.00
1004.00  0.00
1003.00  0.00
1001.00  0.00
1001.00  0.00
1026.00  0.00
1028.00  0.00
1028.00  0.00
1051.00  0.00
1025.00  0.00
1000.00  0.00
1002.00  0.00
1026.00  0.00
1051.00  0.00