330.00  0.00
295.00  0.00
311.00  0.00
316.00  0.00
301.00  0.00
321.00  0.00
315.00  0.00
312.00  0.00
312.00  0.00
312.00  0.00
311.00  0.00
314.00  0.00
315.00  0.00
312.00  0.00
311.00  0.00
314.00  0.00
316.00  0.00
316.00  0.00
314.00  0.00
312.00  0.00
312.00  0.00
312.00  0.00
315.00  0.00
318.00  0.00
318.00  0.00
293.00  0.00
312.00  0.00
318.00  0.01
303.00  0.00
317.00  0.00
313.00  0.00
318.00  0.00
318.00  0.00
319.00  0.00
321.00  0.00
303.00  0.00
318.00  0.00
312.00  0.00
315.00  0.00
321.00  0.00
321.00  0.00
319.00  0.00
318.00  0.00
318.00  0.00
319.00  0.00
323.00  0.00
325.00  0.00
323.00  0.00
321.00  0.00
319.00  0.00
321.00  0.00
321.00  0.00
318.00  0.00
318.00  0.00
316.00  0.00
316.00  0.00
293.00  0.00
312.00  0.00
321.00  0.00
306.00  0.00
320.00  0.00
312.00  0.00
315.00  0.00
321.00  0.00
297.00  0.00
311.00  0.01
314.00  0.00
291.00  0.00
307.00  0.00
311.00  0.00
291.00  0.00
307.00  0.00
311.00  0.00
290.00  0.00
310.00  0.00
316.00  0.00
293.00  0.00
310.00  0.00
316.00  0.00
293.00  0.04
313.00  0.00
321.00  0.00
306.00  0.00
323.00  0.00
318.00  0.00
319.00  0.00
321.00  0.00
303.00  0.00
318.00  0.00
316.00  0.00
301.00  0.00
318.00  0.00
316.00  0.00
316.00  0.00
316.00  0.00
303.00  0.00
305.00  0.00
303.00  0.00
318.00  0.00
316.00  0.00
318.00  0.00
318.00  0.00
318.00  0.00
320.00  0.00
306.00  0.00
320.00  0.00
316.00  0.00
318.00  0.00
320.00  0.00
303.00  0.00
321.00  0.00
321.00  0.00
320.00  0.00
318.00  0.00
293.00  0.00
313.00  0.00
321.00  0.00
303.00  0.00
318.00  0.00
314.00  0.00