727.00  0.00
676.00  0.00
677.00  0.00
677.00  0.00
666.00  0.00
655.00  0.00
665.00  0.00
676.00  0.00
677.00  0.00
667.00  0.00
656.00  0.00
655.00  0.00
666.00  0.00
676.00  0.00
677.00  0.00
677.00  0.00
666.00  0.00
655.00  0.00
666.00  0.00
677.00  0.00
688.00  0.00
677.00  0.00
656.00  0.00
656.00  0.00
666.00  0.00
676.00  0.00
677.00  0.00
667.00  0.00
656.00  0.00
655.00  0.00
666.00  0.00
676.00  0.00
677.00  0.00
667.00  0.00
656.00  0.00
655.00  0.00
666.00  0.00
688.00  0.00
688.00  0.00
676.00  0.00
675.00  0.00
666.00  0.00
666.00  0.00
677.00  0.00
677.00  0.00
666.00  0.00
655.00  0.00
655.00  0.00
666.00  0.00
688.00  0.00
688.00  0.00
667.00  0.00
666.00  0.00
666.00  0.00
667.00  0.00
677.00  0.00
687.00  0.00
687.00  0.00
666.00  0.00
655.00  0.00
676.00  0.00
687.00  0.00
676.00  0.00
666.00  0.00
655.00  0.00
655.00  0.00
666.00  0.00
676.00  0.00
677.00  0.00
667.00  0.00
655.00  0.00
655.00  0.00
666.00  0.00
687.00  0.00
688.00  0.00
667.00  0.00
656.00  0.00
666.00  0.00
676.00  0.00
676.00  0.00
676.00  0.00
667.00  0.00
656.00  0.00
655.00  0.00
666.00  0.00
676.00  0.00
677.00  0.00
667.00  0.00
656.00  0.00
656.00  0.00
666.00  0.00
676.00  0.00
677.00  0.00
666.00  0.00
655.00  0.00
655.00  0.00
665.00  0.00
676.00  0.00
677.00  0.00
666.00  0.00
646.00  0.00
646.00  0.00
666.00  0.00
677.00  0.00
677.00  0.00
677.00  0.00
666.00  0.00
655.00  0.00
666.00  0.00
677.00  0.00
677.00  0.00
677.00  0.00
676.00  0.00
666.00  0.00
676.00  0.00
698.00  0.00
700.00  0.00
678.00  0.00
656.00  0.00
655.00  0.00