       5.98           
       6.01           
       6.01           
       6.05           
       5.99           
       6.03           
       5.89           
       6.01           
       6.03           
       5.84           
       5.91           
       6.06           
       5.97           
       5.99           
       6.02           
       6.08           
       6.07           
       5.83           
       5.97           
       5.91           
       5.89           
       5.89           
       5.85           
       5.88           
       5.85           
       5.93           
       5.97           
       5.87           
       6.09           
       6.03           
       5.97           
       6.05           
       5.92           
       5.96           
       5.82           
       5.93           
       5.93           
       5.86           
       5.90           
       5.91           
       6.00           
       5.94           
       5.97           
       5.93           
       5.99           
       6.00           
       5.95           
       6.05           
       6.21           
       6.20           
       6.11           
       5.99           
       6.02           
       5.99           
       5.88           
       6.00           
       5.94           
       5.99           
       6.03           
       5.92           
       5.98           
       5.93           
       5.99           
       5.87           
       5.96           
       5.95           
       5.96           
       6.00           
       5.94           
       5.92           
       5.97           
       5.92           
       5.98           
       5.92           
       6.05           
       6.04           
       5.86           
       6.00           
       5.85           
       5.96           
       5.81           
       5.85           
       5.96           
       5.95           
       5.93           
       5.85           
       5.90           
       5.93           
       5.96           
       6.04           
       6.06           
       5.96           
       5.99           
       5.90           
       5.92           
       5.92           
       6.09           
       6.17           
       6.02           
       5.97           
       5.89           
       5.85           
       5.79           
       5.99           
       5.96           
       6.05           
       6.00           
       5.91           
       5.85           
       6.00           
       5.89           
       5.94           
       5.86           
       5.95           
       5.93           
       5.97           
       5.86           
       5.87           
       5.93           
       5.82           
       5.92           
       5.95           
       5.93           
       5.90           
       5.94           
       6.01           
       5.88           
       5.96           
       5.89           
       6.01           
       5.94           
       5.99           
       5.91           
       6.07           
       6.08           
       6.06           
       5.93           
       6.03           
       6.09           
       5.98           
       5.83           
       5.78           
       5.96           
       5.86           
       6.07           
       5.99           
       5.92           
       6.02           
       5.83           
       5.99           
       6.07           
       5.97           
       5.88           
       5.92           
       6.01           
       5.91           
       5.88           
       5.88           
       5.88           
       6.08           
       5.91           
       5.95           
       5.94           
       5.86           
       6.00           
       6.02           
       5.95           
       6.00           
       5.92           
       6.00           
       6.04           
       5.97           
       5.88           
       5.96           
       5.99           
       5.91           
       5.89           
       5.97           
       5.88           
       5.98           
       6.11           
       5.98           
       5.86           
       5.95           
       6.00           
       5.97           
       5.91           
       5.94           
       5.89           
       5.92           
       5.88           
       5.94           
       6.01           
       6.02           
       6.01           
       6.01           
       5.83           
       5.89           
       5.91           
       6.04           
       5.92           
       5.90           
       5.97           
       5.99           
       5.91           
       5.97           
       5.85           
       5.95           
       5.99           
       6.04           
       6.02           
       5.90           
       5.92           
       5.96           
       5.98           
       6.09           
       6.09           
       5.91           
       6.06           
       6.04           
       6.10           
       6.04           
       5.92           
       5.96           
       6.06           
       5.98           
       5.95           
       6.04           
       5.88           
       6.00           
       6.02           
       5.92           
       5.96           
       5.93           
       5.95           
       5.91           
       5.99           
       5.96           
       6.00           
       5.93           
       6.04           
       5.77           
       5.82           
       5.85           
       6.04           
       6.10           
       5.84           
       5.55           
       5.89           
       6.07           
       6.02           
       6.04           
       6.16           
       6.09           
       6.12           
       6.00           
       6.02           
       6.11           
       6.03           
       6.01           
       6.13           
       6.07           
       6.13           
       6.05           
       6.07           
       6.06           
       6.17           
       5.98           
       6.14           
       6.04           
       6.07           
       6.08           
       6.03           
       6.08           
       6.01           
       5.88           
       5.93           
       5.91           
       6.00           
       6.06           
       6.08           
       5.91           
       6.01           
       6.02           
       5.94           
       5.98           
       5.88           
       6.04           
       5.99           
       5.96           
       5.97           
       5.95           
       5.98           
       6.01           
       6.07           
       6.03           
       6.01           
       5.98           
       6.05           
       5.95           
       5.85           
       6.00           
       6.05           
       6.01           
       5.98           
       6.04           
       5.96           
       5.97           
       5.99           
       5.99           
       5.99           
       5.91           
       5.97           
       5.89           
       5.96           
       5.91           
       6.01           
       6.05           
       5.94           
       6.01           
       5.95           
       5.99           
       5.86           
       5.90           
       5.98           
       5.97           
       6.07           
       6.02           
       6.08           
       6.10           
       6.10           
       6.04           
       5.94           
       5.91           
       5.97           
       6.10           
       6.10           
       6.10           
       6.21           
       6.20           
       6.02           
       6.00           
       5.98           
       6.03           
       5.91           
       5.96           
       6.04           
       6.04           
       5.93           
       5.87           
       5.99           
       6.06           
       6.06           
       6.15           
       6.02           
       6.13           
       6.02           
       6.17           
       6.07           
       6.01           
       6.03           
       5.95           
       6.12           
       6.02           
       5.95           
       5.91           
       5.91           
       5.94           
       5.91           
       5.89           
       5.94           
       6.00           
       5.99           
       5.90           
       5.97           
       6.05           
       6.02           
       6.02           
       6.07           
       6.14           
       6.10           
       5.86           
       5.94           
       6.06           
       6.07           
       5.99           
       6.06           
       5.99           
       6.08           
       5.98           
       6.03           
       6.07           
       6.09           
       6.11           
       6.07           
       6.10           
       6.30           
       6.32           
       6.14           
       6.12           
       6.18           
       6.16           
       6.10           
       6.05           
       6.08           
       6.06           
       5.98           
       5.96           
       5.99           
       5.98           
       6.09           
       6.11           
       6.08           
       6.05           
       5.98           
       6.08           
       6.09           
       6.09           
       6.12           
       6.18           
       6.04           
       6.19           
       6.10           
       6.09           
       6.07           
       6.11           
       6.16           
       6.03           
       6.06           
       6.01           
       5.99           
       6.11           
       6.11           
       6.11           
       5.89           
       6.04           
       6.15           
       6.12           
       6.04           
       6.20           
       5.95           
       5.93           
       5.97           
       5.91           
       6.10           
       6.02           
       5.90           
       5.98           
       6.16           
       6.18           
       6.03           
       6.03           
       5.96           
       5.95           
       6.10           
       6.07           
       6.04           
       6.14           
       6.08           
       6.09           
       6.02           
       6.14           
       6.11           
       5.93           
       5.76           
       5.98           
       6.04           
       6.07           
       6.13           
       6.10           
       5.99           
       5.93           
       6.12           
       6.12           
       6.10           
       6.15           
       6.01           
       5.88           
       5.78           
       5.95           
       5.95           
       6.15           
       6.14           
       5.98           
       6.06           
       5.87           
       6.08           
       5.96           
       5.94           
       6.04           
       6.14           
       5.94           
       6.05           
       6.01           
       6.03           
       5.91           
       6.03           
       6.21           
       6.04           
       6.07           
       6.08           
       6.06           
       6.06           
       6.02           
       5.96           
       6.04           
       6.04           
       6.11           
       6.04           
       5.98           
       6.09           
       6.10           
       6.09           
       6.14           
       6.15           
       6.02           
       6.10           
       5.99           
       6.03           
       5.97           
       6.03           
       6.00           
       5.99           
       6.01           
       6.03           
       6.06           
       6.05           
       5.98           
       6.00           
       6.07           
       6.05           
       6.08           
       6.06           
       6.00           
       6.05           
       6.06           
       6.02           
       5.94           
       6.06           
       6.15           
       6.02           
       6.16           
       6.11           
       6.09           
       6.08           
       5.86           
       6.11           
       6.08           
       6.05           
       6.10           
       6.10           
       6.19           
       6.11           
       5.99           
       6.13           
       6.06           
       6.03           
       6.08           
       6.17           
       6.15           
       6.09           
       6.14           
       6.08           
       6.10           
       6.04           
       6.10           
       6.13           
       6.13           
       6.21           
       6.08           
       6.06           
       6.04           
       6.09           
       6.01           
       6.04           
       6.11           
       6.15           
       6.00           
       5.99           
       6.20           
       6.05           
       5.99           
       6.18           
       5.96           
       5.97           
       6.05           
       5.92           
       6.05           
       6.05           
       5.82           
       5.87           
       6.10           
       6.19           
       6.24           
       6.05           
       6.13           
       6.00           
       6.10           
       6.14           
       6.00           
       5.97           
       5.92           
       6.11           
       5.99           
       6.05           
       5.97           
       6.14           
       6.21           
       6.20           
       6.21           
       6.17           
       6.25           
       6.34           
       6.16           
       6.23           
       6.11           
       6.37           
       6.23           
       6.22           
       6.28           
       6.13           
       6.11           
       6.16           
       6.40           
       6.39           
       6.47           
       6.33           
       6.17           
       6.21           
       6.16           
       6.09           
       6.14           
       6.17           
       6.29           
       6.12           
       5.96           
       6.08           
       6.16           
       6.09           
       6.18           
       6.22           
       6.33           
       6.34           
       6.26           
       6.16           
       6.12           
       6.21           
       6.23           
       6.19           
       6.15           
       6.14           
       6.08           
       6.12           
       6.03           
       6.04           
       5.98           
       6.05           
       6.03           
       5.97           
       6.14           
       6.17           
       6.14           
       6.09           
       6.09           
       6.17           
       6.08           
       6.16           
       6.12           
       6.43           
       6.34           
       6.22           
       6.17           
       6.10           
       6.09           
       6.11           
       6.22           
       6.07           
       6.13           
       6.11           
       6.17           
       6.08           
       6.12           
       6.15           
       6.19           
       6.24           
       6.12           
       6.07           
       6.11           
       6.17           
       6.08           
       6.13           
       6.07           
       6.03           
       6.19           
       5.98           
       6.03           
       6.04           
       6.09           
       6.07           
       6.07           
       6.23           
       6.14           
       6.13           
       6.11           
       6.11           
       6.17           
       6.13           
       6.21           
       6.03           
       6.20           
       6.14           
       6.28           
       6.14           
       6.17           
       6.04           
       6.11           
       6.10           
       6.02           
       6.14           
       6.08           
       6.16           
       6.14           
       6.13           
       6.13           
       6.12           
       6.09           
       6.20           
       6.05           
       6.16           
       6.06           
       6.17           
       6.18           
       6.08           
       6.09           
       6.45           
       6.24           
       6.18           
       6.29           
       6.22           
       6.26           
       6.18           
       6.17           
       6.13           
       6.03           
       6.16           
       6.18           
       6.21           
       6.15           
       6.17           
       6.36           
       6.19           
       6.14           
       6.14           
       6.11           
       6.25           
       6.12           
       6.01           
       6.13           
       6.04           
       6.13           
       6.14           
       6.18           
       6.25           
       6.13           
       6.07           
       6.13           
       6.14           
       6.06           
       6.12           
       6.04           
       6.06           
       6.16           
       6.17           
       6.06           
       6.09           
       6.10           
       6.14           
       6.13           
       6.22           
       6.09           
       6.04           
       6.10           
       6.19           
       6.03           
       6.06           
       6.11           
       5.95           
       6.16           
       6.03           
       6.09           
       6.19           
       6.13           
       6.05           
       6.14           
       6.16           
       6.18           
       6.12           
       6.07           
       6.19           
       6.26           
       6.10           
       6.21           
       6.12           
       6.17           
       6.10           
       6.24           
       6.22           
       6.11           
       6.14           
       6.16           
       6.14           
       6.03           
       6.09           
       6.08           
       6.13           
       6.10           
       6.14           
       6.06           
       5.87           
       5.86           
       6.06           
       6.09           
       6.13           
       6.19           
       6.14           
       6.03           
       6.17           
       6.20           
       6.11           
       6.15           
       6.15           
       6.09           
       6.02           
       6.10           
       6.13           
       6.17           
       6.18           
       6.17           
       6.18           
       6.30           
       6.18           
       6.30           
       6.24           
       6.27           
       6.25           
       6.21           
       6.17           
       6.07           
       6.07           
       6.11           
       6.17           
       6.17           
       6.05           
       6.04           
       6.10           
       6.28           
       6.14           
       5.83           
       6.03           
       6.09           
       6.20           
       6.15           
       6.08           
       6.20           
       6.19           
       6.09           
       6.06           
       6.20           
       6.25           
       6.46           
       6.26           
       6.11           
       6.24           
       6.10           
       6.12           
       6.09           
       6.16           
       6.22           
       6.15           
       6.05           
       6.17           
       6.25           
       6.15           
       6.16           
       6.18           
       6.15           
       6.16           
       6.25           
       6.18           
       6.20           
       6.02           
       6.11           
       6.20           
       6.08           
       6.20           
       6.15           
       6.17           
       6.17           
       6.28           
       6.27           
       6.22           
       6.17           
       6.13           
       6.07           
       6.05           
       6.01           
       6.06           
       6.24           
       6.21           
       6.16           
       6.05           
       6.12           
       6.13           
       6.12           
       6.08           
       5.96           
       6.03           
       6.12           
       6.06           
       6.09           
       6.19           
       6.10           
       6.14           
       6.19           
       6.14           
       6.13           
       6.18           
       6.32           
       6.27           
       6.31           
       6.11           
       6.24           
       6.17           
       6.12           
       6.22           
       6.22           
       6.16           
       6.15           
       6.13           
       6.22           
       6.14           
       6.11           
       6.18           
       6.13           
       6.09           
       6.07           
       6.11           
       6.11           
       6.05           
       6.09           
       6.12           
       6.22           
       6.13           
       6.14           
       6.06           
       6.12           
       6.15           
       6.14           
       6.18           
       6.09           
       6.13           
       6.13           
       6.10           
       6.08           
       6.08           
       6.08           
       6.22           
       6.40           
       6.28           
       5.76           
       6.02           
       6.00           
       6.04           
       6.10           
       6.17           
       6.12           
       6.05           
       6.15           
       6.21           
       6.12           
       6.10           
       6.17           
       6.14           
       6.14           
       6.17           
       6.22           
       6.18           
       6.13           
       6.08           
       6.06           
       6.11           
       6.20           
       6.23           
       6.24           
       6.18           
       6.20           
       6.07           
       6.11           
       6.16           
       6.17           
       6.07           
       6.21           
       6.18           
       6.06           
       5.98           
       6.32           
       6.12           
       6.21           
       5.97           
       6.04           
       5.91           
       6.06           
       6.00           
       6.15           
       6.28           
       6.14           
       6.11           
       6.18           
       6.23           
       6.24           
       6.17           
       6.27           
       6.16           
       6.13           
       6.12           
       6.17           
       6.22           
       6.11           
       6.30           
       6.24           
       6.17           
       6.21           
       6.15           
       6.14           
       5.98           
       6.08           
       6.20           
       6.16           
       6.11           
       6.06           
       6.16           
       6.06           
       6.08           
       6.13           
       6.21           
       6.19           
       6.11           
       6.01           
       6.16           
       6.24           
       6.16           
       6.12           
       6.17           
       6.23           
       6.13           
       6.11           
       6.17           
       6.09           
       5.99           
       6.21           
       6.13           
       6.13           
       6.05           
       6.18           
       6.19           
       6.48           
       6.20           
       6.22           
       6.25           
       6.40           
       6.27           
       6.28           
       6.36           
       6.01           
       6.19           
       6.12           
       6.20           
       6.03           
       6.14           
       6.02           
       6.02           
       6.17           
       6.02           
       6.11           
       6.09           
       6.08           
       6.17           
       5.99           
       6.04           
       6.07           
       6.02           
       6.18           
       6.09           
       6.16           
       6.16           
       6.17           
       6.22           
       6.11           
       6.15           
       5.90           
       6.23           
       6.11           
       6.02           
       6.03           
       6.03           
       6.24           
       6.21           
       6.19           
       6.30           
       6.03           
       6.21           
       6.23           
       6.19           
       6.08           
       6.08           
       6.26           
       6.22           
       6.10           
       6.07           
       6.12           
       6.03           
       6.09           
       6.06           
       6.01           
       6.01           
       5.85           
       6.03           
       5.95           
       6.03           
       5.96           
       5.96           
       6.00           
       6.03           
       6.15           
       6.09           
       5.95           
       6.02           
       6.10           
       6.21           
       6.11           
       6.15           
       6.09           
       6.16           
       6.21           
       6.32           
       5.99           
       5.99           
       6.15           
       5.99           
       5.90           
       6.05           
       6.08           
       6.02           
       5.99           
       6.11           
       6.00           
       6.06           
       6.10           
       6.19           
       6.19           
       6.12           
       6.12           
       6.05           
       6.04           
       6.12           
       6.29           
       6.28           
       6.30           
       6.38           
       6.22           
       6.18           
       6.29           
       6.12           
       6.03           
       6.02           
       6.04           
       6.14           
       6.07           
       6.15           
       6.05           
       6.05           
       6.10           
       6.16           
       6.07           
       6.06           
       6.18           
       6.10           
       6.16           
       6.18           
       6.06           
       6.03           
       6.17           
       6.12           
       6.07           
       6.17           
       6.18           
       6.49           
       6.31           
       6.18           
       6.12           
       6.12           
       6.07           
       6.06           
       6.13           
       6.14           
       6.21           
       6.21           
       6.25           
       6.26           
       6.30           
       6.29           
       6.24           
       6.24           
       6.08           
       6.09           
       6.06           
       6.20           
       6.11           
       6.02           
       6.11           
       6.07           
       6.13           
       6.25           
       6.15           
       6.00           
       6.00           
       6.01           
       6.10           
       6.00           
       6.00           
       6.13           
       6.04           
       6.18           
       6.07           
       6.12           
       6.00           
       6.00           
       6.01           
       6.00           
       6.04           
       6.13           
       6.11           
       6.14           
       6.16           
       6.22           
       6.13           
       6.12           
       6.24           
       6.26           
       6.18           
       6.07           
       6.20           
       6.27           
       6.14           
       6.09           
       6.06           
       6.07           
       6.09           
       6.03           
       6.10           
       5.89           
       5.89           
       6.10           
       6.07           
       6.07           
       6.09           
       5.97           
       6.02           
       6.15           
       6.06           
       6.02           
       5.92           
       5.86           
       6.00           
       6.16           
       6.40           
       6.23           
       5.98           
       6.13           
       6.01           
       5.93           
       5.98           
       5.97           
       5.99           
       6.06           
       6.09           
       5.96           
       6.17           
       6.23           
       6.00           
       6.04           
       6.06           
       6.04           
       6.16           
       6.30           
       6.00           
       6.04           
       5.94           
       6.02           
       6.18           
       6.30           
       6.13           
       6.10           
       6.23           
       6.18           
       6.12           
       5.90           
       5.59           
       5.51           
       5.93           
       5.95           
       6.18           
       6.09           
       5.90           
       5.98           
       6.13           
       6.07           
       6.02           
       6.01           
       6.22           
       6.20           
       6.28           
       6.10           
       6.03           
       6.09           
       6.06           
       6.05           
       6.10           
       6.10           
       6.22           
       6.26           
       6.10           
       6.11           
       6.08           
       6.02           
       6.07           
       6.03           
       6.09           
       5.70           
       5.82           
       6.02           
       6.04           
       6.09           
       6.13           
       6.13           
       6.15           
       6.08           
       6.03           
       6.07           
       6.09           
       6.06           
       6.02           
       6.07           
       6.14           
       5.99           
       6.06           
       6.06           
       6.08           
       6.03           
       6.03           
       6.09           
       6.05           
       6.12           
       5.99           
       6.11           
       6.17           
       6.13           
       6.14           
       6.12           
       6.14           
       6.05           
       6.05           
       6.02           
       5.91           
       5.82           
       5.94           
       5.92           
       5.97           
       5.96           
       5.91           
       5.94           
       5.97           
       5.97           
       5.99           
       6.01           
       6.02           
       5.96           
       6.05           
       6.09           
       6.15           
       6.09           
       6.11           
       6.04           
       6.09           
       6.08           
       6.02           
       6.22           
       6.18           
       6.26           
       6.28           
       6.18           
       6.24           
       6.21           
       6.11           
       6.15           
       6.32           
       6.19           
       6.15           
       6.04           
       6.18           
       6.24           
       6.13           
       6.14           
       6.13           
       6.11           
       6.16           
       6.19           
       6.30           
       6.15           
       6.08           
       6.15           
       6.13           
       6.13           
       6.05           
       6.26           
       6.15           
       6.10           
       6.17           
       6.12           
       6.05           
       5.91           
       6.02           
       6.09           
       5.92           
       6.04           
       6.09           
       6.13           
       6.06           
       6.02           
       6.05           
       6.05           
       6.08           
       6.11           
       6.05           
       6.09           
       6.23           
       6.12           
       5.97           
       6.03           
       6.30           
       6.08           
       6.03           
       6.04           
       6.08           
       6.07           
       6.07           
       6.10           
       6.03           
       6.05           
       6.00           
       6.07           
       6.06           
       6.01           
       5.95           
       6.03           
       6.06           
       6.30           
       5.96           
       5.94           
       6.04           
       6.15           
       6.11           
       6.02           
       6.05           
       6.03           
       6.05           
       6.03           
       6.20           
       6.11           
       6.13           
       6.02           
       5.98           
       6.03           
       6.06           
       6.05           
       5.94           
       5.89           
       5.84           
       5.99           
       5.96           
       6.03           
       6.13           
       5.99           
       6.03           
       6.03           
       5.95           
       6.00           
       6.16           
       5.98           
       5.94           
       5.99           
       5.91           
       5.99           
       5.97           
       5.99           
       6.04           
       6.12           
       6.08           
       6.10           
       6.03           
       6.08           
       6.14           
       6.03           
       6.11           
       6.04           
       6.16           
       6.05           
       6.01           
       5.79           
       5.90           
       5.47           
       5.81           
       5.76           
       5.74           
       5.96           
       5.96           
       6.02           
       5.91           
       6.19           
       6.13           
       6.10           
       6.13           
       6.10           
       6.12           
       6.05           
       6.05           
       6.09           
       6.11           
       6.07           
       6.14           
       6.15           
       6.02           
       6.07           
       6.09           
       6.13           
       5.95           
       6.07           
       5.99           
       6.16           
       6.10           
       6.10           
       5.99           
       5.96           
       5.91           
       6.04           
       6.02           
       6.06           
       6.08           
       6.03           
       6.12           
       6.07           
       5.96           
       6.12           
       6.04           
       6.05           
       6.01           
       6.05           
       6.08           
       5.96           
       6.09           
       6.02           
       5.99           
       5.97           
       6.09           
       6.14           
       6.16           
       6.29           
       6.04           
       6.10           
       5.97           
       6.03           
       6.03           
       6.01           
       6.01           
       6.18           
       6.19           
       6.25           
       6.09           
       6.08           
       5.99           
       5.99           
       6.12           
       5.99           
       6.04           
       6.04           
       6.16           
       6.20           
       6.17           
       6.10           
       6.03           
       6.12           
       6.11           
       6.06           
       5.94           
       6.01           
       6.03           
       5.97           
       6.02           
       5.97           
       6.03           
       6.10           
       6.13           
       6.17           
       6.16           
       6.17           
       6.07           
       6.18           
       6.16           
       6.15           
       6.04           
       5.93           
       6.00           
       6.00           
       5.99           
       6.02           
       6.00           
       5.89           
       6.08           
       6.00           
       6.07           
       6.03           
       6.05           
       6.03           
       6.00           
       5.95           
       5.90           
       6.00           
       6.01           
       6.03           
       5.99           
       6.08           
       6.08           
       6.06           
       6.09           
       6.19           
       6.11           
       6.04           
       6.04           
       6.05           
       5.99           
       5.92           
       6.05           
       6.08           
       6.05           
       6.08           
       6.02           
       6.14           
       6.00           
       5.94           
       5.86           
       5.89           
       5.90           
       6.03           
       6.01           
       5.91           
       5.89           
       5.99           
       5.94           
       6.00           
       5.94           
       6.05           
       6.10           
       6.03           
       6.00           
       5.99           
       6.06           
       6.12           
       6.17           
       6.14           
       6.11           
       6.28           
       6.20           
       6.14           
       6.05           
       6.04           
       6.03           
       6.18           
       6.01           
       6.10           
       5.99           
       6.07           
       6.08           
       6.11           
       6.00           
       5.97           
       5.96           
       6.02           
       6.10           
       6.03           
       6.09           
       5.97           
       6.01           
       6.04           
       6.08           
       6.05           
       6.03           
       6.10           
       6.09           
       6.13           
       6.09           
       6.12           
       6.08           
       6.06           
       6.00           
       6.11           
       6.06           
       6.08           
       6.05           
       5.86           
       5.96           
       5.99           
       6.12           
       6.24           
       6.09           
       6.09           
       6.16           
       6.05           
       5.98           
       6.02           
       6.01           
       6.01           
       5.97           
       5.95           
       6.07           
       5.93           
       6.01           
       6.07           
       6.05           
       6.04           
       5.96           
       5.98           
       5.93           
       5.95           
       6.04           
       5.95           
       5.94           
       5.97           
       5.97           
       5.99           
       6.08           
       6.09           
       6.04           
       5.97           
       5.98           
       6.04           
       6.06           
       6.07           
       5.99           
       5.90           
       5.95           
       5.95           
       5.92           
       5.99           
       5.92           
       5.97           
       5.92           
       5.97           
       5.96           
       5.91           
       6.02           
       6.00           
       6.07           
       6.01           
       5.80           
       5.93           
       5.98           
       6.00           
       6.14           
       6.14           
       6.00           
       5.98           
       5.93           
       5.96           
       6.04           
       6.05           
       5.99           
       6.05           
       6.03           
       5.95           
       6.02           
       6.09           
       6.06           
       6.02           
       6.10           
       6.06           
       6.05           
       6.04           
       5.99           
       5.97           
       6.05           
       6.01           
       6.00           
       6.04           
       6.00           
       5.98           
       6.02           
       6.00           
       6.00           
       6.18           
       6.07           
       6.04           
       6.02           
       5.98           
       6.05           
       5.98           
       5.96           
       5.96           
       5.99           
       6.07           
       5.99           
       5.96           
       5.98           
       5.92           
       5.93           
       5.92           
       5.93           
       6.13           
       5.93           
       5.88           
       5.93           
       5.92           
       6.04           
       6.08           
       6.05           
       6.06           
       6.10           
       6.11           
       6.07           
       6.01           
       5.97           
       5.99           
       5.94           
       5.68           
       6.00           
       6.00           
       6.02           
       6.07           
       6.04           
       5.98           
       5.99           
       6.01           
       6.00           
       6.06           
       5.95           
       6.00           
       6.13           
       6.05           
       5.98           
       6.02           
       6.04           
       6.01           
       6.01           
       6.13           
       5.91           
       5.98           
       5.94           
       5.85           
       5.89           
       5.96           
       6.01           
       5.98           
       5.94           
       5.94           
       6.01           
       5.90           
       6.10           
       5.98           
       5.99           
       5.88           
       6.00           
       5.96           
       5.96           
       5.94           
       5.71           
       5.76           
       5.85           
       5.97           
       5.97           
       5.92           
       5.91           
       5.93           
       5.96           
       5.92           
       5.99           
       6.06           
       5.99           
       5.93           
       5.97           
       6.06           
       6.14           
       5.96           
       6.06           
       6.03           
       5.93           
       6.07           
       6.02           
       5.94           
       5.90           
       6.00           
       5.92           
       6.05           
       6.13           
       6.11           
       6.03           
       6.06           
       6.10           
       6.11           
       5.99           
       6.02           
       5.91           
       6.13           
       6.15           
       6.08           
       6.19           
       5.96           
       6.06           
       5.97           
       6.20           
       6.04           
       6.00           
       5.99           
       5.96           
       6.04           
       5.94           
       6.03           
       5.96           
       5.88           
       5.85           
       6.02           
       6.02           
       5.99           
       6.10           
       6.10           
       5.92           
       5.96           
       5.90           
       6.01           
       6.08           
       6.10           
       6.05           
       6.15           
       6.04           
       5.98           
       6.04           
       5.99           
       6.03           
       6.03           
       5.93           
       5.95           
       6.03           
       5.98           
       5.97           
       5.93           
       5.95           
       6.03           
       6.15           
       6.11           
       6.09           
       5.95           
       6.08           
     