304.00  0.00
313.00  0.00
320.00  0.00
320.00  0.00
320.00  0.00
323.00  0.00
318.00  0.00
317.00  0.00
322.00  0.00
317.00  0.00
317.00  0.00
322.00  0.00
320.00  0.00
320.00  0.00
322.00  0.00
320.00  0.00
322.00  0.00
327.00  0.10
322.00  0.00
322.00  0.00
325.00  0.00
317.00  0.00
320.00  0.00
325.00  0.00
317.00  0.00
317.00  0.00
325.00  0.00
325.00  0.00
325.00  0.00
327.00  0.00
325.00  0.00
325.00  0.00
325.00  0.00
322.00  0.00
324.00  0.00
330.00  0.00
327.00  0.00
327.00  0.00
330.00  0.00
322.00  0.00
320.00  0.00
322.00  0.00
317.00  0.00
317.00  0.00
322.00  0.00
320.00  0.00
318.00  0.00
320.00  0.00
317.00  0.00
317.00  0.00
322.00  0.00
320.00  0.00
322.00  0.00
325.00  0.00
320.00  0.00
320.00  0.00
325.00  0.00
322.00  0.00
320.00  0.00
322.00  0.00
317.00  0.00
317.00  0.00
322.00  0.00
320.00  0.00
320.00  0.00
322.00  0.00
317.00  0.00
315.00  0.00
317.00  0.00
315.00  0.00
317.00  0.00
322.00  0.00
320.00  0.00
320.00  0.00
322.00  0.00
320.00  0.00
317.00  0.00
320.00  0.00
320.00  0.00
320.00  0.00
322.00  0.00
317.00  0.00
315.00  0.00
313.00  0.00
308.00  0.00
308.00  0.00
313.00  0.00
313.00  0.00
313.00  0.00
313.00  0.00
310.00  0.00
317.00  0.00
320.00  0.00
315.00  0.00
317.00  0.00
317.00  0.00
310.00  0.00
315.00  0.00
317.00  0.00
317.00  0.00
322.00  0.00
315.00  0.00
315.00  0.00
320.00  0.00
315.00  0.00
317.00  0.00
318.00  0.00
315.00  0.00
322.00  0.00
322.00  0.00
317.00  0.00
322.00  0.00
322.00  0.00
317.00  0.00
322.00  0.00
325.00  0.00
320.00  0.00
322.00  0.00
320.00  0.00
313.00  0.00