329.00  0.00
341.00  0.00
338.00  0.00
338.00  0.00
340.00  0.00
346.00  0.00
349.00  0.00
344.00  0.00
338.00  0.00
341.00  0.00
346.00  0.00
352.00  0.00
352.00  0.00
344.00  0.00
338.00  0.09
338.00  0.00
344.00  0.00
349.00  0.00
349.00  0.00
344.00  0.00
338.00  0.00
335.00  0.00
338.00  0.00
343.00  0.00
343.00  0.00
340.00  0.00
335.00  0.00
338.00  0.00
343.00  0.00
341.00  0.00
338.00  0.00
338.00  0.00
344.00  0.00
349.00  0.00
347.00  0.00
341.00  0.19
338.00  0.00
338.00  0.00
344.00  0.00
352.00  0.00
355.00  0.00
349.00  0.00
343.00  0.00
346.00  0.00
352.00  0.00
358.00  0.00
358.00  0.00
349.00  0.00
341.00  0.00
341.00  0.00
346.00  0.00
349.00  0.00
346.00  0.00
340.00  0.00
337.00  0.00
338.00  0.00
341.00  0.00
347.00  0.00
349.00  0.00
343.00  0.00
338.00  0.00
338.00  0.00
341.00  0.00
346.00  0.00
349.00  0.00
344.00  0.00
338.00  0.00
338.00  0.00
341.00  0.00
346.00  0.00
349.00  0.00
344.00  0.00
338.00  0.00
338.00  0.00
341.00  0.00
346.00  0.00
346.00  0.00
338.00  0.00
335.00  0.00
338.00  0.00
344.00  0.00
349.00  0.00
344.00  0.00
335.00  0.00
332.00  0.00
338.00  0.00
343.00  0.00
338.00  0.00
332.00  0.00
335.00  0.00
343.00  0.00
349.00  0.00
349.00  0.00
343.00  0.00
335.00  0.00
332.00  0.00
335.00  0.00
341.00  0.00
343.00  0.00
338.00  0.00
332.00  0.00
335.00  0.00
341.00  0.00
344.00  0.00
344.00  0.00
338.00  0.00
332.00  0.00
333.00  0.00
338.00  0.00
346.00  0.00
346.00  0.00
338.00  0.00
335.00  0.00
335.00  0.00
338.00  0.00
349.00  0.00
352.00  0.00
343.00  0.00
337.00  0.00
340.00  0.00