359.00  0.00
378.00  0.00
381.00  0.00
378.00  0.00
374.00  0.00
374.00  0.00
374.00  0.00
374.00  0.00
371.00  0.00
367.00  0.00
371.00  0.00
371.00  0.00
368.00  0.00
367.00  0.00
368.00  0.00
365.00  0.00
364.00  0.00
364.00  0.00
355.00  0.00
349.00  0.00
350.00  0.00
353.00  0.00
358.00  0.00
361.00  0.00
358.00  0.00
352.00  0.00
352.00  0.00
358.00  0.00
358.00  0.00
355.00  0.00
358.00  0.00
358.00  0.00
355.00  0.00
355.00  0.18
358.00  0.00
358.00  0.00
362.00  0.00
365.00  0.00
364.00  0.00
367.00  0.00
368.00  0.00
368.00  0.00
368.00  0.00
368.00  0.00
367.00  0.00
371.00  0.00
374.00  0.00
374.00  0.00
374.00  0.00
374.00  0.00
374.00  0.00
374.00  0.00
374.00  0.00
374.00  0.00
374.00  0.00
374.00  0.00
371.00  0.00
367.00  0.00
370.00  0.00
374.00  0.00
374.00  0.00
374.00  0.00
374.00  0.00
374.00  0.00
378.00  0.00
381.00  0.00
381.00  0.00
381.00  0.00
378.00  0.00
374.00  0.00
374.00  0.00
374.00  0.00
371.00  0.00
371.00  0.00
374.00  0.00
371.00  0.00
371.00  0.00
371.00  0.00
367.00  0.00
368.00  0.00
368.00  0.00
368.00  0.00
365.00  0.00
365.00  0.00
368.00  0.00
371.00  0.00
371.00  0.00
371.00  0.00
371.00  0.00
368.00  0.00
368.00  0.00
368.00  0.00
367.00  0.00
364.00  0.00
361.00  0.00
364.00  0.00
367.00  0.00
368.00  0.00
368.00  0.00
368.00  0.00
368.00  0.00
367.00  0.00
367.00  0.00
358.00  0.00
352.00  0.00
353.00  0.00
353.00  0.00
358.00  0.00
361.00  0.00
365.00  0.00
371.00  0.00
374.00  0.00
374.00  0.00
374.00  0.00
374.00  0.00
374.00  0.00
374.00  0.00
374.00  0.00
377.00  0.00
381.00  0.00