381.00  0.00
381.00  0.00
378.00  0.00
378.00  0.00
378.00  0.00
374.00  0.00
374.00  0.00
374.00  0.00
378.00  0.00
382.00  0.00
382.00  0.00
381.00  0.00
385.00  0.00
388.00  0.00
388.00  0.00
385.00  0.00
381.00  0.00
381.00  0.00
381.00  0.00
378.00  0.00
378.00  0.00
381.00  0.00
378.00  0.00
378.00  0.00
378.00  0.00
378.00  0.00
381.00  0.00
381.00  0.00
384.00  0.00
384.00  0.00
381.00  0.00
381.00  0.06
385.00  0.00
389.00  0.00
389.00  0.00
385.00  0.00
381.00  0.00
378.00  0.00
378.00  0.00
388.00  0.00
392.00  0.00
388.00  0.00
385.00  0.00
378.00  0.00
378.00  0.00
378.00  0.00
371.00  0.00
371.00  0.00
371.00  0.00
368.00  0.00
368.00  0.00
368.00  0.00
364.00  0.00
361.00  0.00
361.00  0.00
361.00  0.00
361.00  0.00
364.00  0.00
367.00  0.00
367.00  0.00
368.00  0.00
368.00  0.00
368.00  0.00
368.00  0.00
371.00  0.00
370.00  0.00
371.00  0.00
374.00  0.00
371.00  0.00
371.00  0.00
374.00  0.00
374.00  0.00
374.00  0.00
374.00  0.00
371.00  0.00
368.00  0.00
368.00  0.00
371.00  0.00
374.00  0.00
381.00  0.00
392.00  0.00
392.00  0.00
382.00  0.00
375.00  0.00
374.00  0.00
370.00  0.00
368.00  0.00
368.00  0.00
368.00  0.00
364.00  0.00
362.00  0.00
362.00  0.00
361.00  0.00
361.00  0.00
358.00  0.00
355.00  0.00
355.00  0.00
358.00  0.00
361.00  0.00
361.00  0.00
361.00  0.00
361.00  0.00
358.00  0.00
358.00  0.00
361.00  0.00
358.00  0.00
358.00  0.00
361.00  0.00
361.00  0.00
364.00  0.00
367.00  0.00
364.00  0.00
361.00  0.00
361.00  0.00
364.00  0.00
364.00  0.00
364.00  0.00
367.00  0.00
364.00  0.00
361.00  0.00