639.00  0.00
702.00  0.00
714.00  0.00
702.00  0.00
679.00  0.00
679.00  0.00
714.00  0.00
713.00  0.00
701.00  0.00
713.00  0.00
724.00  0.00
711.00  0.00
699.00  0.00
712.00  0.00
725.00  0.00
712.00  0.00
712.00  0.00
714.00  0.62
702.00  0.00
713.00  0.00
714.00  0.00
702.00  0.00
713.00  0.00
713.00  0.00
700.00  0.00
713.00  0.00
726.00  0.00
724.00  0.00
736.00  0.00
737.00  0.00
713.00  0.00
713.00  0.00
713.00  0.00
701.00  0.00
726.00  0.00
726.00  0.00
701.00  0.00
726.00  0.00
726.00  0.00
701.00  0.00
713.00  0.00
712.00  0.00
701.00  0.00
714.00  0.00
713.00  0.00
700.00  0.00
726.00  0.00
738.00  0.00
714.00  0.00
714.00  0.00
725.00  0.00
712.00  0.00
712.00  0.00
714.00  0.00
701.00  0.00
720.00  0.00
721.00  0.00
701.00  0.00
713.00  0.00
724.00  0.00
712.00  0.00
713.00  0.00
713.00  0.00
679.00  0.00
678.00  0.00
713.00  0.00
712.00  0.00
699.00  0.00
712.00  0.00
712.00  0.00
700.00  0.00
713.00  0.00
713.00  0.01
701.00  0.00
713.00  0.00
714.00  0.00
702.00  0.00
713.00  0.00
713.00  0.00
701.00  0.00
713.00  0.00
713.00  0.00
690.00  0.00
702.00  0.00
713.00  0.00
701.00  0.00
713.00  0.00
713.00  0.00
700.00  0.00
712.00  0.09
713.00  0.00
701.00  0.10
713.00  0.00
713.00  0.00
701.00  0.00
713.00  0.00
712.00  0.00
700.00  0.00
713.00  0.00
713.00  0.00
701.00  0.00
724.00  0.00
736.00  0.00
714.00  0.00
715.00  0.00
714.00  0.00
701.00  0.00
726.00  0.00
726.00  0.00
701.00  0.00
714.00  0.00
713.00  0.00
701.00  0.00
714.00  0.00
726.00  0.00
713.00  0.00
713.00  0.00
724.00  0.00
712.00  0.00
726.00  0.00