382.00  0.00
403.00  0.00
399.00  0.00
392.00  0.00
385.00  0.00
385.00  0.00
400.00  0.00
411.00  0.00
407.00  0.00
399.00  0.00
392.00  0.00
392.00  0.00
403.00  0.00
411.00  0.00
407.00  0.00
396.00  0.00
385.00  0.00
381.00  0.00
392.00  0.00
403.00  0.00
399.00  0.00
388.00  0.00
381.00  0.00
381.00  0.00
392.00  0.00
403.00  0.00
399.00  0.00
392.00  0.00
385.00  0.00
385.00  0.00
396.00  0.00
399.00  0.00
395.00  0.00
392.00  0.00
388.00  0.00
388.00  0.00
400.00  0.00
407.00  0.00
403.00  0.00
396.00  0.00
388.00  0.00
392.00  0.00
403.00  0.00
411.00  0.00
407.00  0.00
399.00  0.00
392.00  0.00
392.00  0.00
403.00  0.00
411.00  0.00
408.00  0.00
400.00  0.00
392.00  0.00
392.00  0.00
399.00  0.00
403.00  0.00
403.00  0.00
396.00  0.00
388.00  0.00
388.00  0.00
400.00  0.00
407.00  0.00
403.00  0.00
403.00  0.00
396.00  0.00
392.00  0.00
403.00  0.00
411.00  0.00
411.00  0.00
403.00  0.00
403.00  0.00
411.00  0.00
407.00  0.00
399.00  0.00
392.00  0.00
388.00  0.00
400.00  0.25
411.00  0.00
403.00  0.00
392.00  0.00
385.00  0.00
385.00  0.00
396.00  0.00
403.00  0.00
399.00  0.00
392.00  0.00
388.00  0.00
388.00  0.00
396.00  0.00
403.00  0.00
399.00  0.00
392.00  0.00
385.00  0.00
388.00  0.00
399.00  0.00
403.00  0.00
399.00  0.00
392.00  0.00
385.00  0.00
385.00  0.00
396.00  0.00
399.00  0.00
395.00  0.00
388.00  0.00
381.00  0.00
385.00  0.00
396.00  0.00
403.00  0.00
399.00  0.00
392.00  0.00
382.00  0.00
378.00  0.00
396.00  0.00
407.00  0.00
399.00  0.00
388.00  0.00
381.00  0.00
385.00  0.00
392.00  0.00
396.00  0.00