416.00  0.00
447.00  0.00
443.00  0.00
443.00  0.00
447.00  0.00
447.00  0.00
447.00  0.00
447.00  0.00
446.00  0.00
451.00  0.00
452.00  0.00
452.00  0.00
447.00  0.00
447.00  0.00
451.00  0.00
451.00  0.00
451.00  0.00
451.00  0.00
452.00  0.00
447.00  0.00
446.00  0.00
451.00  0.00
451.00  0.00
446.00  0.00
446.00  0.00
446.00  0.00
442.00  0.00
442.00  0.00
447.00  0.00
447.00  0.00
442.00  0.00
442.00  0.00
442.00  0.00
438.00  0.00
438.00  0.00
442.00  0.00
442.00  0.00
437.00  0.00
442.00  0.00
424.00  0.00
429.00  0.00
437.00  0.00
415.00  0.00
421.00  0.00
433.00  0.00
419.00  0.00
419.00  0.00
424.00  0.00
415.00  0.00
424.00  0.00
432.00  0.00
415.00  0.00
425.00  0.00
437.00  0.00
420.00  0.00
428.00  0.00
436.00  0.00
415.00  0.00
425.00  0.00
437.00  0.00
419.00  0.00
424.00  0.00
433.00  0.00
416.00  0.00
420.00  0.00
433.00  0.00
416.00  0.00
420.00  0.00
428.00  0.00
411.00  0.00
416.00  0.00
429.00  0.00
416.00  0.00
416.00  0.00
428.00  0.00
419.00  0.00
424.00  0.00
432.00  0.00
419.00  0.00
424.00  0.00
432.00  0.00
419.00  0.00
428.00  0.00
437.00  0.00
420.00  0.00
434.00  0.00
442.00  0.00
437.00  0.00
437.00  0.00
447.00  0.00
447.00  0.00
447.00  0.00
452.00  0.09
447.00  0.00
446.00  0.00
451.00  0.00
451.00  0.00
446.00  0.00
442.00  0.00
442.00  0.00
442.00  0.00
437.00  0.00
437.00  0.00
420.00  0.00
425.00  0.00
433.00  0.00
416.00  0.00
420.00  0.00
433.00  0.00
419.00  0.06
424.00  0.00
433.00  0.00
416.00  0.00
416.00  0.00
424.00  0.00
411.00  0.00
420.00  0.00
433.00  0.00
419.00  0.00
428.00  0.00