446.00  0.00
461.00  0.00
482.00  0.00
467.00  0.00
457.00  0.00
483.00  0.00
473.00  0.00
462.00  0.00
483.00  0.00
467.00  0.00
461.00  0.00
482.00  0.00
467.00  0.00
462.00  0.00
483.00  0.00
472.00  0.00
471.00  0.00
493.00  0.00
473.00  0.00
462.00  0.00
483.00  0.00
467.00  0.00
462.00  0.00
488.00  0.00
473.00  0.00
467.00  0.00
488.00  0.00
483.00  0.00
471.00  0.00
477.00  0.00
477.00  0.00
471.00  0.00
482.00  0.00
477.00  0.00
466.00  0.00
472.00  0.00
478.00  0.00
472.00  0.00
478.00  0.00
489.00  0.00
478.00  0.00
467.00  0.00
477.00  0.00
494.00  0.00
483.00  0.00
467.00  0.00
472.00  0.00
472.00  0.00
467.00  0.00
478.00  0.00
482.00  0.00
472.00  0.00
477.00  0.00
472.00  0.00
456.00  0.00
472.00  0.00
477.00  0.00
466.00  0.00
472.00  0.00
472.00  0.00
467.00  0.00
472.00  0.00
472.00  0.00
467.00  0.00
472.00  0.00
472.00  0.00
461.00  0.00
462.00  0.00
462.00  0.00
456.00  0.00
467.00  0.00
472.00  0.00
466.00  0.00
477.00  0.00
478.00  0.00
467.00  0.00
477.00  0.00
482.00  0.00
472.00  0.00
478.00  0.00
477.00  0.00
461.00  0.00
472.00  0.00
477.00  0.00
461.00  0.00
462.00  0.00
462.00  0.00
456.00  0.00
461.00  0.00
456.00  0.00
447.00  0.00
457.00  0.00
462.00  0.00
461.00  0.00
472.00  0.00
467.00  0.00
461.00  0.00
471.00  0.00
467.00  0.00
456.00  0.00
467.00  0.00
472.00  0.00
466.00  0.00
477.00  0.00
477.00  0.00
466.00  0.00
472.00  0.00
472.00  0.00
466.00  0.00
477.00  0.00
477.00  0.00
466.00  0.00
472.00  0.00
467.00  0.00
461.00  0.00
471.00  0.00
467.00  0.00
456.00  0.00
466.00  0.00
466.00  0.00