765.00  0.00
764.00  0.00
751.00  0.00
751.00  0.00
751.00  0.00
739.00  0.00
751.00  0.00
764.00  0.00
764.00  0.00
763.00  0.00
764.00  0.00
765.00  0.00
765.00  0.00
765.00  0.00
751.00  0.00
376.00  0.00
351.00  0.00
740.00  0.00
778.00  0.00
751.00  0.00
751.00  0.00
778.00  0.00
753.00  0.00
740.00  0.00
765.00  0.00
764.00  0.00
766.00  0.00
753.00  0.00
740.00  0.00
728.00  0.00
741.00  0.00
754.00  0.00
740.00  0.00
765.00  0.00
765.00  0.00
751.00  0.00
765.00  0.00
753.00  0.00
740.00  0.00
766.00  0.00
751.00  0.00
739.00  0.00
729.00  0.00
741.00  0.00
764.00  0.00
763.00  0.00
764.00  0.00
765.00  0.00
765.00  0.00
752.00  0.00
752.00  0.00
751.00  0.00
750.00  0.00
750.00  0.00
751.00  0.00
764.00  0.00
764.00  0.00
751.00  0.00
738.00  0.00
737.00  0.00
750.00  0.00
764.00  0.00
754.00  0.00
740.00  0.00
750.00  0.00
750.00  0.00
738.00  0.00
752.00  0.00
752.00  0.00
738.00  0.00
751.00  0.00
765.00  0.00
765.00  0.00
765.00  0.00
752.00  0.00
738.00  0.00
738.00  0.00
738.00  0.00
751.00  0.00
751.00  0.00
737.00  0.00
751.00  0.00
764.00  0.00
750.00  0.00
764.00  0.00
764.00  0.00
750.00  0.00
737.00  0.00
751.00  0.00
751.00  0.00
737.00  0.00
738.00  0.00
739.00  0.00
738.00  0.00
738.00  0.00
738.00  0.00
738.00  0.00
751.00  0.00
750.00  0.00
751.00  0.00
764.00  0.00
740.00  0.00
740.00  0.00
753.00  0.00
738.00  0.00
764.00  0.00
766.00  0.00
765.00  0.00
779.00  0.00
754.00  0.00
753.00  0.00
739.00  0.00
739.00  0.00
752.00  0.00
752.00  0.00
764.00  0.00
752.00  0.00
739.00  0.00
738.00  0.00
738.00  0.00