504.00  0.00
552.00  0.00
545.00  0.00
538.00  0.00
519.00  0.00
513.00  0.00
540.00  0.00
553.00  0.00
545.00  0.00
538.00  0.00
519.00  0.00
519.00  0.00
544.00  0.00
545.00  0.00
538.00  0.00
531.00  0.00
512.00  0.00
512.00  0.00
531.00  0.00
538.00  0.00
538.00  0.00
531.00  0.00
512.00  0.00
499.00  0.00
513.00  0.00
540.00  0.00
546.00  0.00
545.00  0.00
539.00  0.00
518.00  0.00
525.00  0.00
545.00  0.00
553.00  0.00
546.00  0.00
531.00  0.00
518.00  0.00
519.00  0.00
540.00  0.00
546.00  0.00
538.00  0.00
538.00  0.00
525.00  0.00
525.00  0.00
546.00  0.00
546.00  0.00
539.00  0.00
532.00  0.00
513.00  0.00
519.00  0.00
538.00  0.00
546.00  0.00
546.00  0.00
538.00  0.00
519.00  0.00
520.00  0.00
546.00  0.00
552.00  0.00
545.00  0.00
532.00  0.00
518.00  0.00
525.00  0.00
545.00  0.00
545.00  0.00
538.00  0.00
531.00  0.00
512.00  0.00
512.00  0.00
532.00  0.00
539.00  0.00
538.00  0.00
538.00  0.00
538.00  0.00
532.00  0.00
518.00  0.00
518.00  0.00
539.00  0.00
545.00  0.00
538.00  0.00
531.00  0.00
518.00  0.00
525.00  0.00
545.00  0.00
545.00  0.00
532.00  0.00
526.00  0.00
518.00  0.00
518.00  0.00
539.00  0.00
546.00  0.00
538.00  0.00
532.00  0.00
519.00  0.00
519.00  0.00
546.00  0.00
559.00  0.00
546.00  0.00
538.00  0.00
524.00  0.00
525.00  0.00
553.00  0.00
567.00  0.00
560.00  0.00
545.00  0.00
531.00  0.00
538.00  0.00
560.00  0.00
560.00  0.00
553.00  0.00
553.00  0.00
538.00  0.00
538.00  0.00
559.00  0.00
567.00  0.00
553.00  0.00
538.00  0.00
524.00  0.00
532.00  0.00
560.00  0.00
560.00  0.00
553.00  0.00