248.00  0.00
267.00  0.00
267.00  0.00
260.00  0.00
257.00  0.00
258.00  0.00
260.00  0.00
263.00  0.00
265.00  0.00
262.00  0.00
260.00  0.00
260.00  0.00
262.00  0.00
267.00  0.00
265.00  0.00
259.00  0.00
258.00  0.00
262.00  0.00
264.00  0.00
269.00  0.00
270.00  0.00
265.00  0.00
263.00  0.00
263.00  0.00
263.00  0.00
267.00  0.00
267.00  0.00
260.00  0.00
258.00  0.00
261.00  0.00
265.00  0.00
270.00  0.00
270.00  0.00
267.00  0.00
265.00  0.00
264.00  0.00
265.00  0.00
270.00  0.00
270.00  0.00
263.00  0.00
260.00  0.00
261.00  0.00
263.00  0.00
267.00  0.00
265.00  0.00
260.00  0.00
258.00  0.00
260.00  0.00
261.00  0.00
263.00  0.00
263.00  0.00
258.00  0.00
258.00  0.00
261.00  0.00
263.00  0.00
265.00  0.00
265.00  0.00
262.00  0.00
260.00  0.00
262.00  0.00
264.00  0.00
267.00  0.00
267.00  0.30
262.00  0.00
262.00  0.00
263.00  0.00
263.00  0.00
265.00  0.00
265.00  0.00
262.00  0.00
261.00  0.00
263.00  0.00
263.00  0.00
265.00  0.00
263.00  0.00
258.00  0.00
258.00  0.00
260.00  0.00
260.00  0.00
264.00  0.00
265.00  0.00
262.00  0.00
260.00  0.00
261.00  0.00
261.00  0.00
263.00  0.00
263.00  0.00
260.00  0.00
258.00  0.00
260.00  0.00
265.00  0.00
268.00  0.00
268.00  0.00
265.00  0.00
262.00  0.00
264.00  0.00
267.00  0.00
268.00  0.00
267.00  0.00
260.00  0.00
258.00  0.00
260.00  0.00
260.00  0.00
263.00  0.00
263.00  0.00
258.00  0.00
257.00  0.00
258.00  0.00
260.00  0.00
265.00  0.00
267.00  0.00
263.00  0.00
261.00  0.00
260.00  0.00
262.00  0.00
265.00  0.00
263.00  0.00
258.00  0.00
257.00  0.00
258.00  0.00