576.00  0.00
576.00  0.00
577.00  0.00
577.00  0.00
576.00  0.00
576.00  0.00
575.00  0.00
576.00  0.00
576.00  0.00
576.00  0.00
576.00  0.00
576.00  0.00
576.00  0.00
576.00  0.00
576.00  0.00
576.00  0.00
585.00  0.00
585.00  0.00
585.00  0.00
592.00  0.00
592.00  0.00
600.00  0.00
592.00  0.00
609.00  0.00
593.00  0.00
584.00  0.00
609.00  0.00
593.00  0.00
593.00  0.00
617.00  0.00
592.00  0.00
593.00  0.00
609.00  0.00
584.00  0.00
593.00  0.00
617.00  0.00
592.00  0.00
592.00  0.00
617.00  0.00
600.00  0.00
591.00  0.00
609.00  0.00
600.00  0.00
600.00  0.00
617.00  0.00
593.00  0.00
593.00  0.00
617.00  0.00
600.00  0.00
592.00  0.00
609.00  0.00
593.00  0.00
585.00  0.00
609.00  0.00
592.00  0.00
592.00  0.00
617.00  0.00
600.00  0.00
600.00  0.00
617.00  0.00
593.00  0.00
593.00  0.00
617.00  0.00
593.00  0.00
584.00  0.00
609.00  0.00
593.00  0.00
593.00  0.00
617.00  0.00
593.00  0.00
585.00  0.00
600.00  0.00
584.00  0.00
585.00  0.00
602.00  0.00
592.00  0.00
600.00  0.00
617.00  0.00
600.00  0.00
592.00  0.00
609.00  0.00
600.00  0.00
592.00  0.00
609.00  0.00
600.00  0.00
592.00  0.00
609.00  0.00
592.00  0.00
584.00  0.00
609.00  0.00
592.00  0.00
592.00  0.00
617.00  0.00
609.00  0.00
609.00  0.00
593.00  0.00
592.00  0.00
608.00  0.00
601.00  0.00
609.00  0.00
617.00  0.00
609.00  0.00
609.00  0.00
609.00  0.00
600.00  0.00
609.00  0.00
617.00  0.00
617.00  0.00
618.00  0.00
617.00  0.00
609.00  0.00
609.00  0.00
609.00  0.00
609.00  0.00
617.00  0.00
617.00  0.00
609.00  0.00
610.00  0.00
618.00  0.00
609.00  0.00