752.00  0.00
794.00  0.00
808.00  0.00
808.00  0.00
793.00  0.00
766.00  0.00
780.00  0.00
809.00  0.00
827.00  0.00
825.00  0.00
793.00  0.00
779.00  0.00
780.00  0.00
794.00  0.00
808.00  0.00
810.00  0.00
794.00  0.00
764.00  0.00
764.00  0.00
780.00  0.00
812.00  0.00
826.00  0.00
796.00  0.00
781.00  0.00
794.00  0.00
808.00  0.00
826.00  0.00
826.00  0.00
794.00  0.00
780.00  0.00
780.00  0.00
794.00  0.00
808.00  0.00
808.00  0.00
793.00  0.00
778.00  0.00
779.00  0.00
795.00  0.00
810.00  0.00
809.00  0.00
794.00  0.00
780.00  0.00
780.00  0.00
795.00  0.00
823.00  0.00
823.00  0.01
794.00  0.00
779.00  0.00
778.00  0.00
793.00  0.00
809.00  0.00
809.00  0.00
793.00  0.00
779.00  0.00
779.00  0.00
793.00  0.00
809.00  0.00
809.00  0.00
793.00  0.00
779.00  0.00
794.00  0.00
793.00  0.00
778.00  0.00
779.00  0.00
779.00  0.00
766.00  0.00
780.00  0.00
795.00  0.00
768.00  0.00
767.00  0.00
779.00  0.00
779.00  0.00
779.00  0.00
778.00  0.00
753.00  0.00
767.00  0.00
793.00  0.00
752.00  0.00
767.00  0.00
809.00  0.00
781.00  0.00
766.00  0.00
780.00  0.00
752.00  0.00
751.00  0.00
778.00  0.00
752.00  0.00
753.00  0.00
779.00  0.00
752.00  0.00
768.00  0.00
810.00  0.00
794.00  0.00
779.00  0.00
794.00  0.00
824.00  0.00
824.00  0.00
793.00  0.00
765.00  0.00
765.00  0.00
793.00  0.00
808.00  0.00
795.00  0.00
780.00  0.00
779.00  0.00
793.00  0.00
809.00  0.00
810.00  0.00
794.00  0.00
779.00  0.00
780.00  0.00
794.00  0.00
808.00  0.00
825.00  0.00
826.00  0.00
809.00  0.00
794.00  0.00
780.00  0.00
793.00  0.00
824.00  0.00