83.00  0.00
92.00  0.25
94.00  0.00
94.00  0.00
92.00  0.00
92.00  0.00
93.00  0.00
95.00  0.00
98.00  0.00
96.00  0.00
93.00  0.00
93.00  0.00
92.00  0.00
92.00  0.00
96.00  0.00
97.00  0.00
96.00  0.00
95.00  0.00
93.00  0.00
92.00  0.00
94.00  0.00
93.00  0.00
92.00  0.00
93.00  0.00
92.00  0.00
93.00  0.00
97.00  0.00
98.00  0.00
97.00  0.00
95.00  0.00
90.00  0.00
87.00  0.00
89.00  0.00
93.00  0.00
94.00  0.00
96.00  0.00
94.00  0.00
95.00  0.00
98.00  0.00
98.00  0.00
96.00  0.00
96.00  0.00
93.00  0.00
91.00  0.00
91.00  0.00
90.00  0.00
90.00  0.00
90.00  0.00
89.00  0.00
90.00  0.00
93.00  0.00
94.00  0.00
94.00  0.00
94.00  0.00
93.00  0.00
94.00  0.00
97.00  0.00
97.00  0.00
95.00  0.00
94.00  0.00
92.00  0.00
92.00  0.00
95.00  0.00
94.00  0.00
92.00  0.00
93.00  0.00
91.00  0.00
90.00  0.00
94.00  0.00
95.00  0.00
94.00  0.00
94.00  0.00
93.00  0.00
91.00  0.00
93.00  0.00
93.00  0.00
92.00  0.00
89.00  0.00
86.00  0.00
87.00  0.00
91.00  0.00
93.00  0.00
92.00  0.00
92.00  0.00
91.00  0.00
93.00  0.00
96.00  0.00
94.00  0.00
92.00  0.00
93.00  0.00
91.00  0.00
91.00  0.00
93.00  0.00
92.00  0.00
90.00  0.00
90.00  0.07
90.00  0.00
91.00  0.00
94.00  0.00
95.00  0.00
95.00  0.00
95.00  0.00
93.00  0.00
93.00  0.00
95.00  0.07
95.00  0.00
94.00  0.00
95.00  0.10
94.00  0.00
94.00  0.00
95.00  0.00
94.00  0.00
92.00  0.00
90.00  0.00
88.00  0.00
89.00  0.00
92.00  0.00
93.00  0.00
93.00  0.00
92.00  0.00