824.00  0.00
809.00  0.00
810.00  0.00
825.00  0.00
824.00  0.00
824.00  0.00
825.00  0.00
795.00  0.00
780.00  0.00
781.00  0.00
795.00  0.00
824.00  0.00
824.00  0.00
794.00  0.00
780.00  0.00
794.00  0.00
809.00  0.00
811.00  0.00
810.00  0.00
795.00  0.00
781.00  0.00
794.00  0.00
809.00  0.00
810.00  0.00
810.00  0.00
795.00  0.00
779.00  0.00
779.00  0.00
794.00  0.00
808.00  0.00
793.00  0.00
778.00  0.00
779.00  0.00
780.00  0.00
794.00  0.00
808.00  0.00
780.00  0.00
751.00  0.00
780.00  0.00
781.00  0.00
765.00  0.00
778.00  0.00
764.00  0.00
765.00  0.00
780.00  0.00
766.00  0.00
752.00  0.00
751.00  0.00
750.00  0.00
750.00  0.00
763.00  0.00
765.00  0.00
740.00  0.00
752.00  0.00
779.00  0.00
752.00  0.00
751.00  0.00
777.00  0.00
751.00  0.00
751.00  0.00
779.00  0.00
766.00  0.00
765.00  0.00
779.00  0.00
754.00  0.00
753.00  0.00
778.00  0.00
765.00  0.00
765.00  0.00
778.00  0.00
751.00  0.00
752.00  0.00
779.00  0.00
753.00  0.00
755.00  0.00
780.00  0.00
742.00  0.00
741.00  0.00
779.00  0.00
765.00  0.00
765.00  0.00
779.00  0.00
752.00  0.00
753.00  0.00
793.00  0.00
793.00  0.00
794.00  0.00
809.00  0.00
779.00  0.00
764.00  0.25
793.00  0.00
807.00  0.00
793.00  0.00
767.00  0.00
754.00  0.00
781.00  0.00
809.00  0.00
794.00  0.00
778.00  0.16
765.00  0.00
782.00  0.00
809.00  0.00
808.00  0.00
808.00  0.00
795.00  0.00
781.00  0.00
794.00  0.00
808.00  0.00
810.00  0.00
782.00  0.00
753.00  0.00
766.00  0.00
779.00  0.00
754.00  0.00
754.00  0.00
780.00  0.00
780.00  0.00
780.00  0.00
779.00  0.00
793.00  0.00