274.00  0.00
295.00  0.00
295.00  0.00
295.00  0.00
295.00  0.00
295.00  0.00
295.00  0.00
293.00  0.00
293.00  0.00
295.00  0.00
297.00  0.00
297.00  0.00
297.00  0.00
297.00  0.00
297.00  0.00
297.00  0.00
295.00  0.00
295.00  0.00
297.00  0.00
297.00  0.00
295.00  0.00
295.00  0.00
295.00  0.00
295.00  0.00
297.00  0.00
297.00  0.00
295.00  0.00
295.00  0.00
295.00  0.00
295.00  0.00
295.00  0.00
297.00  0.00
299.00  0.00
299.00  0.00
301.00  0.00
304.00  0.00
306.00  0.00
308.00  0.00
308.00  0.00
306.00  0.13
306.00  0.00
308.00  0.00
308.00  0.00
306.00  0.00
306.00  0.00
306.00  0.00
304.00  0.00
301.00  0.00
299.00  0.00
299.00  0.00
299.00  0.00
299.00  0.00
299.00  0.00
297.00  0.00
297.00  0.00
299.00  0.00
299.00  0.00
299.00  0.00
299.00  0.00
297.00  0.00
295.00  0.00
295.00  0.00
299.00  0.00
304.00  0.00
302.00  0.00
297.00  0.00
295.00  0.00
293.00  0.00
291.00  0.00
293.00  0.00
295.00  0.00
295.00  0.00
295.00  0.00
290.00  0.00
292.00  0.00
291.00  0.00
287.00  0.00
291.00  0.00
293.00  0.00
295.00  0.00
293.00  0.00
289.00  0.00
293.00  0.00
291.00  0.00
293.00  0.00
295.00  0.00
295.00  0.00
297.00  0.00
299.00  0.00
299.00  0.00
299.00  0.00
297.00  0.00
295.00  0.00
297.00  0.00
299.00  0.00
299.00  0.00
299.00  0.00
299.00  0.00
299.00  0.00
299.00  0.00
297.00  0.00
299.00  0.00
303.00  0.00
305.00  0.00
306.00  0.00
304.00  0.00
304.00  0.00
301.00  0.00
297.00  0.00
293.00  0.00
289.00  0.00
291.00  0.00
287.00  0.00
283.00  0.00
289.00  0.00
291.00  0.00
287.00  0.00
293.00  0.00
295.00  0.00
295.00  0.00