      10.70           
      10.32           
      10.20           
      10.21           
      10.28           
      10.31           
      10.26           
      10.31           
      10.34           
      10.29           
      11.16           
      10.59           
      10.42           
      10.49           
      10.35           
      10.38           
      10.56           
      10.81           
      10.89           
      10.41           
      10.37           
      10.29           
      10.27           
      10.28           
      10.45           
      10.35           
      10.22           
      10.17           
      10.38           
      10.33           
      10.33           
      10.52           
      10.31           
      10.35           
      10.37           
      10.27           
      10.32           
      10.19           
      10.20           
      10.17           
      10.27           
      10.22           
      10.48           
       9.91           
      11.22           
      10.80           
      10.59           
      10.40           
      10.36           
      10.41           
      10.55           
      10.28           
      10.16           
      10.28           
      10.17           
      10.12           
      10.28           
      10.29           
      10.12           
      10.22           
      10.35           
      10.47           
      10.44           
      10.27           
      10.25           
      10.44           
      10.69           
      10.81           
      10.83           
      10.75           
      10.72           
      10.82           
      11.23           
      11.34           
      10.73           
      10.56           
      10.07           
      10.62           
      11.10           
      10.30           
      10.26           
      10.37           
      10.27           
      10.34           
      10.26           
      10.34           
      10.24           
      10.15           
      10.37           
      10.50           
      10.40           
      10.46           
      10.44           
      10.23           
      10.28           
      10.43           
      10.36           
      10.20           
      10.29           
      10.47           
      10.66           
      10.58           
      10.43           
      10.32           
      10.16           
      10.16           
      10.32           
      10.39           
      10.33           
      10.37           
      10.22           
      10.32           
      10.29           
      10.21           
      10.38           
      10.21           
      10.24           
      10.34           
      10.33           
      10.28           
      10.27           
      10.00           
      10.83           
      10.58           
      10.38           
      10.41           
      10.40           
      10.39           
      10.67           
      10.79           
      10.89           
      10.81           
      10.87           
      10.81           
      10.50           
      10.28           
      10.30           
      10.19           
      10.20           
      10.06           
      10.33           
      10.35           
      10.33           
      10.25           
      10.20           
      10.24           
      10.41           
      10.47           
      10.27           
      10.07           
      10.10           
       9.98           
      10.20           
      10.19           
      10.24           
      10.36           
      10.27           
      10.01           
      10.14           
      10.55           
      10.74           
      10.87           
      10.52           
      10.47           
      10.60           
      10.31           
      10.34           
      10.35           
      10.31           
      10.19           
      10.41           
      10.25           
      10.07           
      10.12           
      10.54           
      10.72           
      10.45           
      10.75           
      11.57           
      11.08           
      10.50           
      10.30           
      10.54           
      10.35           
      10.52           
      11.00           
      10.94           
      10.82           
      10.48           
      10.48           
      10.55           
      10.89           
      11.17           
      10.70           
      10.42           
      10.23           
      10.36           
      10.32           
      10.31           
      10.67           
      10.72           
      10.49           
      10.86           
      10.53           
      10.18           
      10.11           
      10.00           
      10.60           
      10.51           
      10.67           
      10.41           
      10.42           
      10.40           
      10.42           
      10.73           
      10.69           
      10.69           
      10.92           
      10.71           
      10.84           
      10.55           
      10.49           
      10.51           
      10.39           
      10.44           
      10.49           
      10.47           
      10.28           
      10.25           
      10.18           
      10.36           
      10.39           
      10.45           
      10.34           
      10.23           
      10.19           
      10.34           
      10.57           
      10.66           
      11.01           
      10.94           
      10.58           
      10.48           
      10.30           
      10.37           
      10.21           
      10.29           
      10.33           
      10.22           
      10.25           
      10.37           
      10.36           
      10.41           
      10.35           
      10.31           
      10.24           
      10.36           
      10.28           
      10.25           
      10.15           
      10.28           
      10.19           
      10.28           
      10.07           
      10.51           
      10.42           
      10.55           
      10.42           
      10.42           
      10.12           
      10.33           
      10.28           
      10.22           
      10.20           
      10.47           
      10.38           
      10.40           
      10.29           
      10.36           
      10.36           
      10.54           
      10.53           
      10.25           
      10.81           
      11.15           
      10.42           
      10.74           
      10.65           
      10.37           
      10.46           
      10.64           
      10.23           
      10.26           
      10.34           
      10.38           
      10.44           
      10.19           
      10.28           
      10.59           
      10.58           
      10.53           
      10.62           
      10.59           
      10.51           
      10.35           
      10.63           
      10.03           
      10.27           
      10.31           
      10.31           
      10.26           
      10.20           
      10.26           
      10.30           
      10.18           
      10.13           
      10.12           
      10.30           
      10.40           
      10.33           
      10.43           
      10.73           
      10.65           
      10.84           
      10.49           
      10.59           
      10.64           
      10.79           
      10.59           
      10.29           
      10.15           
      10.45           
      10.34           
      10.44           
      10.67           
      10.48           
      10.43           
      10.52           
      10.61           
      10.66           
      10.63           
      11.13           
      10.86           
      11.06           
      10.64           
      10.48           
      10.68           
      10.59           
      10.71           
      10.71           
      10.64           
      10.70           
      10.39           
      10.47           
      10.36           
      10.72           
      10.41           
      10.18           
      10.35           
      10.34           
      10.31           
      10.55           
      10.60           
      10.53           
      10.63           
      10.51           
      10.50           
      10.33           
      10.26           
      10.23           
      10.60           
      10.49           
      11.18           
      11.11           
      10.84           
      10.53           
      10.80           
      10.92           
      10.70           
      10.51           
      10.73           
      10.67           
      10.65           
      10.56           
      10.59           
      10.46           
      10.52           
      10.53           
      10.69           
      10.41           
      10.41           
      10.39           
      10.48           
      10.74           
      10.37           
      10.24           
      10.26           
      10.26           
      10.66           
      10.84           
      10.31           
      10.35           
      10.52           
      10.33           
      10.33           
      10.34           
      10.39           
      10.40           
      10.35           
      10.11           
      10.16           
      10.13           
      10.16           
      10.09           
      10.24           
      10.17           
      10.09           
      10.11           
      10.19           
      10.29           
      10.32           
      10.35           
      10.26           
      10.15           
      10.17           
      10.11           
      10.01           
      10.15           
      10.26           
      10.28           
      10.17           
      10.27           
      10.42           
      10.45           
      10.46           
      10.59           
      10.67           
      10.62           
      10.73           
      10.70           
      10.71           
      10.69           
      10.58           
      10.70           
      10.52           
      10.49           
      10.44           
      10.30           
      10.04           
      10.31           
      10.41           
      10.32           
      10.17           
      10.28           
      10.11           
      10.27           
      10.40           
      10.17           
      10.58           
      10.82           
      10.48           
      10.28           
      10.44           
      10.20           
      10.23           
      10.56           
      10.48           
      10.42           
      10.15           
      10.17           
      10.30           
      10.38           
      10.47           
      10.15           
      10.22           
      10.21           
      10.32           
      10.20           
      10.15           
      10.27           
      10.44           
      10.45           
      10.37           
      10.40           
      10.23           
      10.28           
      10.43           
      10.37           
      10.37           
      10.56           
      10.39           
      10.34           
      10.35           
      10.27           
      10.27           
      10.46           
      10.24           
      10.31           
      10.43           
      10.73           
      10.36           
      10.62           
      10.66           
      10.57           
      10.69           
      10.84           
      10.98           
      10.37           
      10.53           
      10.89           
      10.83           
      10.84           
      10.52           
      10.15           
      10.23           
      10.14           
      10.51           
      10.48           
      10.32           
      10.38           
      10.43           
      10.19           
      10.25           
      10.22           
       9.80           
      10.20           
      11.11           
      10.55           
      10.43           
      10.25           
      10.22           
      10.31           
      10.41           
      10.33           
      10.29           
      10.36           
      10.50           
      10.88           
      10.84           
      11.13           
      11.10           
      10.80           
      10.32           
      10.49           
      10.33           
      10.38           
      10.39           
      10.44           
      10.43           
      11.18           
      10.94           
      10.75           
      10.52           
      10.52           
      10.43           
      10.53           
      10.53           
      10.56           
      10.54           
      10.33           
      10.41           
      10.30           
      10.58           
      10.59           
      10.57           
      10.63           
      10.65           
      10.17           
      10.03           
      10.11           
      10.09           
      10.13           
      10.22           
      10.31           
      10.38           
      10.38           
      10.32           
      10.44           
      10.23           
      10.39           
      10.42           
      10.27           
      10.14           
      10.15           
      10.00           
      10.12           
      10.28           
      10.23           
      10.43           
      10.15           
      10.32           
      10.39           
      10.51           
      10.58           
      10.23           
      10.19           
      10.30           
      10.35           
      10.49           
      10.42           
      10.61           
      10.52           
      10.51           
      10.44           
      10.24           
      10.72           
      10.28           
      10.35           
      10.15           
      10.19           
      10.48           
      11.40           
      11.75           
      10.82           
      10.64           
      10.37           
      10.44           
      10.35           
      10.47           
      10.31           
      10.44           
      10.36           
      10.47           
      10.74           
      10.45           
      10.55           
      10.62           
      10.59           
      10.37           
      10.33           
      10.29           
      10.33           
      10.27           
      10.40           
      10.33           
      10.43           
      10.30           
      10.46           
      10.28           
      10.38           
      10.26           
      10.31           
      10.30           
      10.27           
      10.27           
      10.42           
      10.29           
      10.29           
      10.29           
      10.34           
      10.43           
      10.28           
      10.14           
      10.26           
      10.16           
      10.13           
      10.23           
      10.22           
      10.32           
      10.37           
      10.47           
      10.55           
      10.22           
      10.37           
      10.33           
      10.21           
      10.38           
      10.11           
      10.39           
      10.37           
      10.43           
      10.24           
      10.24           
      10.56           
      10.61           
      10.22           
      10.18           
      10.22           
      10.22           
      10.30           
      10.44           
      10.18           
      10.30           
      10.59           
      10.55           
      10.42           
      10.39           
      10.30           
      10.23           
      10.32           
      10.39           
      10.03           
      10.25           
      10.13           
      10.17           
      10.77           
      10.43           
      10.34           
      10.44           
      10.45           
      10.42           
      10.35           
      10.46           
      10.92           
      10.80           
      10.55           
      10.41           
      10.39           
      10.90           
      11.07           
      10.73           
      10.38           
      10.22           
      10.06           
      10.20           
      10.29           
      10.12           
      10.57           
      10.97           
      10.58           
      10.76           
      10.60           
      10.45           
      10.84           
      10.48           
      10.52           
      10.66           
      10.12           
      10.06           
      10.14           
      10.21           
      10.18           
      10.27           
      10.38           
      10.23           
      10.33           
      10.44           
      10.30           
      10.31           
      10.27           
      10.22           
      10.35           
      10.44           
      10.34           
      10.38           
      10.20           
      10.21           
      10.24           
      10.12           
      10.13           
      10.26           
      10.39           
      10.32           
      10.38           
      10.39           
      10.53           
      10.34           
      10.19           
      10.09           
      10.10           
      10.10           
      10.13           
      10.23           
      10.37           
      10.46           
      10.26           
      10.16           
      10.15           
      10.11           
      10.28           
      10.42           
      10.76           
      10.89           
      10.64           
      10.37           
      10.37           
      10.30           
      10.26           
      10.32           
      10.40           
      10.43           
      10.44           
      10.33           
      10.31           
      10.28           
      10.38           
      10.22           
      10.46           
      10.20           
      10.22           
      10.23           
      10.24           
      10.11           
      10.22           
      10.13           
      10.42           
      10.53           
      10.25           
      10.60           
      11.11           
      10.92           
      10.67           
      10.29           
      10.33           
      10.45           
      10.33           
      10.30           
      10.43           
      10.32           
      10.26           
      10.19           
      10.05           
      10.55           
      10.57           
      10.86           
      10.61           
      10.50           
      10.29           
      10.37           
      10.55           
      10.53           
      10.74           
      10.55           
      10.12           
      10.36           
      10.35           
      10.58           
      10.26           
      10.21           
      10.39           
      10.49           
      10.32           
      10.15           
      10.04           
      10.06           
      10.06           
      10.07           
      10.15           
       9.98           
       9.98           
      10.31           
      10.33           
      10.23           
      10.34           
      10.34           
      10.38           
      10.35           
      10.32           
      10.34           
      10.41           
      10.43           
      10.45           
      10.44           
      10.55           
      10.50           
      10.46           
      10.18           
      10.11           
      10.11           
      10.39           
      10.45           
      10.72           
      10.81           
      10.38           
      10.21           
      10.40           
      10.60           
      10.46           
      10.72           
      10.55           
      10.33           
      10.24           
      10.10           
      10.40           
      10.64           
      10.24           
      10.38           
      10.24           
      10.21           
      10.25           
      10.26           
      10.26           
      10.36           
      10.29           
      10.28           
      10.89           
      11.02           
      10.96           
      10.83           
      10.68           
      10.12           
      10.10           
      10.07           
      10.10           
      10.39           
      10.39           
      10.30           
      10.43           
      10.20           
      10.44           
      10.56           
      10.52           
      10.56           
      10.56           
      10.44           
      10.61           
      10.51           
      10.31           
      10.24           
      10.24           
      10.21           
      10.03           
      10.28           
      10.18           
      10.43           
      10.27           
      10.85           
      10.21           
      10.35           
      10.37           
      10.16           
      10.34           
      10.22           
      10.20           
      10.27           
      10.34           
      10.30           
      10.21           
      10.14           
      10.14           
      10.24           
      10.17           
      10.11           
      10.19           
      10.33           
      10.30           
      10.26           
      10.47           
      10.55           
      10.55           
      10.61           
      10.31           
      10.24           
      10.18           
      10.30           
      10.25           
      10.32           
      10.43           
      10.79           
      11.03           
      11.14           
      11.37           
      10.69           
      10.75           
      10.57           
      10.35           
      10.65           
      10.73           
      10.51           
      10.54           
      10.56           
      10.86           
      10.37           
      10.26           
      10.27           
      10.26           
      10.55           
      10.39           
      10.38           
      10.37           
      10.13           
      10.08           
      10.09           
      10.10           
      10.36           
      10.34           
      10.49           
      10.44           
      10.65           
      10.86           
      10.76           
      10.63           
      10.62           
      10.54           
      10.43           
      10.34           
      10.42           
      10.36           
      10.49           
      10.59           
      10.86           
      10.30           
      10.24           
      10.33           
      10.31           
      10.22           
      10.06           
      10.09           
      10.05           
       9.97           
      10.10           
      10.19           
      10.22           
      10.26           
      10.41           
      10.42           
      10.29           
      10.53           
      10.43           
      10.28           
      10.13           
      10.29           
      10.33           
      10.45           
      10.35           
      10.47           
      10.75           
      10.69           
      10.94           
      10.63           
      10.64           
      10.22           
      10.02           
      10.13           
      10.27           
      10.12           
      10.21           
      10.29           
      10.24           
      10.09           
      10.10           
      10.52           
      10.46           
      10.51           
      10.61           
      10.52           
      10.34           
      10.33           
      10.28           
      10.17           
      10.30           
      10.22           
      10.19           
      10.20           
      10.55           
      10.23           
      10.12           
      10.10           
      10.32           
      10.40           
      10.44           
       8.92           
      10.20           
      10.09           
      10.15           
      10.33           
      10.26           
      10.37           
      10.49           
      10.66           
      10.72           
      10.74           
      10.57           
      10.61           
      10.53           
      10.47           
      10.81           
      10.41           
      10.35           
      10.40           
      10.20           
      10.16           
      10.09           
      10.18           
      10.39           
      10.17           
      10.19           
      10.09           
      10.17           
      10.28           
      10.46           
      10.37           
      10.72           
      10.56           
      10.34           
      10.20           
      10.25           
      10.19           
      10.35           
      10.26           
      10.31           
      10.39           
      10.13           
      10.12           
      10.34           
      10.41           
      10.43           
      10.52           
      10.44           
      10.47           
      10.39           
      10.40           
      10.26           
      10.29           
      10.12           
      10.33           
      10.44           
      10.32           
      10.39           
      10.28           
      10.62           
      10.68           
      10.45           
      10.44           
      10.26           
      10.39           
      10.34           
      10.52           
      10.78           
      10.79           
      10.50           
      10.43           
      10.36           
      10.14           
      10.20           
      10.81           
      10.56           
      10.79           
      10.71           
      10.45           
      10.49           
      10.53           
      10.42           
      10.45           
      10.53           
      10.63           
      10.53           
      10.21           
      10.34           
      10.70           
      10.44           
      10.21           
      10.38           
      10.36           
      10.59           
      10.35           
      10.52           
      10.22           
      10.33           
      10.24           
      10.76           
      10.76           
      10.33           
      10.57           
      10.42           
      10.23           
      10.22           
      10.38           
      10.41           
      10.41           
      10.09           
      10.27           
      10.30           
      10.44           
      10.46           
      10.57           
      10.76           
      10.39           
      10.45           
      10.52           
      10.44           
      10.64           
      10.81           
      10.49           
      10.34           
      10.62           
      10.25           
      10.22           
      10.41           
      10.47           
      10.49           
      10.34           
      10.21           
      10.39           
      10.38           
      10.75           
      10.53           
      10.43           
      10.49           
      10.45           
      10.51           
      10.36           
      10.36           
      10.48           
      10.59           
      10.53           
      10.57           
      10.51           
      10.49           
      10.44           
      10.41           
      10.88           
      10.63           
      10.46           
      10.70           
      10.32           
      10.12           
      10.88           
      11.04           
      10.67           
      10.52           
      10.57           
      10.68           
      10.68           
      10.76           
      10.39           
      10.38           
      10.51           
      10.59           
      10.64           
      10.62           
      10.48           
      10.76           
      10.60           
      10.54           
      10.71           
      10.64           
      10.55           
      10.88           
      10.50           
      10.48           
      10.23           
      10.32           
      10.15           
      10.14           
      10.17           
      10.21           
      10.12           
      10.28           
      10.16           
      10.08           
      10.14           
      10.33           
      10.34           
      10.61           
      10.56           
      10.24           
      10.49           
      10.49           
      10.50           
      10.52           
      10.39           
      10.58           
      10.91           
      10.88           
      10.52           
      10.60           
      10.34           
      10.28           
      10.30           
      10.42           
      10.44           
      10.40           
      10.36           
      10.27           
      10.16           
       9.93           
      10.31           
      10.25           
      10.39           
      10.40           
      10.55           
      10.29           
      10.41           
      10.50           
      10.71           
      10.91           
      10.91           
      10.27           
      10.43           
      10.33           
      10.21           
      10.40           
      10.31           
      10.21           
      10.07           
      10.20           
      10.13           
      10.41           
      10.28           
      10.26           
      10.39           
      10.29           
      10.37           
      10.31           
      10.22           
      10.22           
      10.23           
      10.20           
      10.16           
      10.31           
      10.88           
      10.66           
      10.40           
      10.60           
      10.25           
      10.26           
      10.39           
      10.35           
      10.23           
      10.12           
      10.21           
      10.29           
      10.29           
      10.36           
      10.33           
      10.17           
      10.22           
      10.44           
      10.70           
      10.59           
      10.54           
      10.37           
      10.34           
      10.22           
      10.35           
      10.22           
      10.36           
      10.36           
      10.45           
      10.62           
      10.48           
      10.16           
      10.29           
      10.35           
      10.34           
      10.24           
      10.40           
      10.16           
      10.24           
      10.26           
      10.55           
      10.69           
      10.86           
      10.55           
      10.36           
      10.48           
      10.33           
      10.49           
      10.28           
      10.69           
      10.52           
      10.33           
      10.31           
      10.22           
      10.37           
      10.70           
      10.37           
      10.29           
      10.34           
      10.28           
      10.43           
      10.44           
      10.45           
      10.40           
      10.58           
      10.48           
      10.24           
      10.33           
      10.31           
      10.23           
      10.28           
      10.19           
      10.24           
      10.13           
      10.31           
      10.45           
      10.31           
      10.52           
      10.54           
      10.62           
      10.72           
      10.67           
      10.52           
      10.49           
      10.35           
      10.21           
      10.07           
      10.37           
      10.35           
      10.22           
      10.41           
      10.41           
      10.25           
      10.19           
      10.20           
      10.20           
      10.20           
      10.37           
      10.34           
      10.33           
      10.36           
      10.68           
      10.72           
      10.54           
      10.44           
      10.13           
      10.05           
      10.06           
      10.21           
      10.32           
      10.26           
      10.19           
      10.36           
      10.27           
      10.22           
      10.29           
      10.24           
      10.34           
      10.82           
      10.81           
      10.67           
      10.30           
      10.45           
      10.57           
      10.63           
      10.41           
      10.38           
      10.25           
      10.40           
      10.54           
      10.47           
      10.27           
      10.15           
      10.20           
      10.15           
      10.23           
      10.18           
      10.08           
      10.18           
      10.37           
      10.26           
      10.34           
      10.34           
      10.20           
      10.36           
      10.68           
      10.79           
      10.99           
      10.63           
      10.18           
      10.47           
      10.68           
      10.74           
      10.61           
      10.53           
      10.54           
      10.33           
      10.48           
      10.39           
      10.29           
      10.72           
      10.74           
      10.15           
      10.46           
      10.67           
      10.50           
      10.42           
      10.99           
      10.58           
      10.60           
      10.63           
      11.07           
      10.67           
      10.60           
      10.30           
      10.56           
      10.45           
      10.49           
      10.56           
      10.60           
      10.36           
      10.35           
      10.30           
      10.27           
      10.24           
      10.38           
      10.43           
      10.35           
      10.12           
      10.15           
      10.32           
      10.15           
      10.09           
      10.14           
      10.23           
      10.32           
      10.50           
      10.68           
      10.69           
      10.23           
      10.40           
      10.81           
      10.34           
      10.38           
      10.10           
       9.99           
      10.17           
      10.10           
      10.21           
      10.35           
      10.27           
      10.42           
      10.48           
      10.56           
      10.45           
      10.37           
      10.41           
      10.32           
      10.38           
      10.24           
      10.24           
      10.11           
      10.14           
      10.39           
      10.43           
      10.39           
      10.41           
      10.73           
      10.41           
      10.29           
      10.77           
      10.85           
      10.77           
      10.50           
      10.90           
      10.36           
      10.44           
      10.20           
      10.34           
      10.13           
      10.07           
      10.20           
      10.56           
      10.22           
      10.49           
      10.52           
      10.47           
      10.40           
      10.27           
      10.33           
      10.56           
      11.10           
      10.89           
      10.40           
      10.60           
      10.42           
      10.22           
      10.21           
      10.34           
      10.34           
      10.48           
      10.40           
      10.31           
      10.31           
      10.30           
      10.11           
      10.11           
      10.09           
      10.22           
      10.11           
      10.10           
      10.05           
      10.15           
      10.17           
      10.16           
      10.26           
      10.29           
      10.24           
      10.04           
      10.12           
      10.24           
      10.14           
      10.23           
      10.24           
      10.24           
      10.21           
      10.27           
      10.25           
      10.16           
      10.06           
      10.24           
      10.46           
      10.40           
      10.39           
      10.36           
      10.45           
      10.57           
      10.43           
      10.32           
      10.38           
      10.12           
      10.21           
      10.32           
      10.69           
      10.45           
      10.42           
      10.26           
      10.34           
      10.25           
      10.26           
      10.28           
      10.27           
      10.06           
      10.23           
      10.08           
      10.12           
      10.34           
      10.71           
      10.93           
      10.69           
      10.52           
      10.12           
      10.40           
      10.28           
      10.26           
      10.18           
      10.39           
      10.18           
      10.47           
      10.82           
      10.62           
      10.45           
      10.48           
      10.33           
      10.49           
      10.49           
      10.58           
      10.55           
      10.51           
      10.92           
      11.41           
      10.89           
      11.04           
      10.94           
      11.02           
      10.85           
      10.33           
      10.30           
      10.44           
      10.22           
      10.13           
      10.37           
      10.23           
      10.35           
      10.48           
      10.37           
      10.42           
      10.61           
      10.83           
      10.50           
      10.03           
      10.06           
      10.10           
      10.10           
      10.13           
      10.03           
      10.06           
      10.16           
      10.13           
      10.19           
      10.17           
      10.25           
      10.13           
      10.24           
      10.32           
      10.08           
      10.13           
      10.29           
      10.30           
      10.63           
      10.45           
      10.65           
      10.36           
      10.18           
      10.52           
      10.37           
      10.11           
      10.27           
      10.33           
      10.14           
      10.46           
      10.78           
      10.68           
      10.63           
      10.73           
      10.28           
      10.27           
      10.32           
      10.56           
      11.02           
      10.76           
      10.52           
      10.40           
      10.37           
      10.33           
      10.17           
      10.35           
      10.17           
      10.22           
      10.13           
      10.15           
      10.42           
      10.25           
      10.16           
      10.29           
      10.40           
      10.42           
      10.24           
      10.25           
      10.33           
      10.50           
      10.22           
      10.00           
      10.17           
      10.09           
      10.05           
      10.17           
      10.29           
      10.37           
      10.20           
      10.18           
      10.32           
      10.19           
      10.10           
      10.30           
      10.29           
      10.44           
      10.47           
      10.38           
      10.44           
      10.48           
      10.19           
      10.36           
      10.40           
      10.51           
      10.41           
      10.34           
      10.45           
      10.26           
      10.37           
      10.39           
      10.30           
      10.24           
      10.20           
      10.16           
      10.10           
      10.30           
      10.36           
      10.43           
      10.37           
      10.47           
      10.45           
      10.42           
      10.28           
      10.09           
      10.26           
      10.21           
      10.22           
      10.04           
      10.32           
      10.48           
      10.61           
      10.53           
      10.83           
      10.62           
      10.29           
      10.31           
      10.37           
      10.73           
      10.53           
      10.50           
      10.57           
      10.85           
      10.64           
      10.37           
      10.48           
      10.52           
      10.57           
      10.46           
      10.42           
      10.26           
      10.19           
      10.30           
      10.91           
      10.72           
      10.72           
      10.39           
      10.34           
      10.40           
      10.23           
      10.38           
      10.53           
      10.42           
      10.41           
      10.21           
      10.22           
      10.20           
      10.31           
      10.30           
      10.58           
      10.28           
      10.14           
      10.17           
      10.00           
      10.27           
      10.39           
      10.12           
      10.25           
      10.28           
      10.25           
      10.34           
      10.32           
      10.65           
      10.57           
      10.19           
      10.51           
      10.28           
      10.28           
      10.55           
      10.37           
      10.36           
      10.29           
      10.46           
      10.45           
      10.32           
      10.23           
      10.25           
      10.27           
      10.36           
      10.35           
      10.27           
      10.39           
      10.42           
      10.39           
      10.31           
      10.31           
      10.23           
      10.06           
       9.97           
      10.04           
      10.30           
      10.41           
      10.34           
      10.45           
      10.60           
      10.53           
      10.55           
      10.26           
      10.34           
      10.36           
      10.36           
      10.24           
      10.16           
      10.16           
      10.55           
      10.52           
      10.55           
      10.55           
      10.23           
      10.26           
      10.28           
      10.16           
       9.95           
      10.29           
      10.14           
      10.14           
      10.11           
      10.04           
      10.36           
      10.24           
      10.26           
      10.32           
      10.26           
      10.24           
      10.17           
      10.12           
      10.25           
      10.38           
      10.30           
      10.56           
      10.62           
      10.99           
      10.99           
      10.77           
      10.42           
      10.29           
      10.35           
      10.55           
      10.42           
      10.53           
      10.52           
      10.63           
      11.08           
      10.64           
      10.39           
      10.55           
      11.04           
      10.56           
      10.39           
      10.44           
      10.82           
      10.52           
      10.17           
      10.58           
      10.29           
      10.04           
      10.16           
      11.03           
      10.39           
      10.35           
      10.33           
      10.09           
      10.32           
      10.43           
      10.25           
      10.32           
      10.23           
      10.19           
      10.24           
      10.19           
      10.34           
      10.31           
      10.26           
      10.12           
      10.19           
      10.21           
      10.41           
      10.23           
      10.36           
      10.31           
      10.30           
      10.23           
      10.13           
      10.14           
      10.38           
      10.22           
      10.21           
      10.14           
      10.28           
      10.23           
      10.20           
      10.53           
      10.21           
      10.33           
      10.23           
       9.98           
      10.15           
      10.48           
      10.56           
      10.38           
      10.32           
      10.48           
      10.41           
      10.79           
      10.45           
      10.45           
      10.47           
      10.39           
      10.30           
      10.46           
      10.28           
      10.25           
      10.20           
      10.22           
      10.15           
      10.25           
      10.49           
      10.55           
      10.31           
      10.27           
      10.49           
      10.25           
      10.54           
      10.48           
      10.64           
      10.42           
      10.38           
      10.24           
      10.28           
      10.30           
      10.32           
      10.36           
      10.45           
      10.19           
      10.01           
      10.19           
      10.15           
      10.13           
      10.45           
      10.23           
      10.57           
      10.60           
      10.51           
      10.46           
      10.52           
      10.54           
      10.62           
      10.48           
      10.33           
      10.54           
      10.75           
      10.71           
      11.20           
      10.58           
      10.35           
      10.33           
      10.23           
      10.30           
      10.17           
      10.23           
      10.14           
      10.17           
      10.14           
      10.23           
      10.48           
      10.64           
      10.32           
      10.30           
      10.44           
      10.27           
      10.00           
      10.14           
      10.35           
      10.41           
      10.36           
      10.23           
      10.26           
      10.36           
      10.20           
      10.45           
      10.29           
      10.21           
      10.37           
      10.31           
      10.26           
      10.29           
      10.24           
      10.23           
      10.12           
      10.33           
      10.52           
      10.39           
      10.21           
      10.24           
      10.23           
      10.26           
      10.27           
      10.21           
      10.09           
      10.03           
      10.13           
       9.97           
      10.16           
      10.04           
      10.13           
      10.08           
      10.08           
      10.21           
      10.20           
      10.16           
      10.36           
      10.46           
      10.35           
      10.13           
       9.99           
      10.27           
      10.35           
      10.30           
      10.31           
      10.29           
      10.36           
      10.40           
      10.22           
      10.86           
      10.30           
      10.15           
      10.21           
      10.46           
      10.32           
      10.50           
      10.41           
      10.35           
      10.38           
      10.67           
      10.49           
      10.62           
      10.52           
      10.78           
      10.55           
      10.30           
      10.28           
      10.38           
      10.21           
      10.09           
      10.16           
      10.16           
      10.31           
      10.40           
      10.26           
      10.29           
      10.40           
      10.28           
      10.36           
      10.28           
      10.32           
      10.36           
      10.21           
      10.06           
      10.21           
      10.37           
      10.45           
      10.53           
      10.40           
      10.40           
      10.31           
      10.29           
      10.16           
      10.37           
      10.40           
      10.36           
      10.61           
      10.48           
      10.55           
      10.84           
      10.95           
      10.77           
      10.75           
      10.32           
      10.37           
      10.38           
      10.32           
      10.27           
      10.50           
      10.20           
      10.16           
      10.21           
      10.22           
      10.14           
      10.05           
      10.13           
      10.18           
      10.25           
      10.27           
      10.54           
      10.49           
      10.32           
      10.45           
      10.45           
      10.50           
      10.56           
      10.56           
      10.53           
      10.56           
      10.59           
      10.59           
      10.55           
      10.68           
      10.52           
      10.83           
      10.21           
      10.25           
      10.22           
      10.18           
      10.17           
      10.19           
      10.12           
      10.40           
      10.29           
      10.48           
      10.24           
      10.29           
      10.20           
      10.25           
      10.45           
      10.50           
      10.42           
      10.39           
      10.19           
      10.60           
      10.18           
      10.41           
      10.86           
      10.66           
      10.44           
       9.99           
      10.25           
      10.13           
      10.40           
      10.33           
      10.31           
      10.21           
      10.12           
      10.12           
      10.28           
      10.25           
      10.32           
      10.60           
      10.26           
      10.42           
      10.41           
      10.65           
      10.57           
      10.95           
      10.87           
      10.43           
      10.39           
      10.47           
      10.51           
      10.58           
      10.27           
      10.13           
      10.22           
      10.22           
      10.13           
      10.10           
      10.01           
      10.03           
       9.93           
      10.00           
      10.00           
      10.10           
      10.10           
      10.09           
      10.05           
       9.97           
      10.14           
      10.16           
      10.08           
      10.07           
      10.12           
      10.06           
      10.00           
       9.85           
      10.03           
      10.11           
      10.25           
      10.35           
      10.27           
      10.18           
      10.41           
      10.55           
      10.58           
      10.42           
      10.45           
      10.23           
      10.14           
      10.30           
      10.28           
      10.11           
      10.10           
      10.03           
      10.20           
      10.13           
      10.23           
      10.38           
      10.47           
      10.37           
      10.26           
      10.14           
      10.18           
      10.25           
      10.41           
      10.35           
      10.33           
      10.28           
      10.31           
      10.32           
      10.56           
      10.59           
      10.45           
      10.42           
      10.28           
      10.22           
      10.46           
      10.31           
      10.36           
      10.31           
      10.13           
      10.04           
      10.33           
      10.07           
      10.02           
       9.99           
       9.89           
       9.90           
       9.97           
      10.12           
      10.12           
      10.10           
      10.17           
      10.20           
      10.31           
      10.07           
      10.00           
      10.07           
      10.17           
       9.92           
      10.00           
      10.16           
      10.33           
      10.29           
      10.05           
      10.08           
      10.01           
      10.32           
      10.27           
      10.31           
      10.56           
      10.54           
      10.40           
      10.59           
      10.34           
      10.27           
      10.07           
      10.22           
      10.22           
      10.16           
      10.22           
      10.20           
      10.23           
      10.12           
      10.11           
      10.17           
       9.97           
      10.11           
      10.03           
       9.96           
      10.33           
      10.28           
      10.41           
      10.35           
      10.32           
      10.26           
      10.17           
      10.04           
      10.04           
      10.08           
      10.19           
      10.21           
      10.32           
      10.41           
      10.50           
      10.46           
      10.68           
      10.65           
      11.02           
      10.96           
      10.56           
      10.59           
      10.24           
      10.27           
      10.21           
      10.14           
      10.22           
      10.11           
      10.07           
      10.08           
      10.08           
      10.24           
      10.15           
      10.21           
      10.25           
      10.24           
      10.06           
      10.09           
      10.12           
      10.55           
      10.59           
      10.37           
      10.25           
      10.52           
      10.32           
      10.27           
      10.14           
      10.26           
      10.24           
      10.19           
      10.19           
      10.36           
      10.35           
      10.48           
      10.46           
      10.20           
      10.69           
      10.28           
      10.26           
      10.23           
      10.43           
      10.42           
      10.36           
      10.28           
      10.25           
      10.32           
      10.30           
      10.22           
      10.25           
      10.25           
      10.30           
      10.53           
      10.19           
      10.24           
      10.27           
      10.42           
      10.21           
      10.03           
      10.15           
      10.43           
      10.20           
      10.11           
      10.15           
      10.21           
      10.31           
      10.19           
      10.24           
      10.11           
      10.13           
      10.07           
      10.10           
       9.99           
      10.00           
      10.12           
      10.16           
      10.14           
      10.32           
      10.49           
      10.53           
      10.76           
      10.82           
      10.28           
      10.31           
      10.44           
      10.36           
      10.96           
      10.71           
      10.44           
      10.46           
      10.34           
      10.36           
      10.30           
      10.28           
      10.07           
      10.02           
      10.13           
      10.18           
      10.17           
      10.38           
      10.47           
      10.11           
      10.40           
      10.73           
      10.54           
      10.10           
      10.19           
      10.47           
      10.10           
      10.16           
       9.98           
      10.14           
      10.03           
      10.05           
       9.95           
      10.22           
       9.98           
       9.95           
       9.92           
       9.95           
       9.95           
      10.12           
      10.16           
      10.06           
      10.04           
      10.14           
      10.07           
      10.10           
      10.00           
      10.07           
      10.07           
      10.11           
      10.11           
      10.09           
      10.27           
      10.21           
      10.15           
      10.13           
      10.16           
      10.22           
      10.32           
      10.42           
      10.61           
      10.47           
      10.38           
      10.04           
      10.07           
      10.19           
      10.17           
      10.39           
      10.25           
      10.36           
      10.30           
      10.33           
      10.58           
      10.28           
      10.32           
      10.49           
      10.18           
      10.12           
      10.16           
      10.33           
      10.15           
       9.92           
      10.11           
      10.13           
      10.10           
       9.96           
      10.01           
       9.90           
       9.83           
       9.89           
      10.08           
      10.14           
      10.04           
      10.20           
      10.23           
      10.19           
      10.20           
      10.10           
      10.26           
      10.30           
      10.41           
      10.39           
      10.24           
      10.26           
      10.25           
      10.37           
      10.23           
      10.10           
      10.09           
      10.27           
      10.08           
      10.14           
      10.15           
      10.11           
      10.09           
      10.04           
      10.04           
      10.12           
      10.24           
      10.31           
      10.16           
      10.45           
      10.26           
      10.18           
      10.19           
      10.28           
      10.44           
      10.34           
      10.27           
      10.32           
      10.30           
      10.52           
      10.54           
      10.29           
      10.48           
      10.34           
      10.31           
      10.41           
      10.13           
      10.22           
      10.30           
      10.09           
      10.13           
      10.16           
      10.26           
      10.23           
      10.34           
      10.29           
      10.29           
      10.32           
      10.28           
      10.38           
      10.29           
      10.16           
      10.04           
       9.85           
      10.05           
      10.05           
       9.94           
      10.01           
      10.06           
      10.10           
      10.21           
      10.13           
      10.20           
      10.05           
      10.10           
       9.99           
      10.18           
      10.06           
      10.19           
      10.12           
      10.20           
      10.07           
      10.27           
      10.25           
      10.42           
      10.40           
      10.48           
      10.22           
      10.17           
      10.12           
      10.35           
      10.47           
      10.41           
      10.43           
      10.42           
      10.58           
      10.28           
      10.30           
      10.57           
      10.40           
      10.44           
      10.44           
      10.23           
      10.13           
      10.31           
      10.22           
      10.43           
      10.24           
      10.37           
      10.24           
      10.52           
      10.72           
      10.48           
      10.21           
      10.07           
      10.05           
      10.17           
      10.26           
      10.47           
      10.42           
      10.36           
       9.94           
      10.09           
      10.02           
       9.94           
      10.01           
      10.00           
      10.06           
       9.98           
       9.96           
      10.08           
      10.22           
      10.26           
      10.37           
      10.49           
      10.31           
      10.16           
      10.13           
      10.17           
      10.18           
      10.21           
       9.92           
      10.12           
       9.96           
       9.97           
      10.11           
      10.47           
      10.58           
      10.72           
      10.36           
      10.22           
      10.31           
      10.27           
      10.23           
      10.37           
      10.27           
      10.18           
      10.45           
      10.60           
      10.79           
      10.54           
      10.40           
      10.48           
      10.70           
      10.46           
      10.34           
      10.34           
      10.17           
      10.34           
      10.18           
      10.10           
      10.12           
      10.00           
       9.96           
       9.97           
      10.02           
       9.98           
      10.09           
      10.15           
       9.88           
       9.98           
       9.95           
       9.97           
       9.88           
      10.03           
       9.92           
      10.09           
      10.12           
      10.21           
       9.99           
      10.16           
      10.25           
      10.20           
      10.40           
      10.18           
      10.17           
      10.08           
      10.02           
      10.16           
      10.13           
      10.34           
      10.28           
      10.23           
      10.13           
      10.12           
      10.09           
      10.29           
      10.28           
      10.00           
      10.00           
      10.03           
      10.03           
       9.96           
      10.06           
      10.08           
       9.94           
       9.99           
      10.02           
       9.89           
      10.01           
      10.28           
      10.24           
      10.29           
      10.07           
      10.11           
      10.17           
      10.25           
      10.18           
      10.31           
      10.27           
      10.51           
      10.62           
      10.43           
      10.33           
      10.58           
      10.35           
      10.17           
      10.21           
      10.30           
      10.10           
      10.11           
      10.29           
      10.20           
      10.16           
      10.20           
      10.23           
      10.24           
      10.30           
      10.54           
      10.47           
      10.45           
      10.30           
      10.29           
      10.44           
      10.36           
      10.42           
      10.47           
      10.41           
      10.32           
       9.99           
      10.03           
      10.12           
      10.35           
      10.14           
      10.00           
      10.00           
      10.11           
      10.03           
      10.06           
      10.00           
      10.02           
      10.05           
      10.00           
      10.07           
       9.96           
       9.95           
       9.94           
      10.04           
      10.01           
      10.21           
      10.26           
      10.38           
      10.38           
      10.31           
      10.30           
      10.21           
      10.15           
      10.32           
      10.13           
      10.16           
      10.24           
      10.12           
      10.38           
      10.26           
      10.07           
      10.20           
      10.38           
      10.15           
      10.32           
      10.20           
      10.31           
      10.13           
      10.20           
      10.32           
      10.23           
       9.85           
      10.00           
       9.98           
       9.83           
       9.97           
      10.15           
      10.33           
      10.56           
      10.41           
      10.37           
      10.32           
      10.18           
      10.34           
      10.39           
      10.59           
      10.71           
      10.76           
      10.89           
      10.40           
      10.38           
      10.27           
      10.24           
      10.28           
      10.24           
      10.04           
      10.10           
      10.32           
      10.29           
      10.30           
      10.28           
      10.20           
      10.41           
      10.54           
      10.35           
      10.19           
      10.05           
      10.16           
      10.12           
      10.10           
      10.20           
      10.57           
      10.28           
      10.59           
      10.56           
      10.37           
      10.57           
      10.70           
      10.44           
      10.62           
      10.53           
      10.36           
      10.38           
       9.78           
      10.46           
      10.38           
      10.42           
      10.42           
      10.58           
      10.59           
      10.59           
      10.22           
      10.21           
      10.44           
      10.44           
      10.72           
      10.36           
      10.31           
      10.17           
      10.58           
      10.63           
      10.21           
      10.23           
      10.25           
      10.06           
       9.99           
      10.14           
      10.15           
      10.10           
      10.23           
      10.30           
      10.05           
      10.37           
      10.24           
      10.12           
      10.13           
      10.25           
      10.25           
      10.19           
      10.21           
      10.45           
      10.26           
      10.71           
      10.46           
      10.19           
      10.28           
      10.12           
      10.01           
      10.05           
       9.97           
      10.06           
      10.12           
       9.98           
      10.03           
      10.21           
      10.15           
      10.16           
      10.05           
      10.01           
      10.07           
       9.93           
       9.91           
      10.17           
      10.25           
      10.41           
      10.53           
      10.28           
      10.13           
      10.40           
      10.08           
      10.37           
      10.29           
      10.16           
      10.04           
      10.15           
      10.21           
      10.20           
      10.18           
      10.08           
      10.21           
      10.19           
      10.23           
      10.35           
      10.19           
      10.14           
      10.26           
      10.06           
      10.03           
      10.05           
      10.23           
      10.30           
      10.14           
      10.31           
      10.14           
       9.90           
      10.09           
      10.01           
       9.82           
       9.98           
      10.01           
       9.89           
       9.82           
       9.89           
       9.98           
       9.97           
       9.88           
       9.96           
      10.03           
       9.95           
      10.04           
      10.01           
       9.97           
       9.93           
       9.98           
      10.07           
      10.13           
      10.13           
      10.03           
      10.27           
      10.18           
      10.14           
      10.45           
      10.24           
      10.15           
      10.08           
      10.00           
      10.34           
      10.44           
      10.49           
      10.27           
      10.33           
      10.50           
      10.44           
      10.59           
      10.83           
      10.37           
       0.00           
       0.00           
      10.11           
      10.03           
      10.08           
      10.13           
      10.31           
      10.36           
      10.44           
      10.47           
      10.29           
      10.38           
      10.34           
      10.17           
      10.38           
      10.38           
      10.34           
      10.44           
      10.42           
      10.35           
      10.19           
      10.34           
      10.41           
      10.55           
      10.54           
      10.58           
      10.28           
      10.23           
      10.05           
      10.12           
      10.07           
       9.90           
      10.25           
      10.49           
      10.46           
      10.17           
      10.18           
      10.37           
      10.52           
      10.48           
     
     