177.00  0.00
174.00  0.00
159.00  0.00
163.00  0.00
177.00  0.00
162.00  0.00
163.00  0.00
175.00  0.00
161.00  0.00
163.00  0.07
175.00  0.00
161.00  0.00
163.00  0.00
175.00  0.00
161.00  0.00
161.00  0.00
174.00  0.00
161.00  0.00
163.00  0.00
175.00  0.00
160.00  0.00
164.00  0.00
176.00  0.00
161.00  0.00
163.00  0.00
174.00  0.00
160.00  0.00
163.00  0.00
175.00  0.00
160.00  0.00
162.00  0.00
174.00  0.00
160.00  0.00
162.00  0.00
174.00  0.00
159.00  0.00
162.00  0.00
175.00  0.00
160.00  0.00
162.00  0.00
175.00  0.00
161.00  0.00
162.00  0.00
174.00  0.00
159.00  0.00
162.00  0.00
174.00  0.00
159.00  0.00
162.00  0.00
174.00  0.00
159.00  0.00
162.00  0.00
175.00  0.00
161.00  0.00
163.00  0.00
175.00  0.00
161.00  0.00
163.00  0.00
175.00  0.00
161.00  0.00
163.00  0.00
175.00  0.00
180.00  0.00
182.00  0.00
176.00  0.00
162.00  0.00
163.00  0.00
175.00  0.00
160.00  0.00
162.00  0.00
175.00  0.00
160.00  0.00
162.00  0.00
174.00  0.25
159.00  0.00
162.00  0.00
174.00  0.00
159.00  0.00
162.00  0.00
175.00  0.00
160.00  0.00
162.00  0.00
174.00  0.00
160.00  0.00
163.00  0.00
175.00  0.00
160.00  0.00
161.00  0.00
173.00  0.00
160.00  0.00
162.00  0.00
175.00  0.00
161.00  0.00
163.00  0.00
176.00  0.00
162.00  0.00
163.00  0.00
175.00  0.00
161.00  0.00
163.00  0.00
175.00  0.00
161.00  0.00
163.00  0.00
89.00  0.00
72.00  0.00
145.00  0.00
161.00  0.00
161.00  0.00
145.00  0.00
161.00  0.00
161.00  0.00
145.00  0.00
162.00  0.00
163.00  0.00
146.00  0.00
163.00  0.00
163.00  0.00
146.00  0.00
162.00  0.00
162.00  0.00