136.00  0.00
127.00  0.00
127.00  0.00
126.00  0.00
126.00  0.00
126.00  0.00
126.00  0.00
126.00  0.00
126.00  0.00
126.00  0.00
126.00  0.00
126.00  0.00
125.00  0.00
125.00  0.00
125.00  0.00
126.00  0.00
127.00  0.00
126.00  0.00
126.00  0.00
127.00  0.00
127.00  0.00
126.00  0.00
126.00  0.00
126.00  0.00
126.00  0.00
126.00  0.00
126.00  0.00
125.00  0.00
125.00  0.00
126.00  0.00
127.00  0.00
127.00  0.00
127.00  0.00
127.00  0.00
127.00  0.00
127.00  0.00
126.00  0.00
126.00  0.00
126.00  0.00
126.00  0.00
127.00  0.00
126.00  0.00
126.00  0.00
126.00  0.00
126.00  0.00
126.00  0.00
126.00  0.00
126.00  0.00
126.00  0.00
126.00  0.00
126.00  0.00
126.00  0.00
126.00  0.00
127.00  0.00
127.00  0.00
127.00  0.00
127.00  0.00
127.00  0.00
127.00  0.00
126.00  0.00
126.00  0.00
126.00  0.00
127.00  0.00
126.00  0.00
147.00  0.00
147.00  0.00
125.00  0.00
126.00  0.00
127.00  0.00
127.00  0.00
127.00  0.00
127.00  0.00
127.00  0.00
127.00  0.00
126.00  0.00
126.00  0.00
126.00  0.25
126.00  0.00
126.00  0.00
125.00  0.00
125.00  0.00
125.00  0.00
125.00  0.00
125.00  0.00
125.00  0.00
125.00  0.00
124.00  0.00
123.00  0.00
123.00  0.00
123.00  0.00
123.00  0.00
123.00  0.00
124.00  0.00
124.00  0.00
124.00  0.00
124.00  0.00
123.00  0.00
124.00  0.00
123.00  0.00
123.00  0.00
123.00  0.00
123.00  0.00
123.00  0.00
122.00  0.00
111.00  0.00
100.00  0.01
102.00  0.00
102.00  0.00
102.00  0.00
102.00  0.00
102.00  0.00
103.00  0.00
103.00  0.00
104.00  0.00
104.00  0.00
104.00  0.00
105.00  0.00
105.00  0.00
105.00  0.00
104.00  0.00