149.00  0.00
151.00  0.00
148.00  0.00
135.00  0.00
125.00  0.00
125.00  0.00
136.00  0.00
150.00  0.00
149.00  0.00
136.00  0.00
125.00  0.00
125.00  0.00
138.00  0.00
150.00  0.00
147.00  0.00
133.00  0.00
122.00  0.00
122.00  0.00
135.00  0.00
148.00  0.00
145.00  0.00
143.00  0.00
154.00  0.00
153.00  0.00
141.00  0.00
141.00  0.00
142.00  0.00
143.00  0.00
132.00  0.00
122.00  0.00
121.00  0.00
133.00  0.00
147.00  0.00
148.00  0.00
147.00  0.00
133.00  0.00
122.00  0.00
122.00  0.00
134.00  0.00
148.00  0.00
146.00  0.00
133.00  0.00
123.00  0.00
123.00  0.00
136.00  0.00
149.00  0.00
148.00  0.00
134.00  0.00
123.00  0.00
123.00  0.00
136.00  0.00
151.00  0.00
148.00  0.00
133.00  0.00
122.00  0.00
122.00  0.00
134.00  0.00
148.00  0.00
148.00  0.00
145.00  0.00
132.00  0.00
122.00  0.00
122.00  0.00
134.00  0.00
147.00  0.00
145.00  0.00
132.00  0.00
123.00  0.00
123.00  0.00
135.00  0.00
148.00  0.00
147.00  0.00
133.00  0.00
123.00  0.00
123.00  0.00
136.00  0.00
150.00  0.00
148.00  0.00
134.00  0.00
123.00  0.00
123.00  0.00
135.00  0.00
148.00  0.00
147.00  0.00
133.00  0.00
123.00  0.00
123.00  0.00
136.00  0.00
150.00  0.00
148.00  0.00
134.00  0.00
124.00  0.00
124.00  0.00
137.00  0.00
151.00  0.00
149.00  0.00
135.00  0.00
124.00  0.00
123.00  0.00
135.00  0.00
149.00  0.00
147.00  0.00
133.00  0.00
123.00  0.00
123.00  0.00
135.00  0.00
148.00  0.00
147.00  0.00
134.00  0.00
124.00  0.00
124.00  0.00
135.00  0.00
150.00  0.00
148.00  0.00
133.00  0.00
123.00  0.00
123.00  0.00
136.00  0.00
150.00  0.00
147.00  0.00