90.00  0.00
62.00  0.00
57.00  0.00
57.00  0.00
62.00  0.00
62.00  0.00
57.00  0.00
57.00  0.00
62.00  0.00
62.00  0.00
57.00  0.00
57.00  0.00
57.00  0.00
57.00  0.00
57.00  0.00
58.00  0.00
63.00  0.00
63.00  0.00
59.00  0.00
59.00  0.00
58.00  0.00
58.00  0.00
63.00  0.00
63.00  0.00
63.00  0.00
63.00  0.00
64.00  0.00
65.00  0.00
65.00  0.00
65.00  0.00
60.00  0.00
60.00  0.00
60.00  0.00
60.00  0.00
60.00  0.00
60.00  0.00
65.00  0.00
65.00  0.00
58.00  0.00
58.00  0.00
58.00  0.00
58.00  0.00
62.00  0.00
62.00  0.00
57.00  0.00
57.00  0.00
57.00  0.00
56.00  0.46
56.00  0.00
56.00  0.00
57.00  0.00
56.00  0.00
56.00  0.00
56.00  0.00
61.00  0.00
61.00  0.00
56.00  0.00
55.00  0.00
59.00  0.00
58.00  0.00
58.00  0.00
58.00  0.00
54.00  0.00
55.00  0.00
59.00  0.00
59.00  0.00
55.00  0.00
56.00  0.00
61.00  0.00
61.00  0.00
61.00  0.00
62.00  0.00
62.00  0.00
61.00  0.00
56.00  0.00
56.00  0.00
61.00  0.00
61.00  0.00
56.00  0.00
57.00  0.00
57.00  0.00
57.00  0.00
61.00  0.00
61.00  0.00
61.00  0.00
61.00  0.00
61.00  0.00
61.00  0.00
61.00  0.00
61.00  0.00
62.00  0.00
61.00  0.00
56.00  0.00
56.00  0.00
60.00  0.00
59.00  0.00
59.00  0.00
59.00  0.00
58.00  0.00
59.00  0.00
55.00  0.00
55.00  0.00
61.00  0.00
61.00  0.00
57.00  0.00
57.00  0.00
62.00  0.00
61.00  0.00
60.00  0.00
60.00  0.00
61.00  0.00
62.00  0.00
64.00  0.00
64.00  0.00
65.00  0.00
65.00  0.00
65.00  0.00
65.00  0.00
65.00  0.00
65.00  0.00