       1.92           
       1.89           
       1.85           
       1.82           
       1.92           
       2.02           
       2.05           
       2.08           
       1.94           
       1.93           
       2.01           
       1.95           
       1.92           
       1.92           
       1.97           
       1.87           
       0.81           
       0.92           
       2.01           
       1.87           
       1.98           
       1.92           
       1.87           
       1.82           
       2.03           
       1.92           
       1.86           
       2.17           
       2.11           
       2.15           
       2.14           
       2.08           
       2.18           
       2.16           
       2.08           
       2.06           
       2.10           
       2.08           
       2.00           
       2.03           
       2.00           
       1.99           
       2.12           
       2.12           
       2.23           
       2.16           
       2.15           
       2.08           
       2.11           
       2.06           
       2.05           
       2.10           
       2.00           
       2.09           
       1.98           
       1.92           
       1.98           
       0.96           
       0.89           
       1.86           
       2.00           
       2.32           
       2.20           
       2.22           
       2.11           
       2.06           
       1.99           
       0.97           
       2.00           
       1.96           
       2.08           
       2.11           
       2.16           
       2.17           
       2.06           
       1.99           
       1.89           
       1.88           
       1.97           
       1.97           
       2.00           
       2.09           
       1.88           
       1.99           
       1.99           
       2.04           
       2.04           
       1.96           
       1.93           
       2.03           
       2.11           
       2.04           
       1.97           
       2.06           
       1.90           
       1.95           
       1.05           
       1.92           
       2.05           
       2.05           
       1.98           
       2.11           
       1.98           
       1.97           
       1.94           
       1.93           
       1.98           
       1.98           
       1.99           
       1.98           
       2.02           
       1.97           
       1.99           
       2.00           
       1.94           
       1.99           
       2.06           
       2.09           
       2.23           
       2.12           
       2.13           
       2.18           
       2.04           
       1.98           
       1.96           
       1.99           
       2.02           
       1.90           
       1.92           
       1.91           
       2.07           
       2.07           
       2.14           
       1.97           
       2.13           
       1.93           
       1.83           
       1.96           
       2.06           
       2.17           
       1.99           
       2.03           
       2.29           
       1.90           
       1.94           
       2.01           
       1.91           
       1.88           
       1.95           
       1.96           
       2.03           
       2.14           
       2.03           
       2.06           
       1.91           
       1.82           
       2.02           
       1.83           
       1.96           
       1.96           
       2.00           
       1.95           
       2.07           
       2.01           
       1.94           
       1.87           
       1.96           
       1.89           
       1.95           
       1.85           
       1.93           
       1.91           
       2.05           
       2.08           
       1.96           
       1.98           
       2.01           
       2.05           
       2.00           
       1.94           
       2.01           
       2.02           
       2.05           
       2.01           
       2.01           
       2.09           
       1.96           
       1.95           
       1.94           
       1.92           
       1.93           
       1.96           
       1.93           
       2.10           
       2.00           
       2.05           
       1.99           
       2.06           
       2.11           
       2.09           
       1.98           
       2.06           
       1.98           
       1.95           
       1.94           
       2.06           
       1.96           
       1.92           
       2.09           
       1.95           
       2.05           
       2.04           
       1.98           
       1.95           
       1.93           
       2.16           
       2.18           
       2.03           
       2.10           
       2.11           
       2.12           
       2.11           
       1.96           
       1.98           
       1.90           
       2.01           
       2.06           
       2.02           
       1.91           
       1.85           
       1.82           
       1.89           
       2.11           
       2.14           
       2.09           
       2.15           
       2.12           
       2.20           
       2.21           
       2.05           
       2.01           
       1.97           
       1.97           
       1.99           
       1.97           
       2.03           
       2.00           
       1.89           
       1.90           
       1.97           
       2.03           
       1.94           
       2.00           
       2.00           
       2.12           
       2.06           
       2.04           
       1.92           
       2.14           
       2.08           
       2.03           
       1.98           
       1.95           
       1.93           
       1.98           
       2.12           
       2.05           
       2.00           
       2.09           
       2.07           
       1.91           
       1.94           
       1.95           
       1.97           
       2.01           
       2.12           
       2.06           
       2.09           
       2.09           
       2.01           
       1.95           
       2.02           
       2.11           
       2.05           
       2.03           
       1.94           
       2.00           
       1.97           
       1.97           
       1.99           
       1.98           
       2.15           
       2.07           
       1.93           
       1.98           
       2.03           
       2.08           
       1.97           
       1.95           
       2.11           
       2.04           
       2.07           
       2.06           
       2.02           
       1.95           
       2.14           
       1.99           
       2.06           
       2.02           
       2.10           
       1.99           
       1.89           
       2.10           
       1.99           
       1.92           
       2.10           
       2.12           
       2.07           
       2.02           
       2.20           
       2.00           
       1.98           
       2.12           
       2.05           
       2.16           
       2.22           
       2.08           
       2.08           
       2.10           
       2.02           
       2.05           
       2.00           
       1.99           
       1.95           
       1.96           
       1.98           
       1.98           
       1.98           
       1.84           
       2.05           
       1.95           
       1.93           
       1.90           
       1.91           
       1.89           
       2.01           
       1.96           
       1.99           
       1.99           
       2.01           
       2.12           
       2.22           
       2.17           
       1.98           
       2.12           
       1.96           
       1.89           
       1.99           
       2.13           
       2.05           
       2.03           
       1.99           
       2.02           
       2.11           
       2.15           
       2.12           
       2.27           
       2.15           
       2.09           
       2.13           
       2.25           
       2.04           
       2.19           
       2.06           
       1.93           
       2.10           
       2.03           
       2.07           
       1.93           
       1.99           
       1.92           
       2.09           
       1.82           
       1.88           
       2.09           
       2.05           
       1.92           
       1.98           
       2.06           
       2.00           
       2.07           
       2.11           
       2.13           
       2.18           
       2.03           
       1.93           
       2.01           
       1.90           
       2.18           
       2.18           
       2.18           
       2.16           
       2.15           
       2.13           
       2.18           
       2.03           
       2.16           
       2.08           
       2.17           
       2.17           
       2.04           
       2.05           
       2.11           
       2.13           
       2.06           
       2.15           
       2.15           
       2.20           
       2.15           
       2.16           
       2.28           
       2.15           
       2.06           
       2.01           
       2.17           
       2.15           
       2.09           
       2.22           
       2.26           
       2.16           
       2.06           
       2.05           
       2.05           
       2.19           
       2.08           
       2.02           
       2.18           
       1.97           
       2.09           
       2.09           
       2.01           
       2.02           
       2.02           
       2.06           
       2.11           
       2.11           
       2.12           
       2.07           
       2.17           
       2.19           
       2.18           
       2.20           
       2.12           
       2.18           
       2.02           
       2.07           
       2.07           
       2.11           
       2.13           
       2.22           
       2.23           
       2.18           
       2.01           
       2.12           
       2.01           
       2.05           
       2.09           
       1.97           
       2.28           
       2.16           
       2.20           
       2.31           
       2.12           
       2.16           
       2.18           
       2.31           
       2.30           
       2.21           
       2.11           
       2.08           
       2.06           
       2.04           
       2.08           
       2.06           
       1.99           
       1.97           
       1.97           
       1.95           
       1.96           
       1.94           
       1.83           
       1.99           
       1.99           
       2.03           
       2.12           
       2.08           
       1.97           
       1.95           
       2.17           
       2.04           
       2.04           
       1.98           
       2.07           
       2.04           
       2.12           
       2.03           
       2.06           
       2.08           
       2.06           
       2.00           
       1.93           
       1.96           
       2.03           
       1.98           
       2.01           
       2.10           
       2.04           
       2.10           
       2.03           
       2.06           
       1.99           
       1.90           
       1.93           
       1.95           
       1.93           
       1.91           
       1.92           
       2.03           
       2.12           
       2.04           
       2.13           
       2.05           
       2.05           
       2.18           
       2.12           
       2.08           
       2.13           
       1.95           
       1.97           
       1.94           
       1.99           
       1.92           
       1.97           
       2.02           
       1.99           
       2.14           
       2.07           
       2.09           
       2.06           
       2.10           
       2.05           
       2.08           
       2.08           
       2.01           
       2.03           
       2.00           
       1.93           
       2.08           
       1.92           
       1.97           
       2.00           
       1.97           
       2.12           
       2.08           
       2.19           
       2.04           
       2.13           
       2.18           
       2.36           
       2.26           
       2.08           
       2.28           
       2.17           
       2.18           
       2.21           
       2.14           
       2.19           
       2.18           
       2.14           
       1.95           
       2.03           
       2.05           
       2.02           
       2.08           
       2.21           
       2.16           
       2.15           
       2.20           
       2.28           
       2.15           
       2.14           
       2.16           
       1.92           
       1.92           
       2.05           
       2.06           
       2.04           
       2.06           
       1.88           
       2.00           
       2.03           
       2.13           
       2.08           
       2.03           
       2.11           
       2.12           
       2.17           
       2.25           
       2.11           
       2.15           
       2.23           
       1.97           
       2.11           
       1.97           
       1.92           
       1.04           
       0.96           
       1.89           
       1.90           
       2.17           
       2.03           
       2.10           
       2.10           
       2.15           
       1.95           
       2.07           
       1.91           
       2.13           
       2.14           
       2.16           
       2.01           
       2.29           
       2.12           
       2.07           
       2.03           
       2.05           
       2.19           
       1.83           
       1.99           
       2.26           
       2.24           
       2.12           
       2.15           
       2.07           
       2.05           
       1.96           
       0.87           
       1.94           
       0.86           
       1.88           
       1.83           
       2.09           
       2.01           
       1.95           
       2.00           
       1.98           
       1.89           
       2.02           
       1.95           
       2.04           
       2.20           
       2.20           
       2.09           
       2.26           
       2.08           
       2.06           
       2.05           
       2.05           
       2.06           
       2.16           
       2.12           
       2.06           
       1.97           
       2.04           
       2.07           
       2.08           
       2.16           
       2.19           
       2.05           
       2.03           
       1.98           
       2.13           
       1.97           
       1.99           
       2.02           
       2.02           
       2.14           
       2.18           
       2.02           
       2.10           
       2.11           
       2.22           
       2.23           
       2.16           
       2.19           
       2.18           
       2.22           
       2.01           
       2.25           
       2.31           
       2.24           
       2.04           
       2.26           
       2.09           
       2.18           
       2.29           
       2.25           
       2.22           
       2.12           
       2.05           
       1.99           
       2.19           
       2.23           
       2.12           
       2.26           
       2.39           
       2.18           
       2.10           
       2.05           
       2.00           
       2.01           
       1.99           
       2.02           
       2.05           
       2.14           
       2.28           
       2.03           
       1.98           
       1.99           
       1.89           
       1.92           
       2.08           
       2.03           
       2.04           
       2.23           
       2.19           
       2.18           
       2.03           
       2.17           
       2.10           
       2.04           
       2.11           
       2.06           
       2.05           
       2.03           
       1.99           
       1.95           
       1.98           
       2.02           
       2.00           
       2.08           
       1.97           
       2.06           
       2.03           
       2.16           
       2.17           
       2.30           
       2.15           
       2.22           
       2.23           
       1.04           
       2.04           
       2.13           
       2.05           
       2.05           
       2.09           
       2.19           
       2.17           
       2.14           
       2.11           
       2.06           
       2.07           
       2.14           
       2.04           
       2.12           
       2.05           
       2.01           
       2.22           
       2.06           
       2.13           
       2.08           
       2.17           
       2.08           
       2.08           
       2.14           
       2.06           
       2.18           
       2.16           
       2.11           
       2.18           
       2.09           
       2.07           
       2.05           
       2.11           
       2.21           
       2.04           
       1.92           
       1.89           
       2.06           
       2.08           
       2.21           
       2.14           
       2.16           
       2.21           
       2.03           
       2.13           
       2.15           
       1.98           
       2.00           
       1.99           
       1.97           
       2.06           
       2.22           
       1.94           
       2.16           
       2.08           
       2.12           
       2.15           
       2.11           
       2.08           
       2.14           
       2.20           
       2.25           
       2.34           
       2.28           
       2.24           
       2.37           
       2.36           
       2.49           
       2.39           
       2.24           
       2.12           
       2.14           
       2.25           
       2.32           
       2.47           
       2.13           
       2.43           
       2.20           
       2.17           
       2.18           
       2.13           
       2.07           
       2.17           
       1.99           
       2.18           
       2.17           
       1.95           
       1.82           
       1.82           
       1.88           
       1.95           
       2.01           
       2.12           
       2.03           
       2.07           
       2.06           
       2.08           
       2.16           
       2.17           
       2.11           
       2.03           
       2.02           
       2.19           
       2.18           
       2.23           
       2.09           
       2.09           
       2.02           
       2.16           
       2.19           
       2.19           
       2.09           
       2.18           
       2.18           
       2.24           
       2.19           
       2.20           
       2.22           
       2.24           
       2.15           
       2.16           
       2.08           
       2.15           
       1.92           
       2.06           
       2.10           
       1.95           
       2.00           
       1.99           
       2.09           
       2.04           
       2.10           
       2.09           
       2.01           
       1.99           
       1.97           
       1.93           
       1.91           
       1.87           
       1.94           
       1.95           
       1.99           
       2.08           
       2.32           
       2.20           
       1.81           
       1.88           
       2.05           
       2.04           
       2.16           
       2.22           
       2.27           
       2.20           
       2.12           
       2.14           
       2.17           
       2.17           
       2.26           
       2.21           
       2.18           
       1.95           
       1.99           
       2.02           
       2.02           
       2.12           
       1.93           
       2.04           
       2.19           
       2.24           
       2.25           
       2.25           
       2.13           
       2.07           
       2.09           
       2.16           
       2.20           
       2.02           
       2.03           
       2.11           
       2.03           
       1.98           
       2.05           
       1.97           
       1.93           
       2.06           
       1.85           
       0.93           
       1.00           
       1.94           
       1.96           
       0.49           
       1.83           
       0.54           
       0.50           
       0.77           
       1.96           
       1.93           
       0.84           
       1.84           
       1.98           
       2.02           
       2.04           
       1.92           
       1.91           
       1.82           
       1.93           
       1.95           
       2.02           
       1.98           
       2.07           
       1.94           
       1.87           
       1.91           
       1.93           
       2.03           
       1.95           
       1.98           
       1.93           
       1.87           
       1.89           
       1.04           
       1.94           
       2.09           
       0.91           
       1.92           
       2.01           
       1.97           
       0.97           
       1.91           
       2.04           
       2.06           
       2.03           
       2.17           
       2.04           
       1.99           
       2.00           
       1.96           
       1.97           
       2.00           
       1.92           
       1.89           
       1.83           
       1.98           
       2.11           
       2.07           
       2.20           
       2.09           
       2.06           
       2.01           
       2.12           
       2.16           
       2.24           
       2.19           
       2.25           
       2.17           
       2.30           
       2.19           
       2.20           
       0.99           
       0.84           
       2.08           
       2.24           
       2.17           
       2.17           
       2.13           
       2.12           
       2.17           
       1.99           
       2.02           
       1.92           
       1.98           
       2.02           
       1.93           
       2.03           
       2.02           
       2.11           
       2.05           
       1.97           
       2.00           
       2.08           
       2.12           
       2.04           
       2.15           
       2.17           
       2.03           
       2.05           
       2.08           
       2.06           
       2.03           
       1.97           
       2.12           
       2.09           
       2.15           
       2.04           
       1.99           
       2.09           
       1.91           
       1.83           
       1.02           
       1.91           
       1.88           
       1.84           
       1.82           
       2.13           
       2.00           
       1.94           
       1.91           
       1.90           
       1.87           
       2.00           
       2.00           
       2.09           
       2.12           
       2.06           
       2.13           
       2.40           
       2.19           
       1.89           
       2.15           
       1.91           
       2.08           
       1.91           
       1.99           
       2.03           
       1.99           
       2.16           
       2.14           
       2.12           
       2.14           
       2.19           
       2.10           
       2.05           
       1.98           
       1.97           
       1.99           
       2.10           
       2.11           
       1.99           
       2.09           
       2.05           
       2.13           
       2.10           
       2.16           
       2.07           
       2.10           
       2.01           
       2.00           
       2.06           
       2.02           
       2.03           
       2.18           
       2.11           
       2.13           
       2.16           
       2.18           
       2.09           
       2.07           
       2.08           
       2.16           
       2.22           
       2.10           
       2.05           
       2.15           
       2.08           
       2.08           
       2.07           
       2.04           
       2.08           
       2.04           
       1.94           
       2.09           
       2.04           
       1.99           
       1.98           
       2.04           
       1.96           
       1.95           
       2.11           
       2.08           
       1.99           
       2.09           
       1.96           
       2.07           
       2.06           
       2.10           
       2.08           
       2.01           
       2.10           
       2.14           
       1.96           
       2.10           
       2.13           
       2.08           
       2.09           
       2.13           
       2.08           
       2.08           
       1.98           
       1.93           
       2.10           
       2.16           
       2.15           
       2.12           
       2.08           
       2.05           
       2.15           
       2.02           
       2.13           
       2.16           
       2.10           
       2.21           
       2.06           
       2.10           
       2.08           
       1.84           
       1.84           
       1.85           
       2.33           
       2.25           
       2.19           
       2.09           
       2.18           
       2.22           
       2.47           
       2.17           
       2.13           
       2.11           
       2.04           
       1.81           
       2.11           
       2.03           
       2.15           
       2.23           
       2.11           
       2.06           
       2.10           
       1.95           
       1.97           
       2.03           
       2.04           
       1.99           
       2.00           
       2.02           
       1.86           
       2.16           
       2.08           
       2.13           
       2.08           
       1.99           
       2.02           
       2.15           
       2.19           
       2.20           
       2.12           
       2.01           
       2.13           
       1.96           
       2.04           
       2.03           
       2.05           
       2.07           
       2.08           
       1.94           
       2.16           
       2.12           
       1.94           
       1.99           
       1.97           
       2.00           
       2.15           
       2.04           
       2.01           
       2.05           
       2.13           
       2.04           
       2.05           
       2.11           
       2.05           
       2.07           
       1.91           
       1.91           
       1.91           
       2.07           
       1.99           
       2.06           
       1.96           
       1.92           
       2.05           
       2.04           
       1.96           
       1.87           
       2.05           
       2.05           
       2.05           
       2.14           
       2.05           
       2.05           
       1.97           
       2.01           
       2.12           
       2.14           
       2.06           
       2.10           
       1.96           
       2.11           
       2.10           
       2.11           
       2.07           
       2.07           
       2.21           
       2.08           
       2.09           
       2.16           
       2.13           
       2.24           
       2.33           
       2.19           
       2.21           
       2.19           
       2.16           
       2.17           
       2.12           
       2.14           
       2.12           
       2.13           
       2.06           
       2.12           
       2.05           
       2.12           
       2.03           
       2.16           
       2.10           
       2.05           
       2.03           
       2.01           
       1.96           
       2.31           
       2.19           
       2.16           
       2.21           
       2.10           
       2.26           
       2.12           
       2.06           
       2.22           
       2.25           
       2.18           
       2.13           
       2.09           
       2.12           
       2.26           
       2.11           
       2.06           
       2.14           
       2.16           
       2.12           
       2.25           
       2.26           
       2.17           
       2.10           
       2.13           
       2.20           
       2.12           
       2.05           
       2.02           
       2.07           
       2.08           
       2.11           
       2.09           
       1.99           
       2.16           
       2.16           
       2.25           
       2.24           
       2.09           
       2.08           
       2.13           
       2.14           
       2.20           
       2.05           
       2.12           
       2.08           
       1.96           
       2.06           
       2.01           
       1.98           
       2.03           
       2.11           
       1.97           
       2.06           
       2.01           
       1.88           
       1.94           
       2.03           
       2.18           
       2.14           
       2.04           
       1.93           
       2.00           
       2.04           
       1.85           
       1.99           
       2.03           
       1.99           
       2.07           
       2.03           
       2.11           
       2.07           
       2.07           
       2.10           
       2.09           
       2.11           
       2.00           
       2.08           
       1.99           
       2.14           
       2.06           
       2.05           
       2.02           
       2.00           
       2.08           
       2.12           
       2.33           
       2.19           
       2.30           
       2.15           
       2.22           
       2.34           
       2.14           
       2.13           
       2.13           
       2.19           
       2.23           
       2.14           
       2.14           
       2.13           
       2.20           
       2.24           
       2.19           
       2.37           
       2.34           
       2.26           
       2.41           
       2.42           
       2.26           
       2.10           
       2.21           
       2.17           
       2.03           
       2.04           
       2.14           
       2.22           
       2.18           
       2.25           
       2.15           
       2.25           
       2.20           
       2.11           
       2.11           
       2.15           
       2.19           
       2.27           
       2.16           
       2.08           
       2.05           
       2.08           
       2.22           
       2.05           
       2.10           
       2.14           
       2.25           
       2.22           
       2.14           
       2.09           
       2.09           
       2.04           
       2.09           
       2.05           
       2.19           
       2.12           
       2.15           
       2.26           
       2.20           
       2.14           
       2.11           
       2.13           
       2.16           
       2.11           
       2.10           
       2.24           
       2.08           
       2.10           
       2.01           
       2.08           
       2.11           
       2.15           
       2.17           
       2.04           
       2.11           
       1.99           
       2.21           
       2.30           
       2.45           
       2.37           
       2.32           
       2.09           
       2.18           
       2.02           
       1.98           
       1.98           
       2.16           
       2.09           
       2.16           
       1.95           
       2.18           
       2.18           
       2.14           
       2.12           
       2.19           
       2.08           
       2.20           
       2.16           
       2.18           
       2.07           
       2.15           
       2.14           
       2.15           
       2.11           
       2.21           
       2.27           
       2.22           
       2.15           
       2.12           
       2.13           
       2.01           
       2.15           
       2.15           
       1.94           
       2.11           
       2.23           
       2.15           
       2.19           
       2.10           
       2.16           
       2.13           
       2.18           
       2.09           
       2.02           
       2.11           
       2.13           
       2.21           
       2.11           
       2.12           
       2.10           
       2.13           
       2.16           
       2.11           
       2.25           
       2.07           
       2.15           
       2.13           
       2.14           
       1.94           
       2.06           
       2.22           
       2.25           
       2.19           
       2.10           
       2.17           
       2.17           
       2.21           
       2.17           
       2.04           
       2.18           
       2.08           
       2.23           
       2.22           
       2.25           
       2.22           
       2.23           
       2.31           
       2.30           
       2.38           
       2.30           
       2.10           
       2.05           
       2.17           
       2.14           
       2.25           
       2.15           
       1.99           
       2.18           
       2.15           
       2.15           
       2.25           
       2.15           
       2.14           
       2.14           
       2.10           
       2.16           
       2.12           
       2.20           
       2.12           
       2.19           
       2.25           
       2.20           
       2.24           
       2.36           
       2.20           
       2.24           
       2.18           
       2.12           
       2.11           
       2.10           
       2.06           
       2.01           
       2.04           
       2.07           
       2.08           
       2.16           
       2.07           
       2.10           
       2.19           
       2.15           
       2.12           
       2.13           
       2.21           
       2.16           
       2.22           
       2.21           
       2.23           
       2.27           
       2.30           
       2.24           
       2.29           
       2.17           
       2.26           
       2.10           
       2.09           
       2.12           
       2.03           
       2.11           
       2.14           
       2.04           
       2.08           
       2.05           
       2.17           
       2.11           
       2.07           
       2.03           
       2.07           
       2.08           
       2.18           
       2.13           
       2.09           
       2.03           
       2.21           
       2.06           
       2.13           
       2.21           
       2.18           
       2.08           
       2.19           
       2.23           
       2.20           
       2.21           
       2.05           
       2.12           
       2.14           
       2.07           
       1.94           
       2.06           
       2.18           
       2.14           
       2.07           
       2.12           
       2.03           
       2.15           
       1.95           
       2.16           
       2.21           
       2.25           
       2.16           
       2.01           
       1.98           
       2.09           
       2.09           
       2.12           
       2.05           
       1.93           
       1.83           
       1.90           
       1.91           
